53.250000 4.271013 -6.503258 -0.523101 0.055576 0.032560 0.607604 0.791624
53.450000 4.227752 -6.217963 -0.536422 0.067597 0.093575 0.503678 0.856144
53.650000 4.260455 -5.932573 -0.520954 0.111020 0.009103 0.358183 0.926982
53.800000 4.343445 -5.677388 -0.517028 0.127772 -0.085145 0.208196 0.965960
54.050000 4.362680 -5.556913 -0.512564 -0.095790 0.049437 0.129279 0.985732
54.250000 4.360234 -5.398267 -0.481500 -0.020224 0.188577 0.085956 0.978080
54.400000 4.509194 -5.135933 -0.428336 0.069050 0.059578 0.106449 0.990127
54.850000 4.968984 -4.666888 -0.273729 -0.110692 0.078578 0.226112 0.964596
55.000000 5.157273 -4.372530 -0.234375 -0.006150 -0.013301 0.322049 0.946610
55.200000 5.341539 -4.024129 -0.182264 0.027973 -0.130404 0.413248 0.900799
55.400000 5.425530 -3.720122 -0.145766 0.112834 0.046310 0.499399 0.857744
55.800000 5.720783 -3.233995 -0.154722 -0.105084 -0.007327 0.622953 0.775134
56.000000 5.869858 -2.910462 -0.150130 0.000502 -0.091498 0.671251 0.735561
56.450000 5.910075 -2.282446 -0.201135 0.072025 0.043885 0.716385 0.692589
56.800000 6.033894 -1.722538 -0.259860 0.024962 -0.022148 0.700494 0.712877
57.250000 6.089986 -1.116107 -0.273617 0.015068 -0.004691 0.692513 0.721233
57.600000 6.063778 -0.507066 -0.246399 -0.009517 -0.054037 0.710436 0.701620
58.000000 5.917911 0.119383 -0.257926 0.011984 -0.035815 0.690235 0.722599
58.450000 5.564765 0.704729 -0.210975 0.023300 0.004363 0.615166 0.788041
58.800000 5.229601 1.330937 -0.135001 0.056955 -0.110667 0.581952 0.803642
59.250000 4.613647 1.679225 0.021653 0.028715 0.032462 0.621749 0.782016
59.650000 4.059234 2.011296 0.196014 0.032311 -0.022634 0.713476 0.699568
60.050000 3.449974 2.309718 0.295306 0.044815 -0.003081 0.761611 0.646476
60.450000 2.833996 2.529312 0.293105 0.151913 0.061899 0.705781 0.689176
60.850000 2.603479 2.735054 0.398506 -0.029636 0.047823 0.678284 0.732642
61.250000 2.521335 3.183396 0.495258 0.064602 -0.014385 0.713044 0.697989
61.600000 2.459982 3.520575 0.607877 -0.001855 0.079400 0.762133 0.642530
62.050000 2.546865 4.114366 0.634309 0.095769 -0.052831 0.725427 0.679553
62.450000 2.679525 4.500058 0.512099 0.046287 0.003786 0.568853 0.821127
62.650000 2.800548 4.645011 0.422869 0.048766 0.016742 0.423515 0.904421
62.850000 2.914257 4.792015 0.321056 0.058181 0.045224 0.261628 0.962352
63.050000 3.021730 4.921094 0.224027 0.079219 0.082594 0.080811 0.990137
63.250000 3.177977 5.017146 0.096447 0.046498 0.034960 -0.098579 0.993427
63.400000 3.366484 5.113217 -0.092830 0.001456 -0.086231 -0.266475 0.959976
63.650000 3.486421 5.241284 -0.215570 -0.072083 0.052908 -0.386922 0.917767
63.800000 3.630649 5.404921 -0.250414 0.052010 0.054638 -0.489414 0.868783
64.000000 3.846991 5.527668 -0.173612 0.341706 -0.115004 -0.503675 0.785062
64.200000 3.859921 5.482710 -0.113732 0.105070 -0.081090 -0.573537 0.808356
64.400000 3.679139 5.352572 -0.166766 -0.145736 0.053198 -0.570893 0.806233
64.800000 3.610130 5.366479 -0.213193 0.121261 0.055660 -0.585077 0.799926
65.050000 3.703687 5.366484 -0.240632 0.052995 -0.066463 -0.592289 0.801229
65.250000 3.703724 5.337844 -0.263069 -0.049607 -0.026626 -0.588799 0.806317
65.600000 3.642164 5.403101 -0.259672 0.053776 0.060200 -0.587060 0.805509
66.050000 3.674707 5.353481 -0.219927 -0.016629 -0.014034 -0.587514 0.808922
