0.800000 -0.000378 -0.000435 -0.000133 0.000026 -0.000047 -0.000075 1.000000
6.400000 -0.035986 0.032488 0.026155 -0.158093 -0.172466 0.028056 0.971841
6.650000 -0.194390 0.202212 0.001790 0.032057 0.036755 0.015994 0.998682
6.850000 -0.382652 0.379067 -0.008188 0.214631 0.235986 0.045822 0.946649
7.000000 -0.389892 0.396479 -0.070156 -0.310388 -0.319569 0.027573 0.894860
7.250000 -0.521138 0.528442 -0.105381 -0.010014 -0.211519 0.080443 0.974006
7.450000 -0.998006 0.828515 -0.161610 0.206439 0.148439 0.048703 0.965907
7.850000 -1.568838 0.854203 0.111329 0.000407 0.107102 -0.018889 0.994068
8.050000 -1.640456 0.778960 0.227927 0.022081 -0.034582 -0.044444 0.998169
8.400000 -1.875905 0.650686 0.394202 0.051271 0.114853 -0.070090 0.989579
8.650000 -1.941610 0.492793 0.430955 -0.069668 -0.013814 -0.067908 0.995160
9.200000 -2.094256 0.392758 0.479097 -0.006840 0.034941 0.042241 0.998473
9.650000 -2.111308 0.488894 0.493945 -0.058388 0.015310 0.230755 0.971138
9.850000 -2.112042 0.608552 0.513044 -0.005176 0.013462 0.353264 0.935412
10.050000 -2.122369 0.754345 0.512988 -0.038354 0.036486 0.484546 0.873163
10.250000 -2.161882 0.941681 0.502717 -0.052449 0.037690 0.605398 0.793298
10.450000 -2.205643 1.194271 0.492589 -0.049075 0.025817 0.713234 0.698729
10.650000 -2.249123 1.485417 0.462708 -0.021518 0.011635 0.801515 0.597474
10.850000 -2.298908 1.799151 0.433830 0.005999 -0.009595 0.868038 0.496368
11.050000 -2.339460 2.106547 0.408525 -0.006537 -0.007583 0.913555 0.406591
11.450000 -2.461358 2.644845 0.393673 0.008240 0.001837 0.966037 0.258267
11.850000 -2.635888 3.289838 0.356503 -0.034854 -0.008503 0.988103 0.149552
12.200000 -2.887199 3.911897 0.168770 0.107056 -0.111830 0.986646 0.050618
12.650000 -2.892627 4.171001 0.017269 -0.009491 0.020303 0.999547 -0.020088
13.250000 -2.982910 4.779749 0.029299 0.129202 0.006802 0.991591 0.002911
13.450000 -2.980414 5.056751 0.004352 0.076852 -0.109751 0.990159 0.040408
13.600000 -2.915669 5.229670 -0.049025 -0.112370 -0.129959 0.981379 0.085902
14.050000 -3.097673 5.270678 -0.044375 0.060011 0.001454 0.995770 0.069565
14.250000 -3.261005 5.313094 -0.033318 0.187099 0.013845 0.980668 0.055614
14.600000 -3.177944 5.479916 0.075324 0.022355 -0.048175 0.992074 0.113882
15.050000 -2.959216 5.386606 0.293152 0.066748 0.017693 0.934860 0.348237
15.200000 -2.832654 5.333851 0.412532 0.091135 0.052831 0.861463 0.496774
15.450000 -2.679480 5.340933 0.522464 0.057166 0.045748 0.761478 0.644042
15.650000 -2.470615 5.353860 0.639562 0.028969 0.031772 0.621271 0.782415
15.850000 -2.249450 5.377006 0.731473 0.014033 0.028700 0.452441 0.891222
16.050000 -1.958429 5.311513 0.791569 -0.009679 0.055319 0.280656 0.958164
16.250000 -1.634934 5.269627 0.831777 0.003939 0.021382 0.128209 0.991509
16.450000 -1.279254 5.299008 0.840809 0.037540 -0.003173 -0.008059 0.999258
16.650000 -0.932653 5.335729 0.832297 0.021624 0.012791 -0.119247 0.992547
17.050000 -0.320051 5.341305 0.775681 -0.013078 0.024983 -0.259966 0.965206
17.450000 0.254851 5.360819 0.643441 0.022261 0.019697 -0.298028 0.954094
17.800000 0.834431 5.345182 0.375142 -0.027287 -0.008255 -0.263915 0.964125
18.250000 1.394299 5.422049 0.007345 -0.024745 -0.078103 -0.204297 0.975474
18.450000 1.577851 5.497701 -0.212916 -0.019360 0.028309 -0.194362 0.980330
18.850000 1.962997 5.730253 -0.424147 0.149578 -0.142701 -0.258734 0.943567
19.200000 1.959612 5.760107 -0.626499 -0.042918 0.154568 -0.322722 0.932801
19.400000 1.853462 5.711324 -0.621575 -0.162264 0.531793 -0.257380 0.790331
19.650000 2.129194 5.672569 -0.751929 -0.194835 0.451554 -0.014958 0.870583
19.800000 3.138317 5.787764 -0.963060 -0.305969 0.011189 0.367712 0.878092
20.000000 4.058371 6.232847 -1.039886 -0.261933 -0.195740 0.656744 0.679532
20.250000 5.254012 7.166165 -0.994426 -0.160847 -0.328512 0.821043 0.438288
20.450000 5.782677 7.821289 -0.879886 -0.136345 -0.358053 0.791862 0.475566
20.650000 5.972860 8.200342 -0.765142 -0.046329 -0.388929 0.680582 0.619190
20.850000 5.814579 8.307895 -0.685114 0.079428 -0.388301 0.449636 0.800463
21.050000 5.298663 8.185606 -0.642222 0.174437 -0.342610 0.206554 0.899736
21.250000 4.597681 7.862260 -0.742193 -0.113839 0.049809 -0.025797 0.991914
21.400000 3.770592 7.475399 -1.054842 -0.295073 0.167432 -0.215163 0.915753
21.600000 3.161021 7.195280 -1.083592 -0.348544 0.147126 -0.263830 0.887280
22.000000 2.466566 7.135080 -1.326389 -0.109514 -0.102648 -0.265384 0.952387
22.200000 2.251570 7.360724 -1.432426 0.132060 -0.239834 -0.258241 0.926473
22.650000 1.274003 7.679031 -1.521635 -0.113172 -0.018747 -0.296224 0.948205
22.850000 0.699424 7.864484 -1.585606 -0.074674 -0.093337 -0.300801 0.946166
23.000000 0.157222 8.113767 -1.650689 0.072556 -0.133442 -0.311014 0.938189
23.200000 -0.487574 8.330362 -1.702947 0.043614 -0.082592 -0.343313 0.934566
23.400000 -1.183631 8.463963 -1.781913 0.007529 -0.058960 -0.375527 0.924904
23.600000 -1.894668 8.583517 -1.897806 0.031067 -0.031878 -0.406287 0.912661
23.850000 -2.627282 8.695118 -2.022225 0.047220 -0.008256 -0.438813 0.897299
