0.800000 -0.000378 -0.000435 -0.000133 0.000026 -0.000047 -0.000075 1.000000
6.400000 -0.031022 0.026194 0.022675 -0.183264 -0.190130 0.030804 0.964010
6.650000 -0.195886 0.204992 -0.013869 0.036355 0.031068 0.014361 0.998753
7.050000 -0.507425 0.505947 -0.099343 -0.024183 -0.145841 -0.005088 0.988999
7.400000 -1.031784 0.798836 -0.042360 0.090779 0.126778 -0.048345 0.986585
7.650000 -1.244233 0.898034 0.027776 0.064213 -0.079243 -0.098607 0.989886
8.050000 -1.750237 0.960514 0.266670 0.000507 0.142370 -0.179994 0.973310
8.200000 -2.014627 1.005010 0.438142 -0.127938 -0.107686 -0.196181 0.966203
8.650000 -2.563128 1.308536 0.786734 0.091652 0.248971 -0.207459 0.941581
8.800000 -2.812627 1.481308 0.992836 0.245389 0.256400 -0.141920 0.924068
9.250000 -2.691503 1.141549 1.109991 0.000784 -0.001150 -0.114383 0.993436
9.450000 -2.501375 0.773404 1.003353 -0.213333 -0.194190 -0.057063 0.955784
9.650000 -2.466189 0.555052 0.909620 -0.106356 0.031803 -0.036119 0.993163
9.850000 -2.485261 0.595453 0.826888 0.014463 0.049372 0.040960 0.997835
10.250000 -2.400444 0.702498 0.632635 -0.128392 -0.026207 0.218385 0.967025
10.450000 -2.397168 0.790937 0.550064 -0.018480 -0.007137 0.326570 0.944965
10.650000 -2.393559 0.898842 0.471510 -0.010997 -0.006815 0.433514 0.901054
10.850000 -2.397598 1.027683 0.410347 -0.060798 0.029002 0.528719 0.846120
11.250000 -2.433513 1.507858 0.337136 -0.006130 -0.017765 0.677024 0.735721
11.650000 -2.458114 2.135346 0.323926 0.000440 -0.003530 0.794201 0.607645
12.050000 -2.444156 2.703162 0.423202 -0.025556 -0.028216 0.893046 0.448352
12.450000 -2.577684 3.308723 0.490101 -0.050629 -0.039217 0.948364 0.310650
12.650000 -2.744732 3.609661 0.420493 0.053029 -0.046904 0.973708 0.216519
13.000000 -2.920092 4.065680 0.248025 0.076810 -0.012667 0.990238 0.115625
13.450000 -2.835325 4.449644 0.164842 -0.058791 0.001486 0.981154 0.184058
13.600000 -2.839412 4.738611 0.154921 0.016303 -0.120614 0.971523 0.203297
14.250000 -2.933570 5.022247 0.035254 -0.093312 0.011004 0.990032 0.104918
14.800000 -3.347135 5.275431 0.180894 0.001660 -0.045305 0.997859 0.047130
15.400000 -4.051564 5.233449 0.400597 0.074940 -0.009753 0.996806 0.025813
16.050000 -4.498034 5.319826 0.528924 0.009635 -0.010250 0.989864 -0.141323
16.400000 -4.556838 5.356051 0.616128 0.061562 -0.039464 0.934960 -0.347135
16.650000 -4.563360 5.381075 0.658191 0.074892 -0.050162 0.884731 -0.457304
16.800000 -4.509321 5.402650 0.687132 -0.041759 0.042713 -0.828718 0.556470
17.200000 -4.230824 5.456224 0.709967 0.003192 0.048562 -0.716588 0.695796
17.600000 -3.837902 5.381915 0.698823 0.030582 0.037631 -0.640360 0.766543
18.200000 -3.200246 5.119078 0.647896 0.078519 -0.004614 -0.659896 0.747229
18.650000 -2.983851 4.785394 0.647902 0.064010 -0.003770 -0.748182 0.660388
19.050000 -2.931788 4.352320 0.628710 0.026911 -0.027192 -0.847994 0.528623
19.450000 -2.975049 3.984691 0.578216 -0.049388 0.034629 0.916798 -0.394770
20.050000 -3.400872 3.549218 0.431731 -0.022935 0.029916 0.950374 -0.308818
20.600000 -4.077971 3.318201 0.258210 0.001901 -0.064397 0.878526 -0.473331
20.800000 -4.308073 3.195084 0.199504 -0.029856 0.077273 -0.822325 0.562956
21.000000 -4.498573 3.045882 0.139774 -0.042633 0.067724 -0.754773 0.651086
21.250000 -4.633340 2.878679 0.091314 0.016048 0.096036 -0.678782 0.727856
21.400000 -4.724820 2.670487 0.067300 0.043950 0.086722 -0.603796 0.791187
21.800000 -4.843613 2.098918 0.022859 -0.043248 0.023406 -0.522145 0.851438
22.200000 -4.866788 1.540212 -0.020666 0.040562 0.039368 -0.571147 0.818900
22.600000 -4.828506 0.915231 -0.018822 -0.029847 -0.000833 -0.673723 0.738381
23.050000 -4.814061 0.324307 -0.007784 0.012035 0.010055 -0.743937 0.668066
23.450000 -4.835826 -0.301061 0.008046 -0.013267 0.016944 -0.771986 0.635276
23.800000 -4.836190 -0.872245 0.033671 0.011412 0.016763 -0.783895 0.620562
24.200000 -4.848847 -1.445370 0.019971 0.024147 -0.010783 -0.846096 0.532374
24.400000 -4.879625 -1.721351 -0.009572 -0.061166 0.012042 0.906099 -0.418448
24.650000 -4.978331 -1.969142 -0.027456 -0.056186 -0.006102 0.962718 -0.264536
24.800000 -5.135161 -2.290585 -0.046956 -0.021025 -0.002426 0.995652 -0.090712
25.000000 -5.296621 -2.594549 -0.033858 -0.015843 -0.001707 0.995362 0.094868
25.200000 -5.459988 -2.835690 -0.028170 -0.009310 -0.043004 0.961468 0.271373
25.400000 -5.662529 -3.093599 -0.043024 -0.004854 -0.022213 0.912575 0.408277
25.800000 -6.190258 -3.687921 0.049004 0.040570 0.077210 0.839064 0.536996
26.400000 -6.582864 -4.093159 0.371924 0.046517 0.024757 0.781647 0.621491
27.050000 -6.784756 -4.143024 0.520547 0.097711 -0.042269 0.676071 0.729104
27.450000 -6.691016 -4.129541 0.518023 0.113376 0.047483 0.515936 0.847762
27.650000 -6.561230 -4.268993 0.446252 0.017714 0.068168 0.394807 0.916060
27.850000 -6.372787 -4.395794 0.364314 0.062000 -0.060425 0.236506 0.967765
28.050000 -6.203722 -4.550882 0.278140 0.136698 0.032905 0.068934 0.987663
28.200000 -6.025308 -4.763695 0.219433 0.028943 0.100209 -0.107757 0.988690
28.400000 -5.782831 -5.031163 0.151543 0.028367 0.002679 -0.289370 0.956793
28.650000 -5.483456 -5.275350 0.091684 0.080863 -0.063717 -0.431303 0.896314
28.850000 -5.195205 -5.547259 0.099935 0.038629 -0.172121 -0.554137 0.813520
29.000000 -5.073410 -5.783859 0.114024 -0.101689 -0.009874 -0.618537 0.779085
29.450000 -4.959572 -5.980912 0.163744 0.109897 0.007144 -0.632897 0.766364
29.650000 -4.902744 -6.126808 0.162295 0.070096 -0.131730 -0.610927 0.777497
29.800000 -4.952577 -6.250156 0.110060 -0.067152 -0.030725 -0.584278 0.808187
31.400000 -5.069207 -5.581874 0.041457 -0.042626 -0.008221 -0.471108 0.881007
31.850000 -5.006849 -5.022113 0.064273 0.114640 0.136281 -0.337234 0.924423
32.250000 -4.711919 -4.706794 0.034082 0.002441 -0.015460 -0.178744 0.983771
32.600000 -4.350967 -4.600200 -0.026361 0.119758 0.108907 -0.049146 0.985587
33.050000 -3.846928 -4.604681 -0.071443 0.012864 -0.004028 0.015342 0.999791
33.400000 -3.230664 -4.721768 -0.120733 0.053083 0.023922 0.032830 0.997764
33.850000 -2.619978 -4.915416 -0.142234 -0.012019 0.001059 0.017783 0.999769
34.200000 -2.041052 -4.985439 -0.134384 0.018070 0.019396 -0.001496 0.999647
34.650000 -1.451705 -5.034172 -0.137466 -0.020854 0.012354 -0.009760 0.999659
35.000000 -0.840161 -5.016562 -0.197709 0.022631 0.005270 -0.007767 0.999700
35.400000 -0.247712 -5.019962 -0.236150 -0.030704 0.009371 -0.043594 0.998533
35.850000 0.301726 -4.928179 -0.250191 0.131456 0.011986 -0.187834 0.973290
36.000000 0.584974 -4.936309 -0.258320 0.077811 -0.081764 -0.306858 0.945039
36.200000 0.808676 -5.004487 -0.259165 0.030474 -0.098963 -0.431718 0.896045
36.400000 0.956270 -5.037318 -0.255764 0.024537 -0.022436 -0.556569 0.830136
36.650000 1.051222 -5.029162 -0.244905 0.070179 0.031622 -0.680038 0.729125
36.800000 1.083797 -5.036839 -0.240949 0.103712 -0.004968 -0.780719 0.616195
37.200000 0.991186 -5.165848 -0.251531 0.053147 0.018989 -0.842336 0.535989
38.000000 0.655018 -5.766482 -0.435421 -0.008652 0.055919 -0.826822 0.559610
38.400000 0.619133 -6.257214 -0.422483 -0.003210 0.001830 0.887229 -0.461315
38.800000 0.568443 -6.688620 -0.349332 -0.004550 0.003430 0.956292 -0.292357
39.050000 0.525922 -6.864846 -0.277047 0.054983 -0.018167 0.986955 -0.150220
39.200000 0.506118 -7.018990 -0.186391 0.009415 0.005955 0.999912 0.007146
39.400000 0.532811 -7.159226 -0.064167 -0.065710 -0.021964 0.986714 0.146950
39.600000 0.485007 -7.293892 0.041120 0.034939 -0.042533 0.967318 0.247522
39.800000 0.424047 -7.437416 0.126288 0.086660 0.054859 0.950192 0.294307
40.400000 0.637873 -7.406510 0.315418 0.033006 -0.057777 0.914411 0.399281
40.800000 0.916552 -7.266514 0.207068 0.098788 0.041847 0.862412 0.494707
41.050000 1.136427 -7.253736 0.135019 0.031044 0.031236 0.805907 0.590402
41.250000 1.409614 -7.162786 0.058219 0.026451 -0.033095 0.709802 0.703126
41.400000 1.685381 -7.035515 -0.008992 0.071417 -0.046372 0.578853 0.810974
41.650000 1.963316 -6.974171 -0.086040 0.064036 -0.004347 0.423913 0.903426
41.850000 2.245455 -6.985417 -0.155652 0.033719 -0.009641 0.254636 0.966401
42.050000 2.527966 -6.978036 -0.195304 0.050671 -0.012952 0.101959 0.993413
42.200000 2.810731 -6.911934 -0.190322 0.069707 0.011023 -0.021251 0.997280
42.600000 3.413666 -6.819114 -0.117032 0.053486 -0.068705 -0.158530 0.983508
43.250000 3.936593 -6.910844 0.064167 0.046597 0.001185 -0.091174 0.994743
43.400000 4.048365 -6.920041 0.128067 0.048587 -0.130324 -0.065240 0.988129
43.800000 4.005999 -6.941891 0.194239 -0.088913 0.062717 -0.113246 0.987591
44.200000 4.047562 -6.746351 0.205762 0.039884 -0.023118 -0.242538 0.969046
44.850000 4.083253 -6.228416 0.179569 0.004357 -0.000203 -0.185468 0.982641
45.250000 4.102651 -5.645819 0.153328 0.017380 0.000978 -0.015471 0.999729
45.600000 4.136133 -5.105905 0.161582 0.087866 0.075436 0.144166 0.982754
46.050000 4.462216 -4.644763 0.173617 0.028649 -0.020202 0.200083 0.979152
46.450000 4.757710 -4.225908 0.113489 0.027086 -0.046397 0.226988 0.972415
46.800000 4.982290 -3.782523 0.034354 0.027318 -0.058251 0.249260 0.966297
47.450000 5.193101 -3.166011 -0.089987 0.043461 -0.053404 0.297339 0.952286
47.650000 5.213048 -2.989717 -0.106290 0.046661 -0.049410 0.404888 0.911837
47.850000 5.182331 -2.814018 -0.112053 0.033399 -0.043610 0.546765 0.835483
48.050000 5.133520 -2.632871 -0.121059 0.016043 -0.053249 0.694756 0.717093
48.250000 5.085090 -2.453968 -0.125515 -0.000019 -0.056324 0.823677 0.564255
48.450000 5.067549 -2.315515 -0.128756 -0.013357 -0.039501 0.913541 0.404604
48.650000 4.983716 -2.199096 -0.113690 -0.024618 -0.011589 0.976548 0.213572
48.850000 4.858920 -2.067933 -0.060614 -0.034290 0.074099 0.995658 0.044702
49.250000 4.462441 -1.547749 0.099367 0.014467 -0.008663 0.998931 -0.043052
49.650000 4.140835 -0.868431 0.223639 0.067519 -0.015610 0.975932 0.206770
49.850000 4.073218 -0.572026 0.251412 0.088683 0.015207 0.920750 0.379635
50.050000 4.056053 -0.330308 0.250747 0.017859 0.007639 0.840506 0.541454
50.200000 4.064740 -0.063618 0.237468 -0.029066 -0.025380 0.747872 0.662720
50.450000 4.097154 0.247641 0.234768 -0.004712 -0.036182 0.658928 0.751321
50.800000 4.114267 0.893424 0.188336 0.018328 0.015667 0.577228 0.816227
51.050000 4.138912 1.210013 0.145882 -0.079235 -0.113746 0.587328 0.797389
51.450000 3.966103 1.838028 0.032223 0.038533 -0.067064 0.684183 0.725197
51.800000 3.654517 2.280457 0.082594 -0.035336 -0.075309 0.742447 0.664720
52.200000 3.227650 2.604897 0.185785 0.006601 -0.094043 0.767357 0.634252
52.650000 2.576596 2.687406 0.360248 -0.010280 -0.023060 0.828626 0.559232
53.000000 1.995262 2.719751 0.510095 -0.056204 0.080868 0.883534 0.457896
53.400000 1.360676 3.122626 0.714265 0.024973 0.027922 0.886971 0.460304
53.800000 0.825646 3.593030 0.888265 0.048624 0.055810 0.799329 0.596317
54.000000 0.620416 3.830644 0.954363 0.028612 0.035652 0.732186 0.679568
54.200000 0.451525 4.086336 0.980459 0.034438 -0.000939 0.646290 0.762314
54.450000 0.291800 4.412003 0.968396 0.058054 0.010038 0.525663 0.848650
54.650000 0.197815 4.652360 0.919944 0.063583 0.057443 0.424235 0.901489
54.850000 0.161982 4.862878 0.848654 0.044559 0.030645 0.319270 0.946120
55.050000 0.176837 5.064731 0.737551 0.057875 -0.005386 0.219709 0.973832
55.450000 0.263921 5.384740 0.459922 0.053380 0.043297 0.065336 0.995493
55.850000 0.481399 5.580581 0.271821 0.075029 -0.018332 -0.051591 0.995677
56.450000 1.052684 5.562115 0.151849 0.037010 -0.016232 -0.185076 0.981893
56.800000 1.713996 5.422627 0.135580 0.033940 -0.017465 -0.236620 0.970852
57.250000 2.203300 5.248344 0.140299 0.037819 -0.088086 -0.321944 0.941893
57.800000 2.497776 4.983100 0.237852 0.042526 -0.092306 -0.480460 0.871108
58.200000 2.500598 4.852261 0.368414 0.023916 -0.033826 -0.627941 0.777158
58.400000 2.445125 4.820153 0.446128 0.051011 -0.037760 -0.702435 0.708912
58.600000 2.336794 4.792635 0.526086 0.061033 -0.049550 -0.773158 0.629322
58.850000 2.171160 4.753312 0.601903 0.046767 -0.039710 -0.838914 0.540795
59.000000 1.961590 4.727631 0.666699 -0.038624 0.017135 0.891317 -0.451407
59.400000 1.473587 4.716869 0.775179 -0.057354 -0.030349 0.955943 -0.286290
59.800000 0.891608 4.631357 0.846379 -0.013827 -0.056123 0.981574 -0.182133
60.250000 0.263489 4.394476 0.848253 -0.015201 -0.031424 0.986446 -0.160328
60.650000 -0.366356 4.097827 0.815081 -0.014880 -0.032370 0.984133 -0.173819
61.050000 -1.019481 3.748615 0.747858 -0.009376 -0.023838 0.983794 -0.177461
61.450000 -1.674480 3.371740 0.670510 -0.001705 0.065093 0.988387 -0.137300
61.850000 -2.280129 3.288498 0.647452 -0.006904 0.018651 0.996788 -0.077579
62.250000 -2.894927 3.298524 0.640881 -0.010656 0.026029 0.998768 -0.040879
62.600000 -3.415393 3.356195 0.662297 -0.012835 0.001796 0.998436 -0.054388
63.000000 -4.041198 3.497422 0.698796 -0.040270 -0.046156 0.988761 -0.136382
63.400000 -4.817780 3.563485 0.727658 -0.015609 -0.042091 0.959376 -0.278538
63.850000 -5.449907 3.475300 0.687408 -0.006686 -0.060599 0.908279 -0.413900
64.250000 -5.960342 3.245595 0.567663 -0.004378 0.070964 -0.843429 0.532515
64.600000 -6.342576 2.898037 0.420788 0.023156 0.051249 -0.779384 0.624017
65.050000 -6.614771 2.417859 0.362441 0.002991 0.047239 -0.726713 0.685309
65.450000 -6.712570 1.845119 0.408494 0.015960 0.021110 -0.700749 0.712917
65.800000 -6.708610 1.225649 0.502089 0.016655 0.011674 -0.707762 0.706158
66.250000 -6.680058 0.583384 0.612667 0.017140 0.002051 -0.741471 0.670762
66.650000 -6.660859 -0.103257 0.675620 0.016641 -0.009884 -0.796437 0.604411
67.050000 -6.660975 -0.745358 0.680340 -0.022764 0.021965 0.866945 -0.497400
67.450000 -6.711458 -1.374839 0.611709 -0.036721 0.033882 0.936871 -0.346086
67.800000 -6.866722 -1.817024 0.464888 -0.036782 0.047567 0.987655 -0.144644
68.050000 -6.982801 -1.997381 0.379604 -0.040974 0.042144 0.997829 -0.029713
68.200000 -7.117457 -2.142497 0.305118 -0.039215 0.029077 0.994601 0.091569
68.450000 -7.273054 -2.230169 0.228645 -0.034015 0.024490 0.977535 0.206562
68.650000 -7.449730 -2.260180 0.145815 -0.029949 0.025260 0.948525 0.314269
68.800000 -7.661454 -2.282598 0.060746 -0.025203 0.026685 0.909884 0.413237
69.050000 -7.866142 -2.269021 0.073920 0.271405 0.088450 0.835428 0.469654
69.250000 -7.885690 -2.263816 0.197604 0.172327 -0.018997 0.843201 0.508877
69.400000 -7.690927 -2.328297 0.286301 -0.109710 -0.036876 0.855284 0.505068
69.850000 -7.550327 -2.299325 0.376803 0.022879 -0.090434 0.861523 0.499075
70.000000 -7.690600 -2.301159 0.362022 0.119853 0.022252 0.857790 0.499337
70.250000 -6.394392 -2.383754 0.237898 0.008975 0.053474 0.867989 0.493615
70.450000 -6.333149 -2.399224 0.220954 -0.079828 -0.013654 0.864878 0.495406
70.850000 -6.296215 -2.327371 0.183124 0.044680 -0.032003 0.867414 0.494543
