0.800000 -0.000378 -0.000435 -0.000133 0.000026 -0.000047 -0.000075 1.000000
6.400000 -0.035986 0.032488 0.026155 -0.158093 -0.172466 0.028056 0.971841
6.650000 -0.194048 0.203221 -0.000995 0.013025 0.029094 0.013180 0.999405
7.200000 -0.572908 0.739633 -0.037008 0.087399 -0.146821 -0.016531 0.985156
7.450000 -0.807586 0.916921 0.006379 0.129629 -0.008063 -0.030951 0.991047
7.650000 -1.105169 0.977033 -0.008267 -0.008600 0.063356 -0.062347 0.996004
7.850000 -1.321370 1.010527 0.074213 0.011571 -0.081730 -0.091222 0.992404
8.250000 -1.851248 1.093358 0.319905 0.054031 0.124870 -0.141633 0.980524
8.650000 -2.206378 0.934179 0.557388 0.000035 0.026121 -0.197822 0.979890
9.400000 -2.399952 0.385646 0.762281 -0.028770 0.043928 -0.247136 0.967557
10.050000 -2.158420 -0.158167 0.749460 -0.055424 -0.072150 -0.187890 0.977967
10.450000 -1.995832 -0.267122 0.704075 -0.036724 0.004912 0.030171 0.998858
10.650000 -1.908640 -0.264940 0.670927 -0.040085 -0.004563 0.172400 0.984200
10.850000 -1.789750 -0.242847 0.619704 -0.080097 -0.017855 0.323462 0.942676
11.050000 -1.707875 -0.173716 0.569640 -0.054070 -0.012978 0.466238 0.882910
11.250000 -1.689188 -0.046752 0.521226 -0.045085 0.001705 0.586684 0.808558
11.450000 -1.706268 0.129030 0.468403 -0.047641 0.027085 0.680255 0.730924
11.650000 -1.725883 0.346187 0.433002 -0.060255 0.023993 0.750791 0.657348
12.050000 -1.813504 0.870595 0.376323 -0.025744 -0.007400 0.829505 0.557857
12.400000 -1.991636 1.455805 0.381864 -0.010668 0.000429 0.861641 0.507405
12.850000 -2.197585 2.091348 0.455653 -0.000659 -0.006388 0.890664 0.454618
13.200000 -2.409836 2.680368 0.474836 -0.013695 0.005738 0.933252 0.358914
13.650000 -2.657809 3.289529 0.410245 -0.005415 -0.012668 0.985081 0.171539
13.850000 -2.801047 3.602930 0.304316 0.092718 -0.023147 0.993362 0.064025
14.200000 -2.891334 4.141611 0.134561 0.033642 -0.070739 0.995753 -0.048374
14.650000 -2.840849 4.381290 0.062819 -0.078732 0.036918 0.995713 -0.031520
15.200000 -3.134290 4.843884 0.129101 0.059699 -0.070374 0.994495 0.049624
15.600000 -3.359146 5.049055 0.133927 -0.091076 0.046407 0.994209 -0.033175
16.000000 -3.679052 5.303719 0.297718 0.131299 -0.030943 0.980193 -0.144998
16.400000 -3.839076 5.499045 0.539062 0.067761 -0.083584 0.963870 -0.243675
16.800000 -3.710094 5.546568 0.721527 -0.009934 -0.049124 0.923975 -0.379154
17.200000 -3.580484 5.406700 0.779154 -0.037095 0.083701 -0.847740 0.522450
17.650000 -3.219280 5.139212 0.774522 0.063660 0.028320 -0.789660 0.609576
18.050000 -2.870592 4.653543 0.735942 -0.035016 -0.000828 -0.777004 0.628521
18.450000 -2.516315 4.226219 0.683153 0.064253 -0.072314 -0.817491 0.567759
18.850000 -2.370138 3.892789 0.691500 -0.008116 0.066535 0.893044 -0.444949
19.250000 -2.417088 3.721951 0.694305 -0.051137 0.030105 0.947767 -0.313394
20.000000 -2.957218 3.600177 0.613193 -0.035969 -0.010594 0.973016 -0.227669
20.450000 -3.527789 3.548357 0.524503 -0.019264 -0.027628 0.948238 -0.315770
20.850000 -4.040551 3.349905 0.452503 0.018813 -0.033234 0.891094 -0.452209
21.200000 -4.468250 3.085905 0.383085 -0.019474 0.101035 -0.792984 0.600490
21.600000 -4.706287 2.656990 0.288586 0.008504 0.046487 -0.685381 0.726649
22.000000 -4.838674 2.065951 0.164621 -0.030179 0.036285 -0.632367 0.773230
22.400000 -4.874030 1.478776 0.050133 -0.013555 0.010016 -0.649721 0.759986
22.800000 -4.855459 0.920916 -0.016115 -0.096651 -0.059693 -0.618320 0.777674
23.400000 -4.817257 0.547194 0.054390 -0.052296 -0.034969 -0.503975 0.861424
23.850000 -4.811656 0.502432 0.175468 -0.027731 -0.004417 -0.398969 0.916534
24.000000 -4.828434 0.564092 0.228402 0.111162 0.075104 -0.356994 0.924423
24.400000 -4.836392 0.454089 0.319813 -0.000232 -0.004643 -0.410196 0.911985
24.800000 -4.856749 0.175920 0.401898 0.050742 0.064850 -0.550311 0.830890
25.000000 -4.833351 -0.020089 0.481307 -0.119171 -0.082750 -0.604213 0.783504
25.400000 -4.815121 -0.089603 0.634441 -0.042290 0.030326 -0.692619 0.719424
26.000000 -4.794169 0.049317 0.855557 -0.115354 -0.088518 -0.659110 0.737856
26.200000 -4.819589 0.183042 0.893634 -0.064149 0.010848 -0.608452 0.790919
26.400000 -4.802361 0.381057 0.895353 0.026117 0.007905 -0.525066 0.850624
26.850000 -4.800298 0.786369 0.839660 0.025987 0.098792 -0.381881 0.918549
27.200000 -4.642044 1.110038 0.816417 -0.033581 -0.071807 -0.349807 0.933462
27.650000 -4.442114 1.398087 0.790709 0.031432 0.149713 -0.393227 0.906626
28.050000 -4.058400 1.658261 0.768111 0.016056 -0.127896 -0.458745 0.879169
28.400000 -3.823347 1.674687 0.807987 0.023195 0.023296 -0.501292 0.864653
28.600000 -3.989916 1.689234 0.797528 -0.089204 0.249979 -0.496158 0.826669
28.850000 -4.003465 1.677719 0.753119 0.007485 0.040221 -0.504259 0.862583
29.200000 -3.741403 1.633370 0.598958 0.008529 -0.079382 -0.500899 0.861816
29.450000 -3.715434 1.612820 0.548553 -0.092111 -0.034477 -0.494594 0.863542
29.600000 -3.722908 1.652900 0.530339 0.042395 0.055429 -0.494568 0.866333
30.000000 -3.788371 1.669611 0.539424 -0.061533 -0.172986 -0.479271 0.858247
30.450000 -3.994472 1.869925 0.664900 -0.010838 0.038993 -0.449702 0.892261
30.800000 -4.369570 2.214185 0.773803 0.004907 0.023852 -0.378129 0.925433
31.050000 -4.472665 2.362174 0.795138 0.137629 0.044074 -0.350046 0.925518
31.200000 -4.591305 2.423153 0.825609 -0.006715 0.090405 -0.330712 0.939368
32.000000 -4.721309 2.226542 0.985200 0.009749 -0.022084 -0.434461 0.900367
32.200000 -4.769623 2.108156 1.014296 -0.092724 0.128109 -0.468461 0.869215
32.600000 -4.572821 1.931917 1.053049 0.094356 -0.063906 -0.542211 0.832478
32.850000 -4.414323 1.806287 1.078164 0.103722 -0.224410 -0.565555 0.786784
33.000000 -4.511379 1.689005 1.040982 0.006093 0.051303 -0.552777 0.831726
33.650000 -4.755858 1.324968 0.943988 -0.131302 -0.074916 -0.461078 0.874388
34.050000 -4.730892 1.377340 0.855393 0.026401 0.059935 -0.396282 0.915790
34.600000 -4.737625 1.411822 0.828828 -0.130230 -0.069158 -0.275339 0.949972
35.050000 -4.754556 1.716641 0.817418 0.022684 0.070793 -0.165047 0.983480
35.200000 -4.762035 1.911852 0.831804 -0.011436 0.045364 -0.062269 0.996962
35.400000 -4.718613 2.091162 0.841985 -0.053927 0.048079 0.070318 0.994905
35.600000 -4.644618 2.338578 0.856384 0.019863 0.070796 0.222251 0.972213
35.800000 -4.514957 2.635758 0.881346 0.067948 0.038612 0.370278 0.925628
36.000000 -4.349561 2.893501 0.897391 0.065742 0.030096 0.519687 0.851292
36.250000 -4.131947 3.106433 0.933756 0.047333 -0.059191 0.638919 0.765531
36.400000 -3.883504 3.301916 0.956996 -0.023401 -0.151427 0.737387 0.657862
36.650000 -3.776672 3.436830 0.958644 0.017034 -0.120389 0.823911 0.553522
36.850000 -3.799622 3.479970 0.947943 0.056037 -0.055542 0.893947 0.441172
37.050000 -3.839438 3.456314 0.907988 0.005213 0.006570 0.947481 0.319701
37.250000 -3.864428 3.451945 0.852042 -0.068578 -0.023864 0.978666 0.192196
37.450000 -3.921732 3.484697 0.801788 -0.076750 -0.090061 0.991022 0.062237
37.600000 -4.059856 3.478422 0.739722 -0.030565 -0.104623 0.991472 -0.071440
37.800000 -4.243387 3.382049 0.680806 0.020478 -0.067367 0.976779 -0.202350
38.050000 -4.409148 3.190081 0.610497 0.030956 -0.038598 0.945171 -0.322805
38.250000 -4.538932 2.952098 0.546037 0.003018 -0.047655 0.902652 -0.427715
38.450000 -4.656888 2.695581 0.485106 -0.005279 0.078957 -0.853279 0.515415
38.800000 -4.850259 2.111042 0.375714 -0.044007 0.036220 -0.760163 0.647228
39.200000 -4.898330 1.523722 0.274160 -0.015784 0.017211 -0.699148 0.714596
39.600000 -4.885282 0.916131 0.174435 -0.013248 0.023600 -0.678966 0.733670
40.050000 -4.849906 0.289094 0.104240 -0.008481 0.009219 -0.691859 0.721923
40.400000 -4.824353 -0.341301 0.086929 0.003459 0.000313 -0.721525 0.692380
40.800000 -4.807238 -0.945994 0.122616 0.006798 -0.011756 -0.760983 0.648629
41.200000 -4.801237 -1.499747 0.178754 0.043046 -0.031981 -0.835725 0.546524
41.450000 -4.844243 -1.770276 0.193360 -0.066710 0.027515 0.888728 -0.452721
41.600000 -4.960611 -2.027964 0.192285 -0.052896 0.018897 0.945110 -0.321890
41.800000 -5.140621 -2.339423 0.184824 -0.028191 0.024553 0.986498 -0.159448
42.000000 -5.329802 -2.632258 0.175422 -0.046072 0.070157 0.996398 0.012142
42.200000 -5.514420 -2.864081 0.140404 0.073953 0.110805 0.970354 0.201661
42.400000 -5.683709 -2.986897 0.064083 0.136007 0.137225 0.924417 0.328822
42.600000 -5.713124 -3.074201 0.080450 0.063701 0.406527 0.856239 0.312301
42.800000 -5.564719 -2.898066 0.023461 -0.145508 -0.202215 0.926336 0.282558
43.200000 -5.746170 -2.751048 0.168318 -0.013069 -0.213407 0.944805 0.248253
43.450000 -6.029174 -3.125537 0.141879 0.059071 0.132256 0.938457 0.313557
43.650000 -6.222361 -3.507577 0.227186 -0.032676 0.356621 0.864884 0.351751
43.800000 -6.279308 -3.614914 0.319686 -0.128929 0.202506 0.842384 0.482449
44.000000 -6.313309 -3.431769 0.371262 0.019368 -0.086453 0.793348 0.602287
44.200000 -6.395012 -3.182265 0.398550 0.132640 -0.028026 0.729990 0.669877
44.600000 -6.468915 -2.982103 0.403493 0.057234 0.075452 0.632533 0.768722
45.000000 -6.274475 -2.872466 0.340178 0.073259 -0.014821 0.467755 0.880692
45.200000 -6.195971 -2.877672 0.306075 0.056868 0.048883 0.346489 0.935052
45.400000 -6.086238 -2.969355 0.263289 0.016857 0.041893 0.199185 0.978921
45.650000 -5.922062 -3.113282 0.225405 0.038452 -0.012259 0.032424 0.998659
45.850000 -5.759387 -3.334448 0.203582 0.062225 0.001887 -0.138280 0.988435
46.050000 -5.634537 -3.599299 0.184064 0.009335 0.009202 -0.304638 0.952378
46.250000 -5.489672 -3.901471 0.174233 0.015283 -0.000376 -0.448543 0.893631
46.400000 -5.332042 -4.170840 0.176650 0.031686 -0.022641 -0.566299 0.823279
46.600000 -5.175212 -4.446690 0.190412 0.033800 -0.040033 -0.656177 0.752786
47.000000 -5.032916 -4.969718 0.224873 -0.076388 -0.122349 -0.759971 0.633750
47.200000 -5.020707 -5.094707 0.231059 -0.013246 0.002967 -0.770694 0.637061
47.400000 -4.981807 -5.184996 0.229298 0.078858 0.075679 -0.744405 0.658723
47.800000 -4.892668 -5.629781 0.226411 -0.031676 -0.064181 -0.699029 0.711503
48.200000 -4.892628 -5.951788 0.186791 -0.029517 -0.064396 0.872842 -0.482833
48.450000 -4.893957 -6.154303 0.177117 -0.057701 -0.016954 0.953456 -0.295475
48.600000 -4.909816 -6.448588 0.176604 -0.091560 0.073975 0.984365 -0.131034
48.850000 -4.998809 -6.710214 0.200138 -0.063164 0.094632 0.993481 0.007147
49.000000 -5.161392 -6.871606 0.224835 0.004189 0.072873 0.988242 0.134349
49.200000 -5.323387 -6.966312 0.253415 0.110173 0.078755 0.958061 0.252546
49.400000 -5.377282 -7.037557 0.279356 0.055498 0.094674 0.929830 0.351244
49.600000 -5.333867 -7.074755 0.293785 -0.039640 0.086027 0.890193 0.445628
49.800000 -5.298494 -7.036830 0.305611 -0.044705 0.056809 0.834182 0.546731
50.000000 -5.295288 -6.947009 0.309458 0.017339 0.066294 0.766838 0.638172
50.200000 -5.268997 -6.847750 0.303658 0.001068 0.085100 0.693270 0.715635
50.400000 -5.178646 -6.736306 0.298693 -0.063948 0.065248 0.611763 0.785748
50.600000 -5.058997 -6.563213 0.302624 -0.066899 0.014945 0.525863 0.847803
51.000000 -4.877822 -6.050462 0.309194 -0.014554 0.032763 0.359352 0.932513
51.400000 -4.663127 -5.482766 0.313521 0.032022 0.026687 0.215589 0.975594
51.800000 -4.316484 -5.084811 0.310348 0.029702 0.070258 0.118675 0.989999
52.200000 -3.780280 -4.790251 0.340575 0.048770 0.023961 0.056000 0.996951
52.600000 -3.151551 -4.614629 0.376478 0.032869 -0.031835 0.022796 0.998692
53.050000 -2.552643 -4.616755 0.377823 0.002948 -0.030357 0.033639 0.998969
53.650000 -2.018471 -4.730710 0.320909 -0.011799 -0.039772 0.161364 0.986023
54.000000 -1.916309 -4.823501 0.310401 -0.042418 -0.118455 0.290361 0.948609
54.400000 -2.042526 -4.898940 0.331223 -0.038280 -0.008254 0.407554 0.912341
54.800000 -2.280372 -4.901850 0.403652 -0.067120 -0.051105 0.524100 0.847468
55.200000 -2.729030 -4.806405 0.522592 -0.047373 0.013399 0.616643 0.785702
55.450000 -2.997310 -4.731883 0.593467 0.090643 0.080217 0.636755 0.761506
56.000000 -3.275518 -4.586196 0.678779 0.005482 -0.004343 0.621579 0.783320
56.400000 -3.228013 -4.558360 0.631732 0.052206 0.076917 0.499910 0.861074
56.650000 -3.131359 -4.584754 0.579468 0.017525 0.060378 0.412519 0.908777
56.850000 -2.979158 -4.602056 0.518748 0.015684 0.013679 0.314585 0.949001
57.200000 -2.614384 -4.674512 0.391018 0.000958 0.063392 0.130916 0.989364
57.650000 -2.103544 -4.737435 0.270441 -0.006916 0.000014 -0.004989 0.999964
58.000000 -1.568039 -4.754787 0.200976 0.004032 -0.135736 -0.057068 0.989092
58.450000 -1.287781 -4.764832 0.147145 -0.014620 0.028269 -0.013235 0.999406
58.800000 -1.110272 -4.741769 0.171162 -0.013417 -0.154254 0.142263 0.977644
59.050000 -1.125556 -4.730308 0.158621 -0.012044 -0.060546 0.244361 0.967717
59.200000 -1.207197 -4.729758 0.156954 0.003083 -0.012466 0.356048 0.934379
59.450000 -1.310354 -4.734035 0.164951 -0.023686 -0.077491 0.464605 0.881803
59.600000 -1.438372 -4.733356 0.183001 -0.029921 -0.079031 0.576293 0.812863
59.800000 -1.635850 -4.737834 0.207816 -0.018119 -0.039125 0.675402 0.736188
60.000000 -1.871111 -4.762450 0.238143 -0.031618 -0.017942 0.756195 0.653336
60.200000 -2.125009 -4.795386 0.270265 -0.054558 -0.003596 0.819433 0.570561
60.650000 -2.725043 -4.794315 0.329762 -0.033147 0.036392 0.899562 0.434010
61.050000 -3.362863 -4.642437 0.383838 -0.029478 0.067082 0.926768 0.368419
61.400000 -3.782874 -4.296234 0.399576 0.013378 0.057614 0.916520 0.395593
61.850000 -4.075201 -3.837196 0.358786 0.006477 0.072354 0.858207 0.508137
62.200000 -4.483198 -3.254675 0.282429 0.029524 0.014435 0.765679 0.642383
62.600000 -4.805057 -2.678191 0.197221 0.045131 0.048020 0.705234 0.705906
63.000000 -4.809282 -2.151402 0.133077 0.013751 0.006962 0.697762 0.716164
63.200000 -4.737922 -1.859023 0.133872 0.112000 -0.085019 0.692350 0.707728
63.400000 -4.646525 -1.646785 0.131355 -0.029576 -0.118925 0.700088 0.703462
63.600000 -4.654075 -1.512868 0.128507 -0.068345 0.020743 0.707669 0.702925
64.250000 -4.862532 -0.913890 0.153858 0.049564 -0.044337 0.837105 0.542985
64.400000 -4.835979 -0.743660 0.159716 0.018069 -0.017993 0.911418 0.410691
64.650000 -4.809206 -0.600680 0.160979 -0.019076 0.015949 0.969561 0.243583
64.850000 -4.760449 -0.419126 0.155394 -0.001869 -0.013837 0.997240 0.072925
65.000000 -4.730183 -0.250750 0.153662 0.003794 -0.060813 0.990773 -0.121059
65.200000 -4.710674 -0.111423 0.153986 -0.003698 -0.045752 0.953171 -0.298929
65.450000 -4.754238 -0.030390 0.157747 -0.018984 -0.046200 0.883610 -0.465552
65.600000 -4.817948 0.004890 0.169684 0.036029 0.051309 -0.812206 0.579992
66.400000 -4.832162 -0.130046 0.174683 -0.021662 -0.044951 -0.828640 0.557554
66.600000 -4.823729 -0.206767 0.153859 0.076768 0.173889 -0.812168 0.551591
67.050000 -4.800950 -0.653286 0.115591 -0.000845 -0.018059 -0.761360 0.648077
67.400000 -4.834575 -1.248855 0.037080 0.026304 0.028662 -0.648202 0.760474
67.800000 -4.808108 -1.882274 0.006209 -0.010364 0.004597 -0.526775 0.849929
68.200000 -4.735364 -2.493054 0.003268 -0.008959 0.028820 -0.406284 0.913248
68.600000 -4.597397 -3.064171 0.023229 -0.017924 0.025288 -0.305162 0.951796
69.000000 -4.365809 -3.608186 0.042844 -0.037072 0.037774 -0.224154 0.973116
69.400000 -3.974356 -4.006735 0.052065 -0.064942 0.028122 -0.154911 0.985390
69.800000 -3.395302 -4.394351 0.054136 -0.053546 0.013330 -0.101960 0.993257
70.250000 -2.766109 -4.682013 0.068221 -0.042401 -0.008070 -0.067533 0.996783
70.600000 -2.198512 -4.772488 0.118052 -0.022582 -0.007254 -0.076379 0.996797
71.050000 -1.675714 -4.772919 0.205959 -0.013617 -0.010545 -0.134162 0.990810
71.600000 -0.990880 -4.798917 0.285413 -0.001929 -0.011036 -0.273246 0.961879
72.000000 -0.563643 -4.773934 0.275317 0.023446 0.007388 -0.383292 0.923300
72.400000 -0.152737 -4.775955 0.178695 0.032175 -0.078379 -0.503537 0.859809
72.800000 0.151711 -4.778979 0.086395 -0.001486 -0.022236 -0.618416 0.785535
73.000000 0.265603 -4.707374 0.072925 0.082107 -0.002344 -0.712804 0.696537
73.200000 0.369830 -4.686492 0.081220 0.154763 -0.028653 -0.794078 0.587084
73.600000 0.349277 -4.813850 0.117679 0.003980 -0.048386 -0.860842 0.506552
74.000000 0.179384 -4.911400 0.161289 0.087472 0.030111 -0.780524 0.618242
74.650000 -0.048050 -5.461937 0.194833 -0.047513 0.046696 -0.745160 0.663550
75.000000 -0.007965 -5.894653 0.202877 0.050365 -0.006184 -0.851487 0.521915
75.200000 0.014166 -6.163140 0.187425 -0.053999 0.079727 0.902148 -0.420543
75.450000 -0.028937 -6.419670 0.190458 0.020369 0.086976 0.947359 -0.307460
75.600000 -0.132186 -6.601635 0.216483 0.043735 0.061412 0.981518 -0.175891
75.800000 -0.202535 -6.701416 0.269902 -0.041946 0.022575 0.998511 -0.026578
76.000000 -0.255287 -6.782178 0.369642 -0.113424 0.005928 0.982857 0.145229
76.200000 -0.400641 -6.885937 0.478199 0.003398 -0.013892 0.949262 0.314160
76.400000 -0.565546 -6.996669 0.613272 0.110714 -0.006773 0.887758 0.446746
76.600000 -0.651952 -7.147959 0.751396 0.032625 0.068336 0.841440 0.535019
76.800000 -0.653631 -7.295154 0.860904 -0.106690 0.117121 0.797940 0.581543
77.200000 -0.657296 -7.225182 0.991363 0.041235 0.049061 0.744179 0.664898
77.850000 -0.374619 -6.881713 0.886084 -0.106750 0.012826 0.638598 0.761992
78.200000 -0.172304 -6.429785 0.721981 -0.018432 0.017701 0.532052 0.846326
78.600000 -0.029931 -5.899422 0.557959 -0.025392 0.009698 0.393479 0.918932
79.000000 0.171663 -5.260029 0.420324 0.060979 0.053140 0.245688 0.965968
79.400000 0.538589 -4.832602 0.297034 0.046942 -0.002010 0.091363 0.994709
79.850000 1.003683 -4.538498 0.176626 0.019719 0.033923 -0.048029 0.998075
80.200000 1.548480 -4.356876 0.103510 0.055230 -0.008337 -0.162496 0.985127
80.600000 2.095771 -4.340570 0.084718 0.008007 0.007883 -0.226945 0.973843
81.000000 2.723087 -4.401449 0.130587 0.083770 0.013072 -0.213414 0.973276
81.200000 3.031456 -4.520621 0.185729 -0.069977 -0.025819 -0.199213 0.977113
81.600000 3.649883 -4.573368 0.205903 -0.007927 -0.001513 -0.167953 0.985762
82.000000 4.157464 -4.408113 0.317769 -0.016598 -0.155180 -0.223081 0.962226
82.200000 4.270179 -4.384242 0.387649 -0.060914 -0.016090 -0.263059 0.962721
82.600000 4.484743 -4.221677 0.519076 0.088767 -0.087667 -0.372258 0.919706
83.000000 4.455237 -4.129634 0.651392 0.001125 -0.018146 -0.519678 0.854169
83.400000 4.277055 -4.096382 0.724740 0.086688 -0.008554 -0.656594 0.749197
83.850000 3.952516 -4.239955 0.753117 0.012487 0.012725 -0.745478 0.666291
84.450000 3.444163 -4.701792 0.684258 -0.005443 0.061628 -0.723710 0.687326
84.800000 3.259075 -5.210173 0.571463 -0.027002 0.045890 -0.610610 0.790139
85.000000 3.235096 -5.475391 0.501860 -0.037847 0.015569 -0.525363 0.849893
85.200000 3.212606 -5.720095 0.418002 -0.068948 0.002768 -0.423696 0.903172
85.450000 3.273980 -5.926832 0.364520 -0.089465 0.012586 -0.321105 0.942724
85.800000 3.489153 -6.239858 0.305279 -0.007029 0.046119 -0.186776 0.981294
86.050000 3.669676 -6.403150 0.284229 -0.035666 -0.105772 -0.130641 0.985126
86.400000 3.787626 -6.576919 0.308453 -0.053591 0.006492 -0.098581 0.993664
86.800000 3.748160 -6.561983 0.354510 -0.043062 -0.121010 -0.079370 0.988536
87.200000 3.561474 -6.431376 0.385026 -0.058710 0.054111 -0.031765 0.996301
87.600000 3.387127 -6.118717 0.413588 -0.066085 -0.009854 0.095419 0.993192
88.050000 3.268477 -5.656241 0.405219 -0.016146 0.082423 0.251822 0.964122
88.400000 3.275011 -5.055486 0.366175 -0.001019 0.033414 0.417787 0.907930
88.800000 3.454867 -4.407107 0.302290 0.014663 0.036666 0.559068 0.828181
89.200000 3.779740 -3.753549 0.219784 -0.019496 -0.006040 0.671267 0.740935
89.650000 4.044731 -3.102204 0.144120 -0.003851 -0.020970 0.750207 0.660860
90.050000 4.244229 -2.480692 0.112513 -0.080815 -0.028906 0.764358 0.639054
90.400000 4.226504 -1.911833 0.103796 -0.037705 -0.031121 0.830179 0.555349
90.600000 4.164754 -1.642749 0.072486 -0.043016 -0.010634 0.882639 0.467958
91.050000 3.950852 -1.128414 0.027367 -0.075357 0.032473 0.946226 0.312927
91.400000 3.522207 -0.489591 0.013211 -0.018152 0.006503 0.955433 0.294577
91.850000 3.068224 0.114974 -0.013523 -0.041832 0.012866 0.929781 0.365503
92.200000 2.563282 0.684812 -0.023202 -0.051732 0.001190 0.901071 0.430573
92.600000 1.915644 1.270112 -0.024114 -0.027570 0.017004 0.867444 0.496480
93.050000 1.294780 1.851535 -0.008268 -0.018329 0.015635 0.818294 0.574294
93.250000 0.981810 2.150733 0.097090 0.384227 -0.022297 0.707267 0.592997
93.650000 0.900491 2.162110 0.109105 0.144466 0.008108 0.757782 0.636263
93.850000 1.246587 1.894250 0.063451 -0.347522 0.077007 0.727671 0.586339
94.050000 1.455803 1.807701 0.060674 -0.219050 -0.055411 0.764964 0.603139
94.250000 1.407677 1.888037 0.016251 0.047563 -0.040803 0.798896 0.598196
94.450000 1.251983 1.923177 0.005607 0.135550 0.046295 0.785669 0.601837
94.650000 1.204136 1.860579 0.037784 -0.049050 0.129423 0.792419 0.594068
94.850000 1.301806 1.838006 0.027989 -0.169169 0.001264 0.784705 0.596337
95.050000 1.365557 1.885332 0.009301 -0.022418 -0.079892 0.798219 0.596625
95.250000 1.354875 1.888594 -0.011353 0.050853 0.019694 0.794951 0.604218
95.650000 1.347261 1.784509 0.005857 -0.086441 0.038668 0.793463 0.601207
