0.799989 -0.000378 -0.000435 -0.000133 0.000026 -0.000047 -0.000075 1.000000
0.999989 -0.001182 -0.000578 -0.000349 0.000043 -0.000129 -0.000170 1.000000
1.199989 -0.001968 -0.000702 -0.000641 0.000046 -0.000156 -0.000215 1.000000
1.399989 -0.002423 -0.000698 -0.000801 0.000054 -0.000191 -0.000222 1.000000
1.599989 -0.002780 -0.000682 -0.000840 0.000058 -0.000230 -0.000242 1.000000
1.799989 -0.002763 -0.000590 -0.000719 0.000032 -0.000225 -0.000236 1.000000
1.999989 -0.003107 -0.000586 -0.000693 0.000025 -0.000259 -0.000278 1.000000
2.199989 -0.003023 -0.000561 -0.000609 0.000015 -0.000236 -0.000263 1.000000
2.399989 -0.002970 -0.000563 -0.000617 0.000019 -0.000245 -0.000263 1.000000
2.599989 -0.002807 -0.000570 -0.000636 0.000021 -0.000231 -0.000251 1.000000
2.799989 -0.002661 -0.000580 -0.000643 0.000025 -0.000223 -0.000245 1.000000
2.999989 -0.002647 -0.000601 -0.000625 0.000024 -0.000223 -0.000245 1.000000
3.199989 -0.002586 -0.000587 -0.000583 0.000019 -0.000214 -0.000239 1.000000
3.399989 -0.002739 -0.000573 -0.000601 0.000019 -0.000228 -0.000251 1.000000
3.599989 -0.002884 -0.000572 -0.000638 0.000019 -0.000231 -0.000256 1.000000
3.799989 -0.002890 -0.000583 -0.000667 0.000020 -0.000229 -0.000253 1.000000
3.999989 -0.002864 -0.000593 -0.000672 0.000021 -0.000231 -0.000252 1.000000
4.199989 -0.002800 -0.000599 -0.000644 0.000021 -0.000230 -0.000251 1.000000
4.399989 -0.002782 -0.000592 -0.000625 0.000021 -0.000230 -0.000250 1.000000
4.599989 -0.002772 -0.000578 -0.000621 0.000020 -0.000228 -0.000251 1.000000
4.799989 -0.002794 -0.000576 -0.000629 0.000020 -0.000230 -0.000253 1.000000
4.999989 -0.002856 -0.000579 -0.000650 0.000020 -0.000233 -0.000254 1.000000
5.199989 -0.002903 -0.000590 -0.000666 0.000021 -0.000234 -0.000255 1.000000
5.399989 -0.002806 -0.000585 -0.000648 0.000020 -0.000227 -0.000248 1.000000
5.599989 -0.002821 -0.000581 -0.000646 0.000021 -0.000233 -0.000253 1.000000
5.799989 -0.002876 -0.000583 -0.000650 0.000020 -0.000234 -0.000255 1.000000
5.999989 -0.002943 -0.000597 -0.000660 0.000021 -0.000237 -0.000258 1.000000
6.199991 -0.004748 -0.004517 0.006839 -0.076059 -0.065944 0.003085 0.994916
6.399994 -0.031022 0.026194 0.022675 -0.183264 -0.190130 0.030804 0.964010
6.599988 -0.195886 0.204992 -0.013869 0.036355 0.031068 0.014361 0.998753
6.799987 -0.384216 0.378563 -0.089185 0.010422 0.033871 0.007574 0.999343
6.999991 -0.507425 0.505947 -0.099343 -0.024183 -0.145841 -0.005088 0.988999
7.199990 -0.708990 0.638228 -0.072554 0.005806 -0.057770 -0.021180 0.998088
7.399981 -1.031784 0.798836 -0.042360 0.090779 0.126778 -0.048345 0.986585
7.599983 -1.244233 0.898034 0.027776 0.064213 -0.079243 -0.098607 0.989886
7.799989 -1.444421 0.919404 0.128480 -0.022254 -0.081270 -0.139282 0.986661
7.999984 -1.750237 0.960514 0.266670 0.000507 0.142370 -0.179994 0.973310
8.199991 -2.014627 1.005010 0.438142 -0.127938 -0.107686 -0.196181 0.966203
8.399989 -2.225425 1.112767 0.652023 -0.048257 -0.155240 -0.222738 0.961228
8.599974 -2.563128 1.308536 0.786734 0.091652 0.248971 -0.207459 0.941581
8.799898 -2.812627 1.481308 0.992836 0.245389 0.256400 -0.141920 0.924068
8.999721 -2.850824 1.466802 1.116420 0.281821 0.262585 -0.099224 0.917486
9.199988 -2.691503 1.141549 1.109991 0.000784 -0.001150 -0.114383 0.993436
9.399993 -2.501375 0.773404 1.003353 -0.213333 -0.194190 -0.057063 0.955784
9.599992 -2.466189 0.555052 0.909620 -0.106356 0.031803 -0.036119 0.993163
9.799992 -2.485261 0.595453 0.826888 0.014463 0.049372 0.040960 0.997835
9.999993 -2.441886 0.662990 0.700948 -0.051350 -0.059885 0.124821 0.989038
10.199994 -2.400444 0.702498 0.632635 -0.128392 -0.026207 0.218385 0.967025
10.399994 -2.397168 0.790937 0.550064 -0.018480 -0.007137 0.326570 0.944965
10.599994 -2.393559 0.898842 0.471510 -0.010997 -0.006815 0.433514 0.901054
10.799994 -2.397598 1.027683 0.410347 -0.060798 0.029002 0.528719 0.846120
10.999994 -2.410811 1.227827 0.368862 -0.047550 0.013129 0.609022 0.791618
11.199993 -2.433512 1.507858 0.337136 -0.006130 -0.017765 0.677024 0.735721
11.399992 -2.458937 1.821746 0.318607 0.025626 0.000760 0.736686 0.675749
11.599991 -2.458114 2.135346 0.323926 0.000440 -0.003530 0.794201 0.607645
11.799989 -2.444829 2.429463 0.358720 -0.030857 -0.013158 0.850479 0.524938
11.999986 -2.444156 2.703162 0.423202 -0.025556 -0.028216 0.893046 0.448352
12.199983 -2.479022 3.001283 0.481990 -0.070346 -0.074812 0.919570 0.379270
12.399978 -2.577684 3.308723 0.490101 -0.050629 -0.039217 0.948364 0.310650
12.599979 -2.744732 3.609661 0.420493 0.053029 -0.046904 0.973708 0.216519
12.799986 -2.878491 3.872380 0.319946 0.104667 -0.067328 0.982805 0.136403
12.999982 -2.920092 4.065680 0.248025 0.076810 -0.012667 0.990238 0.115625
13.199959 -2.889751 4.220829 0.182541 0.020363 0.080270 0.986406 0.141932
13.399960 -2.835325 4.449645 0.164842 -0.058791 0.001486 0.981154 0.184058
13.599988 -2.839412 4.738611 0.154921 0.016303 -0.120614 0.971523 0.203297
13.799991 -2.900313 4.950845 0.092137 0.066391 -0.120684 0.975327 0.172527
13.999985 -2.924995 5.015542 0.045839 -0.010134 -0.038901 0.989117 0.141535
14.199943 -2.933570 5.022247 0.035254 -0.093312 0.011004 0.990032 0.104918
14.399945 -3.002195 5.087623 0.069080 -0.080154 -0.015440 0.993649 0.077450
14.599975 -3.155367 5.201262 0.120182 -0.026397 -0.053911 0.996415 0.059613
14.799979 -3.347135 5.275430 0.180894 0.001660 -0.045305 0.997859 0.047130
14.999964 -3.535933 5.271131 0.243457 -0.026416 -0.011230 0.998662 0.043019
15.199967 -3.759987 5.237439 0.310007 -0.051202 -0.001904 0.997848 0.040912
15.399985 -4.051564 5.233449 0.400597 0.074940 -0.009753 0.996806 0.025813
15.599991 -4.326346 5.265198 0.430966 0.160339 -0.015541 0.986922 -0.005824
15.799989 -4.464051 5.304945 0.483821 0.088814 -0.021647 0.993906 -0.061599
15.999982 -4.498034 5.319826 0.528924 0.009635 -0.010250 0.989864 -0.141323
16.199982 -4.519403 5.327728 0.573539 0.012763 -0.018803 0.970829 -0.238695
16.399986 -4.556838 5.356051 0.616128 0.061562 -0.039464 0.934960 -0.347135
16.599990 -4.563360 5.381075 0.658191 0.074892 -0.050162 0.884731 -0.457304
16.799990 -4.509321 5.402650 0.687132 0.041759 -0.042713 0.828718 -0.556470
16.999991 -4.387660 5.441131 0.699313 -0.007350 0.043331 -0.772310 0.633723
17.199993 -4.230824 5.456224 0.709967 0.003192 0.048562 -0.716588 0.695796
17.399993 -4.047428 5.432523 0.709887 0.007578 0.050552 -0.670786 0.739887
17.599994 -3.837902 5.381915 0.698823 0.030582 0.037631 -0.640360 0.766543
17.799994 -3.613004 5.314751 0.680491 0.049738 0.019260 -0.627678 0.776644
17.999993 -3.395463 5.227240 0.663549 0.054176 0.005190 -0.636408 0.769430
18.199993 -3.200246 5.119078 0.647896 0.078519 -0.004614 -0.659896 0.747229
18.399992 -3.055452 4.975521 0.645515 0.088769 -0.000443 -0.698110 0.710467
18.599991 -2.983851 4.785394 0.647902 0.064010 -0.003770 -0.748182 0.660388
18.799989 -2.948060 4.567866 0.636755 0.035273 -0.015766 -0.800883 0.597573
18.999986 -2.931788 4.352320 0.628710 0.026911 -0.027192 -0.847994 0.528623
19.199979 -2.934955 4.158286 0.608105 0.037563 -0.028700 -0.887046 0.459255
19.399963 -2.975049 3.984691 0.578216 0.049388 -0.034629 -0.916798 0.394770
19.599919 -3.066724 3.820194 0.539968 -0.048375 0.040171 0.937077 -0.343413
19.799830 -3.213406 3.670218 0.489057 -0.035523 0.042193 0.947977 -0.313524
19.999882 -3.400872 3.549218 0.431731 -0.022935 0.029916 0.950374 -0.308818
20.199936 -3.611877 3.465837 0.372532 -0.011859 -0.002546 0.941117 -0.337865
20.399959 -3.839785 3.399278 0.317547 -0.008967 -0.030300 0.917794 -0.395796
20.599980 -4.077970 3.318201 0.258210 0.001901 -0.064397 0.878526 -0.473331
20.799987 -4.308073 3.195085 0.199504 0.029856 -0.077273 0.822325 -0.562956
20.999990 -4.498573 3.045882 0.139774 -0.042633 0.067724 -0.754773 0.651086
21.199990 -4.633340 2.878679 0.091314 0.016048 0.096036 -0.678782 0.727856
21.399989 -4.724820 2.670487 0.067300 0.043950 0.086722 -0.603796 0.791187
21.599990 -4.789342 2.398732 0.042584 0.010192 0.037190 -0.549845 0.834376
21.799991 -4.843613 2.098918 0.022859 -0.043248 0.023406 -0.522145 0.851438
21.999991 -4.869354 1.817084 -0.001567 -0.009387 0.040055 -0.534008 0.844478
22.199990 -4.866788 1.540212 -0.020666 0.040562 0.039368 -0.571147 0.818900
22.399992 -4.844188 1.225854 -0.017573 0.013788 0.009780 -0.621586 0.783164
22.599993 -4.828506 0.915231 -0.018822 -0.029847 -0.000833 -0.673723 0.738381
22.799993 -4.818789 0.614773 -0.013668 -0.016958 0.010381 -0.715016 0.698825
22.999993 -4.814061 0.324307 -0.007784 0.012035 0.010055 -0.743937 0.668066
23.199993 -4.822169 0.010041 0.002623 0.001111 0.001636 -0.761745 0.647874
23.399993 -4.835826 -0.301061 0.008046 -0.013267 0.016944 -0.771986 0.635276
23.599993 -4.842090 -0.587474 0.025580 0.001125 0.036198 -0.778310 0.626834
23.799993 -4.836190 -0.872245 0.033671 0.011412 0.016763 -0.783895 0.620562
23.999994 -4.838544 -1.155523 0.035776 0.007801 0.007323 -0.801482 0.597924
24.199994 -4.848846 -1.445370 0.019971 0.024147 -0.010783 -0.846096 0.532374
24.399994 -4.879625 -1.721351 -0.009572 0.061166 -0.012042 -0.906099 0.418448
24.599993 -4.978331 -1.969143 -0.027456 -0.056186 -0.006102 0.962718 -0.264536
24.799992 -5.135161 -2.290585 -0.046956 -0.021025 -0.002426 0.995652 -0.090712
24.999987 -5.296621 -2.594549 -0.033858 -0.015843 -0.001707 0.995362 0.094868
25.199988 -5.459987 -2.835690 -0.028170 -0.009310 -0.043004 0.961468 0.271373
25.399990 -5.662529 -3.093599 -0.043024 -0.004854 -0.022213 0.912575 0.408277
25.599990 -5.932499 -3.412403 -0.028582 0.028327 0.060894 0.866789 0.494131
25.799992 -6.190258 -3.687921 0.049004 0.040570 0.077210 0.839064 0.536996
25.999993 -6.338765 -3.890588 0.161223 -0.024803 0.041630 0.819370 0.571214
26.199994 -6.449436 -4.011757 0.278563 -0.002089 0.004455 0.799154 0.601106
26.399994 -6.582864 -4.093159 0.371924 0.046517 0.024757 0.781647 0.621491
26.599993 -6.715650 -4.171608 0.433994 0.024241 0.109319 0.762760 0.636913
26.799993 -6.785072 -4.198988 0.491352 -0.011965 0.080056 0.733101 0.675286
26.999994 -6.784756 -4.143024 0.520547 0.097711 -0.042269 0.676071 0.729104
27.199994 -6.750648 -4.080397 0.532201 0.172454 -0.054106 0.596573 0.781942
27.399994 -6.691017 -4.129541 0.518023 0.113376 0.047483 0.515936 0.847762
27.599994 -6.561230 -4.268993 0.446252 0.017714 0.068168 0.394807 0.916060
27.799994 -6.372788 -4.395794 0.364314 0.062000 -0.060425 0.236506 0.967765
27.999992 -6.203722 -4.550882 0.278140 0.136698 0.032905 0.068934 0.987663
28.199988 -6.025308 -4.763695 0.219433 0.028943 0.100209 -0.107757 0.988690
28.399983 -5.782831 -5.031163 0.151543 0.028367 0.002679 -0.289370 0.956793
28.599979 -5.483456 -5.275349 0.091684 0.080863 -0.063717 -0.431303 0.896314
28.799987 -5.195205 -5.547259 0.099935 0.038629 -0.172121 -0.554137 0.813520
28.999990 -5.073410 -5.783858 0.114024 -0.101689 -0.009874 -0.618537 0.779085
29.199988 -5.033833 -5.908237 0.134167 -0.005433 0.035599 -0.643019 0.765003
29.399980 -4.959572 -5.980912 0.163744 0.109897 0.007144 -0.632897 0.766364
29.599983 -4.902744 -6.126808 0.162295 0.070096 -0.131730 -0.610927 0.777497
29.799989 -4.952576 -6.250156 0.110060 -0.067152 -0.030725 -0.584278 0.808187
29.999987 -5.042929 -6.285738 0.076629 -0.043415 0.056989 -0.558222 0.826593
30.199985 -5.067548 -6.281003 0.048150 -0.015156 0.030124 -0.560270 0.827623
30.399988 -5.039952 -6.292276 0.029868 -0.036573 -0.045318 -0.564705 0.823235
30.599989 -5.042255 -6.255269 0.018254 -0.059146 -0.025848 -0.557122 0.827918
30.799988 -5.080765 -6.135792 0.018639 -0.034796 0.031014 -0.552069 0.832494
30.999987 -5.107102 -5.964701 0.021261 -0.012897 0.026858 -0.538084 0.842365
31.199989 -5.094768 -5.784907 0.032468 -0.026293 -0.006299 -0.511390 0.858923
31.399989 -5.069207 -5.581874 0.041457 -0.042626 -0.008221 -0.471108 0.881007
31.599985 -5.042928 -5.324407 0.054487 -0.013873 0.026505 -0.417496 0.908186
31.799981 -5.006849 -5.022113 0.064273 0.114640 0.136281 -0.337234 0.924423
31.999965 -4.914015 -4.778115 0.067644 0.145787 0.165892 -0.239644 0.945408
32.199987 -4.711919 -4.706794 0.034082 0.002441 -0.015460 -0.178744 0.983771
32.399988 -4.509587 -4.673763 0.003984 0.002492 -0.002611 -0.110867 0.993829
32.599978 -4.350967 -4.600200 -0.026361 0.119758 0.108907 -0.049146 0.985587
32.799977 -4.144594 -4.561197 -0.040860 0.100570 0.094020 -0.004406 0.990468
32.999985 -3.846928 -4.604681 -0.071443 0.012864 -0.004028 0.015342 0.999791
33.199981 -3.525580 -4.658673 -0.095448 0.059340 -0.022611 0.028296 0.997580
33.399945 -3.230664 -4.721768 -0.120733 0.053083 0.023922 0.032830 0.997764
33.599974 -2.936160 -4.827907 -0.139097 -0.009991 0.034531 0.027347 0.998979
33.799984 -2.619978 -4.915416 -0.142234 -0.012019 0.001059 0.017783 0.999769
33.999986 -2.332496 -4.957410 -0.136642 0.010263 0.003157 0.006825 0.999919
34.199988 -2.041052 -4.985439 -0.134384 0.018070 0.019396 -0.001496 0.999647
34.399989 -1.750667 -5.013830 -0.130924 -0.001597 0.019480 -0.007444 0.999781
34.599991 -1.451705 -5.034172 -0.137466 -0.020854 0.012354 -0.009760 0.999659
34.799991 -1.147838 -5.025006 -0.168123 0.030030 0.006344 -0.008890 0.999489
34.999992 -0.840161 -5.016561 -0.197709 0.022631 0.005270 -0.007767 0.999700
35.199992 -0.535722 -5.010682 -0.222159 0.053019 -0.004689 -0.017634 0.998427
35.399993 -0.247712 -5.019962 -0.236150 -0.030704 0.009371 -0.043594 0.998533
35.599993 0.022745 -4.994177 -0.244308 0.018284 0.020591 -0.102389 0.994363
35.799994 0.301726 -4.928179 -0.250191 0.131456 0.011986 -0.187834 0.973290
35.999994 0.584974 -4.936309 -0.258320 0.077811 -0.081764 -0.306858 0.945039
36.199994 0.808676 -5.004488 -0.259165 0.030474 -0.098963 -0.431718 0.896045
36.399994 0.956271 -5.037318 -0.255764 0.024537 -0.022436 -0.556569 0.830136
36.599992 1.051222 -5.029162 -0.244905 0.070179 0.031622 -0.680038 0.729125
36.799990 1.083797 -5.036839 -0.240949 0.103712 -0.004968 -0.780719 0.616195
36.999989 1.069073 -5.097298 -0.246548 0.073218 -0.015541 -0.833932 0.546767
37.199989 0.991186 -5.165848 -0.251531 0.053147 0.018989 -0.842336 0.535989
37.399990 0.889960 -5.220521 -0.292804 0.056146 0.090171 -0.824848 0.555286
37.599990 0.787797 -5.323898 -0.344185 0.051377 0.113972 -0.810702 0.571956
37.799991 0.702317 -5.516193 -0.396444 0.001433 0.088045 -0.811994 0.576985
37.999991 0.655018 -5.766482 -0.435421 -0.008652 0.055919 -0.826822 0.559610
38.199988 0.638009 -6.017036 -0.441068 -0.007196 0.026230 -0.853813 0.519869
38.399989 0.619133 -6.257214 -0.422483 0.003210 -0.001830 -0.887229 0.461315
38.599990 0.595576 -6.481813 -0.388153 -0.006253 -0.002289 0.919846 -0.392223
38.799991 0.568443 -6.688620 -0.349332 -0.004550 0.003430 0.956292 -0.292357
38.999991 0.525922 -6.864846 -0.277047 0.054983 -0.018167 0.986955 -0.150220
39.199993 0.506118 -7.018990 -0.186391 0.009415 0.005955 0.999912 0.007146
39.399994 0.532811 -7.159226 -0.064167 -0.065710 -0.021964 0.986714 0.146950
39.599994 0.485007 -7.293893 0.041120 0.034939 -0.042533 0.967318 0.247522
39.799994 0.424047 -7.437416 0.126288 0.086660 0.054859 0.950192 0.294306
39.999994 0.413893 -7.546369 0.232629 0.088859 0.146840 0.931604 0.320401
40.199994 0.505240 -7.528256 0.300864 0.012323 0.065495 0.929973 0.361537
40.399994 0.637873 -7.406510 0.315417 0.033006 -0.057777 0.914411 0.399281
40.599994 0.762997 -7.294888 0.277499 0.109173 -0.061075 0.893069 0.432180
40.799994 0.916552 -7.266514 0.207068 0.098788 0.041847 0.862412 0.494707
40.999994 1.136427 -7.253736 0.135019 0.031044 0.031236 0.805907 0.590402
41.199994 1.409614 -7.162786 0.058219 0.026451 -0.033095 0.709802 0.703126
41.399991 1.685381 -7.035515 -0.008992 0.071417 -0.046372 0.578853 0.810974
41.599989 1.963316 -6.974171 -0.086040 0.064036 -0.004347 0.423913 0.903426
41.799986 2.245455 -6.985417 -0.155652 0.033719 -0.009641 0.254636 0.966401
41.999988 2.527967 -6.978036 -0.195304 0.050671 -0.012952 0.101959 0.993413
42.199991 2.810731 -6.911934 -0.190322 0.069707 0.011023 -0.021251 0.997280
42.399993 3.105696 -6.841469 -0.162167 0.045085 0.014420 -0.105695 0.993271
42.599993 3.413666 -6.819114 -0.117032 0.053486 -0.068705 -0.158530 0.983508
42.799993 3.682120 -6.846380 -0.069414 0.069475 -0.126246 -0.174782 0.974005
42.999992 3.832393 -6.887870 -0.003855 0.044584 0.022270 -0.138266 0.989140
43.199992 3.936593 -6.910844 0.064167 0.046597 0.001185 -0.091174 0.994743
43.399993 4.048365 -6.920041 0.128067 0.048587 -0.130324 -0.065240 0.988129
43.599992 4.070993 -6.930848 0.170651 0.036299 -0.046550 -0.075748 0.995378
43.799993 4.005999 -6.941891 0.194238 -0.088913 0.062717 -0.113246 0.987591
43.999993 4.003949 -6.886561 0.208476 -0.037010 -0.008320 -0.184256 0.982146
44.199991 4.047563 -6.746351 0.205762 0.039884 -0.023118 -0.242538 0.969046
44.399991 4.050739 -6.611687 0.194589 -0.001684 -0.005345 -0.262165 0.965007
44.599992 4.058013 -6.461891 0.190866 -0.045971 -0.005777 -0.240272 0.969599
44.799991 4.083253 -6.228416 0.179569 0.004357 -0.000203 -0.185468 0.982641
44.999991 4.102866 -5.938741 0.172558 0.007007 -0.002647 -0.104378 0.994509
45.199991 4.102651 -5.645819 0.153328 0.017380 0.000978 -0.015471 0.999729
45.399990 4.093970 -5.369911 0.143745 0.058586 0.076197 0.071302 0.992813
45.599989 4.136133 -5.105905 0.161582 0.087866 0.075436 0.144166 0.982754
45.799990 4.287090 -4.855010 0.170393 0.088905 -0.027680 0.179533 0.979335
45.999990 4.462216 -4.644763 0.173617 0.028649 -0.020202 0.200083 0.979152
46.199990 4.613858 -4.448503 0.149692 0.010765 -0.008567 0.210045 0.977595
46.399991 4.757710 -4.225908 0.113489 0.027086 -0.046397 0.226988 0.972415
46.599990 4.884771 -3.994972 0.081466 0.039522 -0.069589 0.246755 0.965768
46.799988 4.982290 -3.782523 0.034354 0.027318 -0.058251 0.249260 0.966297
46.999988 5.058046 -3.575385 -0.015140 0.022228 -0.029625 0.233714 0.971600
47.199988 5.130836 -3.368664 -0.054250 0.029392 -0.036049 0.240127 0.969626
47.399988 5.193101 -3.166011 -0.089987 0.043461 -0.053404 0.297339 0.952286
47.599988 5.213048 -2.989717 -0.106290 0.046661 -0.049410 0.404888 0.911837
47.799991 5.182331 -2.814018 -0.112053 0.033399 -0.043610 0.546765 0.835483
47.999991 5.133520 -2.632871 -0.121059 0.016043 -0.053249 0.694756 0.717093
48.199992 5.085090 -2.453968 -0.125515 -0.000019 -0.056324 0.823677 0.564255
48.399992 5.067549 -2.315515 -0.128756 -0.013357 -0.039501 0.913541 0.404604
48.599992 4.983716 -2.199095 -0.113690 -0.024618 -0.011589 0.976548 0.213572
48.799992 4.858920 -2.067933 -0.060614 -0.034290 0.074099 0.995658 0.044702
48.999993 4.675504 -1.846971 0.020264 -0.002728 0.042981 0.997702 -0.052312
49.199993 4.462441 -1.547749 0.099367 0.014467 -0.008663 0.998931 -0.043052
49.399990 4.271002 -1.207350 0.172491 0.019194 -0.045340 0.997205 0.056189
49.599990 4.140835 -0.868431 0.223639 0.067519 -0.015610 0.975932 0.206769
49.799990 4.073218 -0.572026 0.251412 0.088683 0.015207 0.920750 0.379635
49.999988 4.056053 -0.330308 0.250747 0.017859 0.007639 0.840506 0.541455
50.199988 4.064740 -0.063618 0.237468 -0.029066 -0.025380 0.747872 0.662720
50.399986 4.097154 0.247641 0.234768 -0.004712 -0.036182 0.658928 0.751321
50.599973 4.109930 0.573588 0.219081 0.024395 -0.017704 0.599274 0.799976
50.799915 4.114267 0.893424 0.188336 0.018328 0.015667 0.577228 0.816227
50.999984 4.138912 1.210013 0.145882 -0.079235 -0.113746 0.587328 0.797389
51.199986 4.109709 1.530752 0.076027 -0.048320 -0.092555 0.633843 0.766382
51.399980 3.966103 1.838028 0.032223 0.038533 -0.067064 0.684183 0.725197
51.599972 3.806712 2.082379 0.041738 0.013717 -0.038835 0.721018 0.691691
51.799979 3.654517 2.280457 0.082594 -0.035336 -0.075309 0.742447 0.664720
51.999984 3.476346 2.460207 0.128861 -0.027751 -0.110837 0.752764 0.648298
52.199982 3.227649 2.604897 0.185785 0.006601 -0.094043 0.767357 0.634252
52.399963 2.916256 2.696810 0.262589 0.022498 -0.047137 0.790994 0.609590
52.599840 2.576596 2.687406 0.360248 -0.010280 -0.023060 0.828626 0.559232
52.749975 2.325623 2.675010 0.420480 -0.037030 0.010413 0.856215 0.515186
52.949970 1.995262 2.719751 0.510095 -0.056204 0.080868 0.883534 0.457896
53.149954 1.673348 2.879243 0.619158 -0.032491 0.053111 0.897537 0.436521
53.349926 1.360676 3.122625 0.714265 0.024973 0.027922 0.886971 0.460304
53.549964 1.077679 3.369191 0.803062 0.036639 0.032381 0.853216 0.519261
53.749977 0.825646 3.593030 0.888265 0.048624 0.055810 0.799329 0.596317
53.949985 0.620416 3.830644 0.954363 0.028612 0.035652 0.732186 0.679568
54.149989 0.451525 4.086336 0.980459 0.034438 -0.000939 0.646290 0.762314
54.399242 0.291800 4.412003 0.968396 0.058054 0.010038 0.525663 0.848650
54.599922 0.197815 4.652360 0.919944 0.063583 0.057443 0.424235 0.901489
54.799973 0.161982 4.862878 0.848654 0.044559 0.030645 0.319270 0.946120
54.999986 0.176837 5.064730 0.737551 0.057875 -0.005386 0.219709 0.973832
55.199990 0.207184 5.244465 0.599287 0.069504 0.014314 0.134542 0.988364
55.399991 0.263921 5.384740 0.459922 0.053380 0.043297 0.065336 0.995493
55.599993 0.354360 5.496600 0.344570 0.039050 0.012355 0.002163 0.999159
55.799993 0.481399 5.580581 0.271821 0.075029 -0.018332 -0.051591 0.995677
55.999994 0.606931 5.606676 0.213927 0.050742 0.031974 -0.095701 0.993602
56.199994 0.761129 5.597281 0.174872 0.032630 0.037680 -0.144218 0.988290
56.399994 1.052684 5.562115 0.151849 0.037010 -0.016232 -0.185076 0.981893
56.599994 1.388415 5.499388 0.138015 0.029254 -0.029813 -0.213618 0.976024
56.799994 1.713996 5.422627 0.135580 0.033940 -0.017465 -0.236620 0.970852
56.999994 2.002194 5.338719 0.139817 0.058660 -0.109313 -0.282312 0.951268
57.199994 2.203301 5.248344 0.140299 0.037819 -0.088086 -0.321944 0.941893
57.399994 2.303367 5.158237 0.149111 0.018738 -0.010375 -0.359286 0.932982
57.599994 2.407567 5.070929 0.183868 0.038217 -0.055491 -0.412449 0.908486
57.799994 2.497776 4.983100 0.237852 0.042526 -0.092306 -0.480460 0.871108
57.999994 2.524458 4.905239 0.298458 0.017769 -0.051686 -0.553789 0.830861
58.199994 2.500598 4.852260 0.368414 0.023916 -0.033826 -0.627941 0.777158
58.399994 2.445125 4.820153 0.446128 0.051011 -0.037760 -0.702435 0.708912
58.599993 2.336794 4.792635 0.526086 0.061033 -0.049550 -0.773158 0.629322
58.799993 2.171160 4.753312 0.601903 0.046767 -0.039710 -0.838914 0.540795
58.999993 1.961590 4.727631 0.666699 0.038624 -0.017135 -0.891317 0.451407
59.199993 1.726819 4.719275 0.726533 -0.039728 -0.001649 0.930321 -0.364583
59.399992 1.473587 4.716869 0.775179 -0.057354 -0.030349 0.955943 -0.286290
59.599992 1.197143 4.693911 0.815432 -0.049172 -0.051238 0.972273 -0.222804
59.799993 0.891608 4.631357 0.846379 -0.013827 -0.056123 0.981574 -0.182133
59.999989 0.576604 4.528490 0.854047 -0.001596 -0.051778 0.985107 -0.163952
60.199984 0.263489 4.394476 0.848253 -0.015201 -0.031424 0.986446 -0.160328
60.399975 -0.046613 4.246072 0.836292 -0.022538 -0.026217 0.985511 -0.166052
60.599960 -0.366356 4.097827 0.815081 -0.014880 -0.032370 0.984133 -0.173819
60.799931 -0.696142 3.935253 0.783322 -0.008245 -0.036086 0.982938 -0.180172
60.999862 -1.019481 3.748615 0.747858 -0.009376 -0.023838 0.983794 -0.177461
61.199751 -1.351287 3.540021 0.697879 -0.005928 0.044520 0.985957 -0.160846
61.399796 -1.674480 3.371740 0.670510 -0.001705 0.065093 0.988387 -0.137300
61.599796 -1.983191 3.295006 0.652633 -0.004937 0.043880 0.993190 -0.107809
61.799762 -2.280129 3.288497 0.647452 -0.006904 0.018651 0.996788 -0.077579
61.999695 -2.586367 3.293816 0.639011 -0.010985 0.015888 0.998345 -0.054172
62.199541 -2.894927 3.298524 0.640881 -0.010656 0.026029 0.998768 -0.040879
62.399485 -3.201526 3.317028 0.648688 -0.011594 0.021042 0.998766 -0.043459
62.549989 -3.415393 3.356196 0.662297 -0.012835 0.001796 0.998436 -0.054388
62.749989 -3.723108 3.423908 0.677785 -0.017793 -0.023283 0.995626 -0.088715
62.949990 -4.041198 3.497422 0.698796 -0.040270 -0.046156 0.988761 -0.136382
63.196154 -4.460053 3.556932 0.719537 -0.034614 -0.046121 0.976030 -0.209858
63.399615 -4.817780 3.563485 0.727658 -0.015609 -0.042091 0.959376 -0.278538
63.599897 -5.152022 3.537797 0.717406 -0.006857 -0.048261 0.936588 -0.347027
63.799954 -5.449907 3.475300 0.687408 -0.006686 -0.060599 0.908279 -0.413900
63.999972 -5.721589 3.373446 0.640906 0.005228 -0.072593 0.876183 -0.476451
64.199979 -5.960342 3.245595 0.567663 0.004378 -0.070964 0.843429 -0.532515
64.399979 -6.164427 3.087314 0.488124 0.015381 0.057653 -0.810964 0.582046
64.599981 -6.342575 2.898037 0.420788 0.023156 0.051249 -0.779384 0.624017
64.799984 -6.497236 2.668887 0.375705 0.010053 0.045095 -0.750566 0.659179
64.999986 -6.614771 2.417859 0.362441 0.002991 0.047239 -0.726713 0.685309
65.199988 -6.684696 2.140633 0.375993 0.007788 0.031662 -0.710170 0.703274
65.399989 -6.712570 1.845119 0.408494 0.015960 0.021110 -0.700749 0.712917
65.599990 -6.716185 1.535143 0.455557 0.018545 0.007526 -0.700464 0.713407
65.799991 -6.708609 1.225649 0.502089 0.016655 0.011674 -0.707762 0.706158
65.999992 -6.695553 0.910039 0.561461 0.015455 0.009324 -0.721874 0.691790
66.199992 -6.680058 0.583384 0.612667 0.017140 0.002051 -0.741471 0.670762
66.399992 -6.667827 0.245242 0.647943 0.016643 -0.001531 -0.766505 0.642021
66.599993 -6.660859 -0.103257 0.675620 0.016641 -0.009884 -0.796437 0.604411
66.799993 -6.657571 -0.430858 0.687357 0.017390 -0.015812 -0.830770 0.556120
66.999993 -6.660975 -0.745358 0.680340 0.022764 -0.021965 -0.866945 0.497400
67.199993 -6.674589 -1.065731 0.653535 -0.035175 0.028659 0.902769 -0.427727
67.399993 -6.711458 -1.374839 0.611709 -0.036721 0.033882 0.936871 -0.346086
67.599993 -6.774047 -1.642092 0.546692 -0.037399 0.043278 0.966213 -0.251318
67.799991 -6.866722 -1.817024 0.464888 -0.036782 0.047567 0.987655 -0.144644
67.999989 -6.982801 -1.997381 0.379604 -0.040974 0.042144 0.997829 -0.029713
68.199985 -7.117458 -2.142497 0.305118 -0.039215 0.029077 0.994601 0.091569
68.399983 -7.273054 -2.230169 0.228645 -0.034015 0.024490 0.977535 0.206562
68.599981 -7.449730 -2.260180 0.145815 -0.029949 0.025260 0.948525 0.314269
68.799987 -7.661454 -2.282598 0.060746 -0.025203 0.026685 0.909884 0.413237
68.999988 -7.866142 -2.269020 0.073920 0.271405 0.088450 0.835428 0.469654
69.199993 -7.885690 -2.263816 0.197604 0.172327 -0.018997 0.843201 0.508877
69.399990 -7.690927 -2.328297 0.286301 -0.109710 -0.036876 0.855284 0.505068
69.599990 -7.509977 -2.341491 0.350899 -0.201043 -0.076666 0.830140 0.514365
69.799992 -7.550326 -2.299325 0.376803 0.022879 -0.090434 0.861523 0.499075
69.999991 -7.690600 -2.301159 0.362022 0.119853 0.022252 0.857790 0.499337
70.199988 -6.394392 -2.383754 0.237898 0.008975 0.053474 0.867989 0.493615
70.399990 -6.328780 -2.401549 0.266641 -0.079255 -0.013122 0.864877 0.495515
70.599991 -6.274828 -2.360131 0.250588 -0.022571 -0.072046 0.866090 0.494154
70.799991 -6.291885 -2.329718 0.228730 0.045253 -0.031488 0.867321 0.494686
70.999990 -6.318749 -2.348263 0.211016 0.018308 0.014368 0.867506 0.496883
71.199990 -6.316368 -2.375392 0.201979 -0.024099 0.001778 0.866982 0.497753
71.399991 -6.305615 -2.372870 0.200287 -0.017305 -0.033068 0.866259 0.498200
71.599991 -6.307565 -2.359727 0.202404 0.012596 -0.037526 0.866708 0.497243
71.799991 -6.313147 -2.359505 0.202869 0.012307 -0.014117 0.866902 0.498127
71.999990 -6.309812 -2.367419 0.205705 -0.004735 -0.008601 0.866766 0.498618
72.199991 -6.304180 -2.368201 0.211071 -0.008298 -0.018562 0.866584 0.498617
72.399991 -6.305819 -2.362344 0.219671 0.001273 -0.025454 0.866566 0.498412
72.599991 -6.310944 -2.360876 0.229214 0.004542 -0.019828 0.866680 0.498450
72.799991 -6.311600 -2.364499 0.237646 -0.001935 -0.014385 0.866699 0.498619
72.999991 -6.309473 -2.365595 0.245094 -0.004251 -0.015903 0.866563 0.498796
73.199991 -6.308269 -2.363548 0.251219 -0.002270 -0.018834 0.866540 0.498748
73.399991 -6.309086 -2.361867 0.254972 -0.001237 -0.018000 0.866627 0.498630
73.599991 -6.310108 -2.362239 0.255547 -0.002950 -0.015282 0.866644 0.498684
73.799991 -6.310204 -2.362768 0.254063 -0.003876 -0.015226 0.866549 0.498844
73.999991 -6.309999 -2.362789 0.251739 -0.003196 -0.015948 0.866516 0.498884
74.199991 -6.309834 -2.362841 0.249533 -0.002889 -0.015860 0.866520 0.498883
74.399991 -6.309486 -2.363009 0.248342 -0.002997 -0.015746 0.866508 0.498905
74.599991 -6.309315 -2.362982 0.248360 -0.003074 -0.015754 0.866504 0.498912
74.799991 -6.309435 -2.362906 0.249155 -0.003164 -0.015705 0.866513 0.498897
74.999991 -6.309513 -2.362934 0.249994 -0.003164 -0.015725 0.866518 0.498888
75.199991 -6.309409 -2.362947 0.250855 -0.003229 -0.015671 0.866517 0.498891
75.399991 -6.309281 -2.362946 0.251511 -0.003256 -0.015678 0.866529 0.498870
75.599991 -6.309239 -2.362836 0.251681 -0.003215 -0.015644 0.866535 0.498861
75.799991 -6.309289 -2.362739 0.251561 -0.003189 -0.015661 0.866537 0.498857
75.999991 -6.309384 -2.362850 0.251214 -0.003191 -0.015618 0.866537 0.498858
76.199991 -6.309368 -2.362905 0.250786 -0.003211 -0.015614 0.866533 0.498866
76.399991 -6.309337 -2.362960 0.250513 -0.003184 -0.015595 0.866528 0.498874
76.599991 -6.309319 -2.362941 0.250278 -0.003147 -0.015621 0.866525 0.498880
