0.800000 -0.000378 -0.000435 -0.000133 0.000026 -0.000047 -0.000075 1.000000
8.600000 -0.001546 -0.007220 0.021967 -0.142665 -0.127130 0.011512 0.981505
9.050000 -0.292957 0.288519 -0.087529 0.157226 0.173729 0.018138 0.971992
9.200000 -0.449004 0.468809 -0.160205 0.048911 -0.015557 0.007692 0.998652
9.400000 -0.520560 0.506959 -0.166441 -0.019718 -0.175809 0.006333 0.984206
9.600000 -0.754619 0.550485 -0.084557 0.045259 -0.064468 0.008840 0.996854
9.850000 -1.118743 0.602230 -0.011815 0.087058 0.078996 0.010020 0.993016
10.050000 -1.419874 0.597841 0.033499 -0.012079 -0.021195 -0.002398 0.999700
10.400000 -1.916387 0.575098 0.302291 0.030834 0.090094 -0.024438 0.995156
11.000000 -2.341176 0.277639 0.651210 0.018009 0.054215 -0.110137 0.992273
11.650000 -2.428410 -0.368162 0.749467 -0.023677 0.010299 -0.197195 0.980024
12.250000 -2.273998 -0.901807 0.704797 -0.040017 -0.026626 -0.088119 0.994950
12.650000 -2.165894 -1.007102 0.628978 -0.069390 -0.003212 0.101268 0.992431
12.800000 -2.116187 -1.025876 0.586676 -0.064669 -0.002519 0.212819 0.974946
13.050000 -2.061294 -0.977836 0.547027 -0.044362 -0.012652 0.333334 0.941680
13.200000 -2.041211 -0.887208 0.500617 -0.049971 0.014656 0.447955 0.892538
13.450000 -2.050981 -0.756918 0.459945 -0.058247 0.029360 0.544142 0.836454
13.600000 -2.066974 -0.566942 0.426181 -0.050324 0.027998 0.628305 0.775832
14.050000 -2.082093 -0.070122 0.337101 -0.018759 0.015628 0.739719 0.672473
14.400000 -2.111213 0.489749 0.233135 -0.013399 0.004944 0.781300 0.623993
14.850000 -2.165640 1.102719 0.147884 -0.014496 -0.011349 0.791228 0.611244
15.250000 -2.271706 1.740141 0.093932 -0.031639 -0.016648 0.802164 0.596033
15.650000 -2.442714 2.355869 0.068357 -0.001051 -0.005361 0.840549 0.541708
16.050000 -2.582334 2.901587 0.075294 -0.039015 -0.008284 0.912322 0.407526
16.400000 -2.805319 3.557953 0.057944 0.017140 -0.022391 0.970870 0.237942
16.600000 -2.952114 3.871929 -0.002082 0.116623 -0.059335 0.983555 0.124490
16.800000 -3.005807 4.097939 -0.033006 0.038525 0.057678 0.997410 0.019019
17.250000 -2.944330 4.673957 0.017578 -0.062573 -0.011855 0.997723 -0.022207
17.600000 -3.037679 5.253266 0.072850 -0.062918 -0.112742 0.990775 0.041178
18.000000 -3.338938 5.447809 0.032625 0.028513 -0.016796 0.999136 -0.025156
18.400000 -3.566697 5.616421 0.039228 -0.083745 -0.045516 0.984848 -0.144881
18.800000 -3.932144 5.585472 0.175048 0.067267 0.000235 0.966024 -0.249544
19.400000 -4.201177 5.516718 0.467214 0.020013 0.016419 0.922804 -0.384399
19.800000 -4.228592 5.504865 0.607220 -0.059102 0.009290 -0.863726 0.500399
20.200000 -4.073585 5.581549 0.649808 0.007792 0.034357 -0.792554 0.608784
20.600000 -3.733392 5.541849 0.610642 -0.006594 0.023514 -0.727206 0.685984
21.250000 -3.097195 5.321422 0.474015 0.069389 -0.049237 -0.713940 0.695018
21.800000 -2.833847 4.906842 0.420939 0.066514 0.008387 -0.809044 0.583912
22.250000 -2.748875 4.481538 0.398731 -0.053642 0.046900 0.878929 -0.471600
22.800000 -3.002417 3.880430 0.378959 -0.055899 0.034033 0.930878 -0.359421
23.200000 -3.363156 3.523135 0.321578 -0.035367 0.063519 0.928237 -0.364815
23.600000 -3.873672 3.279379 0.204784 0.026484 0.018237 0.892183 -0.450529
24.050000 -4.393043 3.172686 0.089067 -0.016775 0.090711 -0.807396 0.582754
24.400000 -4.679985 2.856336 0.050501 0.012272 0.036881 -0.704379 0.708760
24.800000 -4.901385 2.382663 0.091544 -0.004241 0.057837 -0.637438 0.768316
25.250000 -4.966917 1.825101 0.163183 -0.019175 0.035046 -0.639073 0.768108
25.600000 -4.899882 1.218605 0.225833 -0.007618 -0.006526 -0.684076 0.729342
26.000000 -4.834690 0.608255 0.257526 0.003713 -0.002133 -0.721014 0.692907
26.400000 -4.820467 -0.007125 0.198865 0.014023 -0.005852 -0.742793 0.669349
26.800000 -4.815893 -0.614330 0.112924 0.009856 -0.005287 -0.764821 0.644146
27.200000 -4.792150 -1.209149 -0.044833 0.012344 0.013912 -0.763993 0.644956
27.650000 -4.783773 -1.828243 -0.141053 0.023205 -0.019455 -0.712924 0.700587
28.000000 -4.797879 -2.409419 -0.204519 0.020739 -0.016873 -0.797840 0.602277
28.200000 -4.843580 -2.670533 -0.219267 -0.000193 0.039025 0.881244 -0.471048
28.400000 -4.923859 -2.879179 -0.225924 -0.008887 0.072518 0.950268 -0.302741
28.600000 -5.030860 -3.057338 -0.225059 -0.025945 0.048449 0.990844 -0.123320
28.850000 -5.147859 -3.184861 -0.227604 -0.006637 0.009258 0.998704 0.049601
29.000000 -5.247462 -3.266200 -0.223515 -0.006527 0.001675 0.979682 0.200442
29.200000 -5.337239 -3.305587 -0.207366 -0.046902 0.014879 0.947999 0.314447
29.600000 -5.623878 -3.268240 -0.089269 -0.035941 -0.023999 0.889486 0.454915
30.000000 -6.063769 -3.149448 0.127039 -0.025474 0.012042 0.843697 0.536080
30.200000 -6.303181 -3.031057 0.217402 0.116267 0.010709 0.811722 0.572254
31.200000 -6.588182 -2.983684 0.150967 0.103083 -0.037147 0.737484 0.666417
31.600000 -6.399013 -3.248385 -0.028330 0.052183 0.037975 0.627693 0.775781
31.800000 -6.212850 -3.400694 -0.127462 0.032192 -0.017432 0.542843 0.839036
32.200000 -5.831054 -3.751809 -0.265023 0.045458 0.008231 0.386810 0.921002
32.400000 -5.623438 -4.007828 -0.293008 -0.106520 0.046213 0.299534 0.946994
32.800000 -5.177494 -4.190385 -0.257751 0.063028 -0.095564 0.255278 0.960067
33.000000 -4.998738 -4.217900 -0.262839 -0.019624 -0.007606 0.326435 0.944985
33.250000 -4.836239 -4.280239 -0.276299 -0.063264 0.006601 0.439977 0.895754
33.400000 -4.675617 -4.308288 -0.269280 -0.056685 -0.090252 0.574646 0.811433
33.600000 -4.588968 -4.290347 -0.264765 -0.024176 -0.110735 0.704436 0.700660
33.800000 -4.576860 -4.277160 -0.268035 -0.019748 -0.038821 0.811022 0.583391
34.000000 -4.589826 -4.262854 -0.272155 -0.036237 -0.007636 0.888592 0.457200
34.200000 -4.619415 -4.207765 -0.266101 0.015183 -0.080379 0.941284 0.327557
34.400000 -4.651800 -4.187670 -0.276405 0.030730 -0.123915 0.975060 0.181544
34.600000 -4.666319 -4.270796 -0.294555 0.015000 -0.095910 0.994966 0.024859
34.800000 -4.669436 -4.450661 -0.312858 -0.007346 -0.045842 0.987365 -0.151511
35.050000 -4.689496 -4.660925 -0.324971 -0.019030 -0.029617 0.945150 -0.324733
35.250000 -4.705896 -4.870076 -0.332147 -0.039312 -0.050228 0.875897 -0.478264
35.400000 -4.739138 -5.081811 -0.336603 0.050312 0.049165 -0.810298 0.581781
35.850000 -4.823187 -5.631816 -0.331637 0.047271 0.017594 -0.773610 0.631651
36.200000 -4.932509 -6.214970 -0.314432 -0.049066 0.018244 0.895035 -0.442913
36.400000 -5.035416 -6.502970 -0.326630 -0.052549 0.027766 0.960060 -0.273409
36.650000 -5.201145 -6.793154 -0.314544 -0.045898 0.045954 0.993668 -0.091676
36.800000 -5.409956 -7.032913 -0.269414 0.008993 -0.007330 0.999048 0.042063
37.200000 -5.788090 -7.399379 -0.197625 0.114315 0.099396 0.974764 0.163973
37.800000 -5.829678 -7.512093 -0.318857 0.014053 -0.007932 0.978274 0.206687
38.250000 -5.770528 -7.416559 -0.407586 0.044168 0.063796 0.948333 0.307641
38.600000 -5.521677 -7.101162 -0.415718 -0.018591 0.004391 0.868871 0.494669
38.800000 -5.385736 -6.845171 -0.388306 0.019178 -0.026493 0.798542 0.601050
39.000000 -5.246553 -6.605256 -0.360723 0.015368 -0.005414 0.709170 0.704849
39.200000 -5.103424 -6.366708 -0.324874 0.009399 -0.002194 0.600749 0.799379
39.450000 -4.954917 -6.124050 -0.286295 0.031858 -0.019580 0.485838 0.873249
39.650000 -4.807924 -5.879642 -0.247520 0.060641 -0.018286 0.370374 0.926721
39.800000 -4.674085 -5.634137 -0.215465 0.008351 -0.050180 0.254119 0.965834
40.000000 -4.556406 -5.397133 -0.197888 0.081275 0.007607 0.156485 0.984301
40.250000 -4.428819 -5.188068 -0.203554 0.120359 0.128888 0.082378 0.980875
40.600000 -3.869592 -4.961266 -0.265762 0.034224 -0.038912 -0.058302 0.996953
41.000000 -3.245273 -4.787156 -0.294051 0.092767 0.031356 -0.122400 0.987638
41.450000 -2.571471 -4.791730 -0.255648 0.031665 -0.064280 -0.139951 0.987562
42.000000 -2.026892 -4.863571 -0.235245 0.040558 0.007355 0.005310 0.999136
42.250000 -1.913390 -4.886678 -0.235866 0.014521 -0.100160 0.082126 0.991470
42.600000 -1.878319 -4.925263 -0.225155 0.020294 -0.011276 0.275957 0.960890
42.800000 -1.927987 -4.952612 -0.201572 0.001666 -0.060885 0.377406 0.924043
43.050000 -1.991764 -4.984521 -0.171758 -0.023374 -0.077371 0.481198 0.872878
43.200000 -2.122650 -5.005903 -0.137233 -0.019147 -0.045542 0.573215 0.817914
43.450000 -2.289772 -5.015167 -0.112863 -0.013642 -0.039519 0.655047 0.754430
43.850000 -2.717332 -4.973520 -0.086581 -0.045707 0.001378 0.774360 0.631091
44.250000 -3.286773 -4.748995 -0.094749 0.016537 0.036314 0.832919 0.551955
44.650000 -3.849160 -4.377353 -0.097034 0.016986 0.043461 0.844330 0.533788
45.000000 -4.219084 -3.876351 -0.104835 0.009033 0.005232 0.823847 0.566716
45.450000 -4.472558 -3.294145 -0.112169 0.023774 0.000039 0.785148 0.618852
45.800000 -4.676482 -2.687500 -0.116857 0.031129 0.023288 0.744594 0.666384
46.200000 -4.768742 -2.025630 -0.102325 0.018214 -0.037737 0.721118 0.691544
46.650000 -4.843178 -1.400158 -0.070788 0.006902 -0.001759 0.717788 0.696226
47.050000 -4.919222 -0.783760 -0.004110 0.041524 0.021868 0.716362 0.696148
47.400000 -4.851917 -0.169352 0.086597 -0.026718 -0.036681 0.709297 0.703448
47.800000 -4.778414 0.409728 0.137529 0.003146 -0.049016 0.737433 0.673632
48.200000 -4.860197 0.906620 0.147343 0.032239 -0.013630 0.858376 0.511825
48.400000 -4.850831 1.116813 0.150361 -0.007014 -0.033801 0.928122 0.370673
48.650000 -4.834201 1.298621 0.152114 -0.020026 -0.057484 0.980181 0.188520
48.800000 -4.798505 1.498012 0.162692 -0.000230 -0.052057 0.998604 0.008909
49.050000 -4.789645 1.632166 0.174521 0.014160 -0.014026 0.983123 -0.181858
49.200000 -4.784398 1.745616 0.190263 -0.010395 -0.012221 0.931822 -0.362561
49.450000 -4.792117 1.859264 0.202600 0.034606 0.041673 -0.853184 0.518790
49.600000 -4.816757 1.945793 0.212370 0.053630 0.062443 -0.777454 0.623531
50.400000 -4.858849 1.828996 0.231383 -0.064658 -0.043402 -0.751978 0.654572
50.800000 -4.824380 1.836451 0.205274 0.010563 -0.010269 -0.819896 0.572323
51.050000 -4.751405 1.884517 0.160281 0.113446 0.071505 -0.836625 0.531109
51.400000 -4.818208 1.718764 0.169727 0.014689 -0.019726 0.893027 -0.449330
51.650000 -4.877891 1.543370 0.183603 0.052952 -0.031914 0.935554 -0.347729
51.850000 -4.871090 1.370006 0.203245 -0.002598 -0.074543 0.978686 -0.191337
52.000000 -4.828358 1.189776 0.184769 -0.046910 -0.090061 0.994785 0.009567
52.200000 -4.817352 0.944334 0.145363 -0.036014 -0.054603 0.978679 0.194705
52.400000 -4.806452 0.677845 0.090065 0.006164 -0.017037 0.941197 0.337373
52.800000 -4.796570 0.035214 -0.023886 0.034549 -0.110460 0.926217 0.358787
53.000000 -4.782437 -0.342896 -0.111840 -0.025723 0.036832 0.968510 0.244889
53.250000 -4.756418 -0.679008 -0.161783 -0.001727 0.036534 0.994017 0.102921
53.400000 -4.757526 -0.945501 -0.229154 -0.003599 -0.028904 0.996614 -0.076895
53.650000 -4.727683 -1.204116 -0.260814 -0.013911 -0.042316 0.960969 -0.273045
53.800000 -4.705077 -1.501036 -0.278161 -0.000530 -0.015196 0.887648 -0.460271
54.050000 -4.697397 -1.841819 -0.275575 -0.010815 -0.002409 -0.782536 0.622507
54.200000 -4.692417 -2.182148 -0.260089 0.004807 0.007485 -0.670480 0.741874
54.450000 -4.682749 -2.514934 -0.242567 0.015843 0.023214 -0.562637 0.826226
54.600000 -4.635974 -2.847570 -0.222468 0.008852 0.028939 -0.461766 0.886485
55.050000 -4.437652 -3.484948 -0.176314 -0.010704 0.039334 -0.301344 0.952644
55.400000 -4.098598 -4.054023 -0.160243 -0.033190 0.039471 -0.193088 0.979825
55.850000 -3.642322 -4.524464 -0.171024 -0.036012 0.033667 -0.120547 0.991483
56.200000 -3.044040 -4.846878 -0.189592 -0.008507 0.003432 -0.068207 0.997629
56.650000 -2.373504 -5.041502 -0.212847 -0.014070 0.008878 -0.039555 0.999079
57.000000 -1.696820 -5.093947 -0.240723 0.004880 -0.004138 -0.038695 0.999231
57.400000 -1.069111 -5.102650 -0.252706 0.018910 -0.017235 -0.062885 0.997693
57.800000 -0.512337 -5.097735 -0.258657 0.060823 0.073583 -0.127477 0.987236
58.000000 -0.210288 -5.129902 -0.213876 -0.001989 -0.014684 -0.176855 0.984125
58.400000 0.358051 -5.135610 -0.152084 -0.047371 0.029840 -0.238035 0.969642
58.600000 0.604404 -5.078367 -0.168747 0.078497 0.094618 -0.280283 0.952012
58.800000 0.942238 -5.042902 -0.224309 0.224793 -0.074488 -0.336906 0.911270
59.000000 1.223426 -5.194420 -0.301256 -0.057444 -0.164133 -0.422766 0.889398
59.400000 1.446267 -5.193095 -0.393327 0.069792 0.080315 -0.561975 0.820282
59.600000 1.548891 -5.097582 -0.400157 0.181350 0.064259 -0.648411 0.736577
59.800000 1.625582 -5.161046 -0.396699 0.132786 -0.098585 -0.750675 0.639637
60.050000 1.533093 -5.324360 -0.390111 -0.004827 -0.089558 -0.827543 0.554192
60.200000 1.344069 -5.375235 -0.424770 -0.073060 0.108272 -0.840615 0.525649
60.400000 1.219862 -5.376922 -0.436664 -0.052619 -0.196723 0.848339 -0.488725
60.600000 1.166988 -5.513667 -0.442291 -0.123936 -0.101035 0.860054 -0.484498
60.800000 1.108173 -5.811866 -0.440102 -0.028131 0.045356 0.873734 -0.483467
61.200000 0.851022 -6.294721 -0.420138 0.014826 -0.057212 0.908031 -0.414712
61.650000 0.771895 -6.704238 -0.384979 -0.100255 0.051123 0.961511 -0.250665
61.800000 0.689847 -6.934959 -0.372291 -0.087057 0.097248 0.980563 -0.146493
62.000000 0.470103 -7.087438 -0.313519 0.060858 0.065480 0.995623 -0.027255
62.200000 0.222314 -7.147663 -0.299022 0.201259 0.014176 0.976504 0.075723
62.600000 0.224182 -7.229148 -0.303988 -0.033254 0.004913 0.970562 0.238494
62.800000 0.307914 -7.281101 -0.295397 -0.046702 0.009536 0.940826 0.335522
63.000000 0.330718 -7.295642 -0.281728 0.061435 0.030421 0.893819 0.443157
63.200000 0.367797 -7.267573 -0.241510 0.095808 0.054064 0.822199 0.558468
63.450000 0.495547 -7.225390 -0.213405 0.053246 0.031291 0.729831 0.680832
63.600000 0.720002 -7.185838 -0.188133 0.016491 0.002318 0.610790 0.791617
63.850000 0.939440 -7.151926 -0.156916 0.027383 0.006417 0.469201 0.882643
64.000000 1.168650 -7.141838 -0.130962 0.032862 0.041642 0.320012 0.945927
64.200000 1.435131 -7.127889 -0.103014 0.019976 0.020288 0.170934 0.984871
64.450000 1.726065 -7.101635 -0.089371 -0.001360 0.002163 0.028872 0.999580
64.600000 2.019591 -7.042040 -0.074990 0.011090 -0.005204 -0.088760 0.995978
65.000000 2.591104 -6.911194 -0.048594 0.034988 0.014763 -0.253511 0.966587
65.400000 3.157378 -6.916589 -0.050948 0.039390 0.010211 -0.310822 0.949597
65.850000 3.779932 -6.954397 -0.097027 -0.015361 -0.155315 -0.282370 0.946524
66.250000 4.097718 -6.732672 -0.192898 0.092947 0.031974 -0.194133 0.976038
66.600000 4.347766 -6.602105 -0.263526 -0.097478 -0.144954 -0.039386 0.983837
66.800000 4.353205 -6.536053 -0.278431 -0.133438 0.001785 0.042221 0.990156
67.000000 4.318013 -6.302032 -0.315839 0.073029 0.012281 0.129651 0.988790
67.450000 4.288353 -5.835092 -0.314357 -0.034486 0.027886 0.261114 0.964289
67.800000 4.298695 -5.298461 -0.259851 0.086655 0.035157 0.332493 0.938458
68.200000 4.526452 -4.853122 -0.160483 0.027310 0.027355 0.367578 0.929189
68.600000 4.874855 -4.462738 -0.044085 -0.071874 -0.002169 0.498918 0.863661
68.850000 5.021325 -4.197603 0.014505 -0.007402 0.000506 0.604766 0.796369
69.000000 5.142926 -3.886043 0.056528 0.093864 0.049739 0.701867 0.704343
69.450000 5.655861 -3.249033 0.017220 -0.164774 -0.063906 0.784825 0.593983
69.850000 5.873376 -2.626558 -0.033301 0.026712 -0.063243 0.822975 0.563913
70.000000 5.807114 -2.343563 -0.046940 0.093959 0.022863 0.811649 0.576086
70.250000 5.848875 -2.068832 -0.070844 -0.059093 -0.018345 0.797116 0.600647
70.600000 5.942587 -1.421875 -0.050107 0.006558 -0.062956 0.735533 0.674526
71.050000 5.745952 -0.865878 -0.106606 -0.013193 -0.010589 0.677026 0.735764
71.400000 5.604200 -0.244176 -0.154497 -0.003380 -0.032322 0.677901 0.734435
71.800000 5.382518 0.382000 -0.120594 -0.042438 -0.052378 0.677655 0.732283
72.250000 4.918419 0.986803 -0.081616 -0.006088 -0.025162 0.617200 0.786380
72.600000 4.410884 1.609885 -0.042747 -0.005950 -0.067245 0.611210 0.788584
73.050000 3.809361 2.149902 0.038773 0.001059 0.052121 0.667413 0.742861
73.450000 3.252808 2.667244 0.064275 0.066098 -0.144170 0.691226 0.705019
73.850000 2.590786 2.902091 0.115551 0.006261 0.022759 0.654556 0.755645
74.250000 1.991149 3.097936 0.277583 0.018078 -0.012904 0.561690 0.827049
74.600000 1.521862 3.251635 0.491748 0.000564 0.079971 0.498536 0.863172
75.000000 1.170717 3.565067 0.745901 0.008948 0.038851 0.459447 0.887310
75.450000 0.949616 4.026545 0.919846 0.029152 0.064710 0.438486 0.895931
76.050000 0.831574 4.727593 0.867909 0.074569 0.046254 0.354266 0.931019
76.450000 1.031371 5.072105 0.546751 0.060571 0.040604 0.228652 0.970773
76.850000 1.390906 5.306518 0.202871 0.061921 0.011024 0.060844 0.996164
77.250000 1.817006 5.433353 -0.099691 0.044647 0.022836 -0.102273 0.993492
77.600000 2.330649 5.392342 -0.128397 0.058508 0.026868 -0.205036 0.976635
78.000000 2.921502 5.216331 -0.045840 0.025883 0.002119 -0.232070 0.972352
78.400000 3.459525 4.993366 0.090142 -0.037946 -0.376362 -0.210209 0.901512
78.800000 3.343474 5.106382 -0.067575 0.034142 0.037699 -0.212844 0.975761
79.000000 3.044497 5.201650 -0.079671 0.066467 0.284906 -0.203483 0.934348
79.200000 2.919962 5.187246 -0.059034 0.025911 0.113922 -0.209240 0.970860
79.450000 3.087237 5.125390 -0.025311 -0.000638 -0.139563 -0.217339 0.966067
79.850000 3.105950 5.179486 -0.025380 0.031579 0.159121 -0.209798 0.964193
80.000000 3.091646 5.194602 -0.019372 0.049774 0.019202 -0.213642 0.975454
80.200000 3.128729 5.165750 -0.033754 0.014925 -0.091506 -0.217761 0.971588
80.600000 3.041735 5.170113 -0.029593 0.022636 0.064942 -0.212205 0.974802
