0.799989 -0.000378 -0.000435 -0.000133 0.000026 -0.000047 -0.000075 1.000000
0.999989 -0.001182 -0.000578 -0.000349 0.000043 -0.000129 -0.000170 1.000000
1.199989 -0.001968 -0.000702 -0.000641 0.000046 -0.000156 -0.000215 1.000000
1.399989 -0.002423 -0.000698 -0.000801 0.000054 -0.000191 -0.000222 1.000000
1.599989 -0.002780 -0.000682 -0.000840 0.000058 -0.000230 -0.000242 1.000000
1.799989 -0.002763 -0.000590 -0.000719 0.000032 -0.000225 -0.000236 1.000000
1.999989 -0.003107 -0.000586 -0.000693 0.000025 -0.000259 -0.000278 1.000000
2.199989 -0.003023 -0.000561 -0.000609 0.000015 -0.000236 -0.000263 1.000000
2.399989 -0.002970 -0.000563 -0.000617 0.000019 -0.000245 -0.000263 1.000000
2.599989 -0.002807 -0.000570 -0.000636 0.000021 -0.000231 -0.000251 1.000000
2.799989 -0.002661 -0.000580 -0.000643 0.000025 -0.000223 -0.000245 1.000000
2.999989 -0.002647 -0.000601 -0.000625 0.000024 -0.000223 -0.000245 1.000000
3.199989 -0.002586 -0.000587 -0.000583 0.000019 -0.000214 -0.000239 1.000000
3.399989 -0.002739 -0.000573 -0.000601 0.000019 -0.000228 -0.000251 1.000000
3.599989 -0.002884 -0.000572 -0.000638 0.000019 -0.000231 -0.000256 1.000000
3.799989 -0.002890 -0.000583 -0.000667 0.000020 -0.000229 -0.000253 1.000000
3.999989 -0.002864 -0.000593 -0.000672 0.000021 -0.000231 -0.000252 1.000000
4.199989 -0.002800 -0.000599 -0.000644 0.000021 -0.000230 -0.000251 1.000000
4.399989 -0.002782 -0.000592 -0.000625 0.000021 -0.000230 -0.000250 1.000000
4.599989 -0.002772 -0.000578 -0.000621 0.000020 -0.000228 -0.000251 1.000000
4.799989 -0.002794 -0.000576 -0.000629 0.000020 -0.000230 -0.000253 1.000000
4.999989 -0.002856 -0.000579 -0.000650 0.000020 -0.000233 -0.000254 1.000000
5.199989 -0.002903 -0.000590 -0.000666 0.000021 -0.000234 -0.000255 1.000000
5.399989 -0.002806 -0.000585 -0.000648 0.000020 -0.000227 -0.000248 1.000000
5.599989 -0.002821 -0.000581 -0.000646 0.000021 -0.000233 -0.000253 1.000000
5.799989 -0.002876 -0.000583 -0.000650 0.000020 -0.000234 -0.000255 1.000000
5.999989 -0.002943 -0.000597 -0.000660 0.000021 -0.000237 -0.000258 1.000000
6.199989 -0.002789 -0.000583 -0.000639 0.000018 -0.000223 -0.000247 1.000000
6.399989 -0.002789 -0.000578 -0.000640 0.000022 -0.000232 -0.000253 1.000000
6.599989 -0.002805 -0.000585 -0.000642 0.000021 -0.000230 -0.000253 1.000000
6.799989 -0.002773 -0.000587 -0.000631 0.000021 -0.000227 -0.000248 1.000000
6.999989 -0.002775 -0.000591 -0.000631 0.000022 -0.000228 -0.000251 1.000000
7.199989 -0.002760 -0.000586 -0.000629 0.000021 -0.000226 -0.000247 1.000000
7.399989 -0.002822 -0.000585 -0.000651 0.000020 -0.000230 -0.000254 1.000000
7.599989 -0.002919 -0.000597 -0.000675 0.000021 -0.000235 -0.000255 1.000000
7.799989 -0.002807 -0.000582 -0.000653 0.000018 -0.000224 -0.000247 1.000000
7.999989 -0.002869 -0.000576 -0.000654 0.000020 -0.000236 -0.000257 1.000000
8.199989 -0.002939 -0.000582 -0.000661 0.000020 -0.000237 -0.000259 1.000000
8.399989 -0.003083 -0.001555 0.000399 -0.021186 -0.017369 0.000239 0.999625
8.599993 -0.009257 0.004636 0.018434 -0.138225 -0.133320 0.012136 0.981312
8.799992 -0.096331 0.103654 0.011405 -0.065585 -0.093083 0.017175 0.993347
8.999986 -0.292870 0.284830 -0.058131 0.008483 0.110275 0.003812 0.993858
9.199988 -0.414506 0.444724 -0.126502 -0.041998 0.037789 -0.007803 0.998372
9.399991 -0.455960 0.611637 -0.116883 -0.058336 -0.062472 -0.020047 0.996139
9.599990 -0.522504 0.846859 -0.052382 0.007575 -0.165012 -0.049347 0.985027
9.799982 -0.742998 1.110446 0.024315 0.040496 -0.023471 -0.086983 0.995110
9.999981 -1.044514 1.326512 0.063187 -0.006676 0.030606 -0.127324 0.991366
10.199978 -1.289687 1.542210 0.200224 0.046466 -0.067424 -0.163158 0.983196
10.399958 -1.535756 1.739994 0.357215 0.112657 0.008835 -0.191091 0.975046
10.599939 -1.826247 1.840922 0.481493 -0.003698 0.155365 -0.226256 0.961590
10.799959 -2.026009 1.901930 0.565081 0.009279 0.069208 -0.277401 0.958213
10.999950 -2.137728 1.943187 0.617579 0.115457 0.024037 -0.315467 0.941580
11.199954 -2.255248 1.898878 0.693514 -0.007875 0.014535 -0.365007 0.930858
11.399945 -2.382988 1.831154 0.735297 -0.006828 0.084379 -0.412575 0.906981
11.599843 -2.452127 1.768575 0.735751 0.041891 0.123461 -0.460501 0.878033
11.799846 -2.433520 1.634826 0.738185 0.006932 0.003517 -0.489720 0.871845
11.999970 -2.398995 1.433496 0.733958 -0.069542 -0.014682 -0.463444 0.883271
12.199982 -2.364009 1.279906 0.728501 -0.071927 -0.027666 -0.378995 0.922184
12.399985 -2.312994 1.183421 0.717047 -0.040833 -0.028194 -0.241070 0.969238
12.599989 -2.272945 1.143380 0.685823 -0.034973 -0.012868 -0.063591 0.997280
12.799992 -2.253145 1.135075 0.659210 -0.052411 0.020613 0.115174 0.991748
12.999994 -2.201806 1.168275 0.659098 -0.055380 0.008528 0.298949 0.952623
13.199994 -2.121549 1.312902 0.672170 -0.067219 -0.021579 0.457499 0.886403
13.399994 -2.098361 1.476461 0.692093 -0.053948 -0.010351 0.592706 0.803543
13.599992 -2.138992 1.656127 0.704568 -0.039164 0.021244 0.690010 0.722427
13.799991 -2.192988 1.869657 0.712129 -0.050097 0.042500 0.759923 0.646685
13.999990 -2.252455 2.160456 0.713230 -0.055548 0.025284 0.810000 0.583245
14.199989 -2.325621 2.472723 0.716715 -0.054430 0.003954 0.838830 0.541652
14.399989 -2.411662 2.768209 0.702597 -0.022735 -0.010338 0.845006 0.534173
14.599990 -2.516764 3.070888 0.647802 0.010185 -0.044631 0.838703 0.542662
14.799990 -2.642564 3.360387 0.546862 0.016818 -0.014438 0.840270 0.541715
14.999988 -2.768390 3.629211 0.409628 0.030470 0.029100 0.862776 0.503828
15.199988 -2.865804 3.915016 0.233824 0.096061 0.010813 0.888159 0.449254
15.399981 -2.889448 4.182056 0.034888 -0.003711 0.056185 0.912317 0.405596
15.599977 -2.876660 4.484694 -0.059019 -0.040132 0.011845 0.926936 0.372879
15.799991 -2.913202 4.849433 -0.133119 0.052826 -0.138497 0.935616 0.320392
15.999990 -2.964529 5.099361 -0.172666 -0.021410 -0.122328 0.951980 0.279843
16.199983 -3.068296 5.211018 -0.149263 -0.027401 -0.026092 0.976066 0.214159
16.399974 -3.209012 5.307503 -0.082973 -0.035978 0.004955 0.990508 0.132567
16.599976 -3.359399 5.456537 0.019670 -0.037752 -0.042277 0.996853 0.055413
16.799979 -3.528515 5.601350 0.134313 -0.025548 -0.087225 0.995839 -0.006548
16.999968 -3.744737 5.654115 0.259598 -0.030751 -0.063288 0.996456 -0.046096
17.199964 -4.014616 5.608443 0.404419 0.015318 -0.041193 0.997153 -0.061268
17.399987 -4.297685 5.526116 0.520398 0.116694 -0.068714 0.986991 -0.086653
17.599988 -4.508990 5.438036 0.606028 0.100757 -0.071044 0.981126 -0.148972
17.799982 -4.612027 5.348820 0.648406 0.051322 0.030902 0.969704 -0.236824
17.999982 -4.659447 5.309820 0.669541 0.046543 0.063654 0.941999 -0.326222
18.199986 -4.692684 5.316630 0.673313 0.083469 -0.001998 0.900242 -0.427310
18.399990 -4.695581 5.337772 0.670810 0.057357 -0.056181 0.850323 -0.520101
18.599991 -4.643563 5.357158 0.649707 -0.020102 0.051294 -0.797671 0.600571
18.799992 -4.533520 5.365043 0.619196 -0.007576 0.004764 -0.745857 0.666046
18.999993 -4.402722 5.377193 0.583719 -0.023365 0.018422 -0.698264 0.715222
19.199993 -4.242265 5.397520 0.536614 -0.003065 0.052983 -0.662553 0.747132
19.399993 -4.032518 5.396748 0.479660 0.045336 0.031615 -0.640059 0.766335
19.599993 -3.801830 5.350644 0.417698 0.058065 0.000409 -0.631708 0.773029
19.799993 -3.584537 5.270051 0.369655 0.044531 -0.006726 -0.638953 0.767926
19.999993 -3.391671 5.177934 0.324921 0.016820 0.022117 -0.661374 0.749541
20.199993 -3.206198 5.076452 0.287349 0.047351 0.013657 -0.692577 0.719659
20.399992 -3.057989 4.946478 0.272772 0.075806 -0.000469 -0.729566 0.679696
20.599990 -2.969036 4.774980 0.257885 0.061517 -0.016255 -0.772523 0.631790
20.799989 -2.929643 4.586500 0.223051 0.036432 -0.017272 -0.814974 0.578093
20.999987 -2.911642 4.403153 0.184475 0.046959 -0.014835 -0.852619 0.520208
21.199983 -2.909729 4.220807 0.143726 0.063247 -0.014201 -0.883850 0.463257
21.399977 -2.948749 4.027715 0.116561 -0.063327 0.022079 0.908117 -0.413310
21.599970 -3.054441 3.827732 0.105240 -0.042714 0.037743 0.924764 -0.376249
21.799966 -3.214789 3.642496 0.104591 -0.020672 0.039332 0.933228 -0.356527
21.999962 -3.410607 3.494304 0.111214 -0.013305 0.039464 0.933328 -0.356601
22.199959 -3.622926 3.386879 0.119928 -0.009831 0.028441 0.925388 -0.377825
22.399972 -3.859581 3.310398 0.130684 0.001526 -0.010279 0.907935 -0.418982
22.599977 -4.099509 3.232990 0.144987 0.008020 0.009459 0.879028 -0.476609
22.799986 -4.334658 3.145076 0.137574 0.042011 -0.030349 0.835723 -0.546700
22.999989 -4.546399 3.064298 0.108909 -0.018974 0.123234 -0.780018 0.613209
23.199988 -4.694662 2.953360 0.092540 0.031703 0.131524 -0.725119 0.675203
23.399987 -4.774640 2.750508 0.057753 0.033201 0.047553 -0.673874 0.736566
23.599989 -4.849634 2.487253 0.023360 -0.023196 0.006111 -0.637160 0.770358
23.799990 -4.932405 2.224419 -0.007799 -0.017440 0.059634 -0.621210 0.781177
23.999990 -4.981136 1.962701 -0.039195 -0.002276 0.102836 -0.623590 0.774955
24.199990 -4.949219 1.655284 -0.056929 0.037074 0.002399 -0.636283 0.770561
24.399992 -4.900533 1.311957 -0.062605 -0.006140 -0.061781 -0.652554 0.755194
24.599993 -4.897287 0.999585 -0.057234 -0.026382 -0.027479 -0.666771 0.744289
24.799993 -4.922978 0.736615 -0.061256 -0.004696 0.051416 -0.674317 0.736635
24.999993 -4.930290 0.459186 -0.047129 0.017079 0.035933 -0.677454 0.734488
25.199993 -4.913678 0.133198 -0.023029 -0.006960 -0.000846 -0.675597 0.737237
25.399992 -4.895146 -0.194805 -0.002117 -0.028416 0.012375 -0.671951 0.739947
25.599992 -4.862594 -0.489814 0.015411 -0.005143 0.018383 -0.670351 0.741799
25.799992 -4.819439 -0.783059 0.034277 0.016185 -0.011068 -0.669546 0.742512
25.999992 -4.787828 -1.091791 0.051823 0.024506 -0.024886 -0.668647 0.742759
26.199992 -4.788551 -1.383168 0.074670 -0.017344 -0.002247 -0.644378 0.764507
26.399992 -4.789365 -1.667134 0.089921 -0.041982 -0.003045 -0.611854 0.789850
26.599992 -4.765698 -1.926162 0.094233 -0.062347 -0.013931 -0.563803 0.823435
26.799992 -4.721942 -2.126214 0.100269 -0.070278 -0.010785 -0.502917 0.861405
26.999992 -4.662234 -2.267606 0.094814 -0.010707 0.006656 -0.432843 0.901381
27.199992 -4.600499 -2.384755 0.112306 0.007679 -0.039987 -0.345899 0.937388
27.399992 -4.578814 -2.499719 0.120157 -0.035424 -0.050554 -0.240540 0.968674
27.599993 -4.600448 -2.578698 0.116151 -0.072305 -0.000163 -0.123736 0.989677
27.799993 -4.608976 -2.601572 0.111889 -0.028173 0.014626 -0.000476 0.999496
27.999994 -4.601159 -2.598546 0.107107 -0.003665 -0.072021 0.135253 0.988183
28.199994 -4.628882 -2.577508 0.103302 -0.009500 -0.080341 0.271109 0.959143
28.399994 -4.779181 -2.559760 0.116126 0.015908 -0.003559 0.407587 0.913021
28.599994 -4.960938 -2.545129 0.137069 -0.005770 -0.017057 0.540413 0.841207
28.799994 -5.140671 -2.525908 0.154957 -0.035228 -0.048033 0.660839 0.748160
28.999993 -5.351380 -2.500642 0.172572 0.015020 -0.078210 0.765921 0.637983
29.199992 -5.605821 -2.517012 0.197768 0.079867 -0.027946 0.845838 0.526687
29.399992 -5.839284 -2.603877 0.249193 0.162729 -0.013295 0.882007 0.442047
29.599991 -5.982003 -2.766894 0.276430 0.084519 0.018663 0.910049 0.405364
29.799985 -6.051496 -2.957620 0.297111 -0.215029 0.122537 0.883859 0.396915
29.999990 -6.215121 -3.003482 0.302797 -0.121288 0.028293 0.866029 0.484233
30.199993 -6.491706 -2.918519 0.302034 0.157533 0.022789 0.801475 0.576456
30.399994 -6.685806 -2.860861 0.284836 0.198757 0.063329 0.712552 0.669892
30.599994 -6.687316 -2.901208 0.257507 0.042324 0.100812 0.644004 0.757168
30.799994 -6.584373 -2.923652 0.189028 -0.071679 -0.001885 0.545635 0.834950
30.999994 -6.533935 -2.865290 0.130419 0.066954 -0.012134 0.457731 0.886483
31.199994 -6.533122 -2.821490 0.112483 0.066359 0.111214 0.396937 0.908663
31.399994 -6.459784 -2.827781 0.106034 -0.005648 0.096617 0.349498 0.931925
31.599994 -6.264267 -2.813742 0.092698 -0.042315 -0.015415 0.320511 0.946174
31.799994 -6.059779 -2.747302 0.086265 0.012454 0.014166 0.309880 0.950589
31.999994 -5.854819 -2.665232 0.087691 -0.013950 0.056162 0.316985 0.946664
32.199994 -5.624295 -2.557186 0.095332 -0.039637 0.014802 0.337302 0.940445
32.399994 -5.390971 -2.402399 0.127100 -0.036688 -0.029359 0.366451 0.929250
32.599994 -5.199019 -2.217230 0.178936 -0.016281 -0.032287 0.402054 0.914902
32.799994 -5.048478 -2.028338 0.237467 -0.019267 -0.017355 0.438229 0.898489
32.999993 -4.923977 -1.840026 0.300841 -0.044897 -0.015161 0.474331 0.879070
33.199993 -4.822343 -1.627673 0.373487 -0.064691 -0.011797 0.508049 0.858814
33.399992 -4.753253 -1.372985 0.449328 -0.041681 -0.022036 0.540543 0.839994
33.599992 -4.721961 -1.083647 0.529213 -0.010744 -0.014782 0.568777 0.822289
33.799991 -4.720782 -0.784585 0.617587 0.010898 0.015940 0.589165 0.807782
33.999991 -4.718242 -0.480922 0.704275 0.012345 0.011847 0.605023 0.796024
34.199992 -4.699260 -0.176632 0.783273 0.017007 -0.003055 0.613728 0.789328
34.399992 -4.681595 0.109099 0.850180 -0.005657 -0.036152 0.615258 0.787476
34.599993 -4.695807 0.397975 0.874497 -0.004716 -0.031747 0.610216 0.791585
34.799993 -4.760360 0.706517 0.888028 0.025232 0.018006 0.596288 0.802172
34.999993 -4.815411 1.032283 0.891219 0.033818 0.039904 0.573870 0.817274
35.199994 -4.821630 1.372067 0.888148 0.024822 0.016482 0.543319 0.838997
35.399994 -4.796355 1.712730 0.882881 0.023896 0.004756 0.504932 0.862815
35.599994 -4.769655 2.041614 0.877913 0.029961 0.008969 0.457384 0.888719
35.799994 -4.746933 2.352403 0.881670 0.048549 0.018015 0.400117 0.915000
35.999993 -4.702753 2.638886 0.900145 0.071373 0.021486 0.332756 0.940063
36.199993 -4.615295 2.893956 0.923564 0.091011 -0.046525 0.246543 0.963726
36.399993 -4.530790 3.103906 0.935042 0.092648 -0.058853 0.164670 0.980223
36.599993 -4.499042 3.243989 0.938801 0.069918 -0.020709 0.086880 0.993546
36.799994 -4.499418 3.330494 0.941507 0.064324 -0.005942 0.005561 0.997896
36.999994 -4.500012 3.395096 0.938599 0.096218 -0.018726 -0.076854 0.992212
37.199994 -4.515499 3.402635 0.944338 0.076158 -0.007871 -0.154702 0.984990
37.399994 -4.549434 3.358780 0.939290 0.061022 0.013295 -0.231394 0.970854
37.599993 -4.595971 3.289742 0.931724 0.071202 0.025292 -0.304291 0.949578
37.799992 -4.649620 3.177537 0.924645 0.064009 0.032607 -0.372845 0.925109
37.999992 -4.695171 3.002509 0.917190 0.042398 0.033218 -0.438366 0.897181
38.199990 -4.733117 2.786106 0.903771 0.034062 0.037544 -0.495078 0.867368
38.399987 -4.760701 2.542513 0.892286 0.030195 0.043989 -0.546758 0.835589
38.599983 -4.778123 2.267438 0.879018 0.017403 0.040159 -0.588861 0.807049
38.799985 -4.783950 1.977488 0.869398 0.002883 0.029584 -0.624020 0.780842
38.999988 -4.782693 1.677706 0.863277 0.001419 0.026147 -0.652142 0.757645
39.199989 -4.781021 1.366855 0.854630 0.004150 0.023990 -0.674035 0.738298
39.399990 -4.780269 1.050356 0.849144 0.003165 0.019338 -0.690280 0.723277
39.599991 -4.780633 0.724252 0.841308 -0.001148 0.010615 -0.701195 0.712889
39.799991 -4.781932 0.383535 0.836592 -0.000648 0.011078 -0.707645 0.706481
39.999992 -4.781493 0.044259 0.826726 -0.003701 0.020875 -0.710527 0.703350
40.199991 -4.771773 -0.308819 0.822625 -0.007450 0.012763 -0.710897 0.703141
40.399991 -4.752984 -0.661839 0.821009 -0.004461 -0.006083 -0.709932 0.704230
40.599992 -4.745261 -1.011000 0.819805 -0.006232 -0.006665 -0.708032 0.706121
40.799992 -4.755177 -1.341271 0.810677 -0.018948 0.002511 -0.705789 0.708164
40.999992 -4.768128 -1.653706 0.779924 -0.041045 -0.002606 -0.702683 0.710313
41.199992 -4.770473 -1.939002 0.725779 -0.031912 0.000446 -0.701727 0.711731
41.399992 -4.763018 -2.122663 0.656426 0.029266 0.043087 -0.701628 0.710637
41.599991 -4.752011 -2.261480 0.631395 0.060868 0.070866 -0.699802 0.708202
41.799992 -4.753022 -2.412402 0.582989 0.007530 0.030875 -0.702952 0.710526
41.999993 -4.756603 -2.617873 0.527575 -0.040594 0.005029 -0.705354 0.707674
42.199993 -4.741195 -2.892316 0.455794 -0.022266 0.013647 -0.709894 0.703825
42.399993 -4.709687 -3.224733 0.372624 0.011370 0.019844 -0.714148 0.699621
42.599993 -4.675137 -3.587704 0.287814 0.013491 0.003135 -0.716327 0.697627
42.799993 -4.652897 -3.939648 0.205745 -0.021841 -0.002987 -0.716257 0.697488
42.999993 -4.634182 -4.232079 0.139392 -0.017174 0.020669 -0.713819 0.699815
43.199992 -4.599071 -4.505150 0.109288 -0.002974 0.023785 -0.712816 0.700941
43.399992 -4.547111 -4.796417 0.108191 0.046032 -0.029406 -0.723565 0.688091
43.599990 -4.526678 -5.109646 0.097043 0.077330 -0.072532 -0.749000 0.654032
43.799991 -4.605279 -5.433552 0.040054 0.007990 -0.025342 -0.795598 0.605241
43.999992 -4.723501 -5.731901 -0.026637 -0.042814 0.019949 -0.834807 0.548513
44.199992 -4.785027 -6.003493 -0.043752 -0.032614 0.049746 -0.879751 0.471699
44.399993 -4.799613 -6.280043 -0.082901 -0.033639 0.010243 -0.928334 0.370081
44.599994 -4.789389 -6.609554 -0.115298 -0.099345 0.063903 0.959223 -0.256785
44.799994 -4.885167 -6.914693 -0.085449 -0.092479 0.093946 0.981159 -0.141241
44.999994 -5.121911 -7.124187 -0.045761 0.060322 0.084987 0.994538 -0.005728
45.199994 -5.342519 -7.242818 -0.014525 0.148970 0.066090 0.977820 0.131562
45.399994 -5.402984 -7.330719 0.018628 0.057140 0.043861 0.963885 0.256393
45.599994 -5.363087 -7.420091 0.033611 -0.051743 0.032111 0.921823 0.382798
45.799994 -5.386970 -7.479377 0.035722 -0.011647 0.040448 0.864041 0.501659
45.999994 -5.484437 -7.491452 0.038381 0.042285 0.133644 0.788951 0.598254
46.199994 -5.515711 -7.449759 0.033872 0.012643 0.122741 0.722069 0.680728
46.399994 -5.438262 -7.346923 0.005082 -0.030423 0.050947 0.651282 0.756512
46.599994 -5.313837 -7.198079 -0.028621 -0.019975 0.005071 0.578206 0.815631
46.799994 -5.208792 -7.029591 -0.066361 -0.014923 0.026554 0.505669 0.862190
46.999994 -5.116125 -6.842513 -0.101693 -0.054707 0.047933 0.436215 0.896898
47.199994 -5.031717 -6.590009 -0.116453 -0.034827 0.007310 0.376571 0.925704
47.399994 -4.950869 -6.270313 -0.112551 0.015384 -0.009093 0.316563 0.948403
47.599993 -4.872103 -5.952599 -0.086642 0.004505 -0.023235 0.262353 0.964682
47.799993 -4.788246 -5.685258 -0.049961 -0.043732 -0.123869 0.219995 0.966616
47.999992 -4.819669 -5.419415 -0.006145 0.087161 -0.004681 0.176250 0.980468
48.199990 -4.894457 -5.192947 0.043219 0.086819 0.079958 0.139456 0.983169
48.399990 -4.902484 -5.031403 0.076062 0.018676 0.112485 0.095506 0.988877
48.599990 -4.811179 -4.869038 0.106356 0.040430 0.035180 0.053117 0.997149
48.799989 -4.679510 -4.709170 0.138900 0.081171 0.018086 0.018387 0.996366
48.999986 -4.550676 -4.610027 0.151853 0.041303 0.101048 -0.006267 0.994004
49.199983 -4.373321 -4.578777 0.153913 0.028307 0.074706 -0.037895 0.996083
49.399985 -4.134180 -4.575300 0.149455 0.033063 0.015919 -0.064527 0.997241
49.599981 -3.882455 -4.583478 0.135744 0.059263 0.046208 -0.083983 0.993629
49.799978 -3.602944 -4.621056 0.120833 0.034217 0.049195 -0.101420 0.993037
49.999980 -3.287059 -4.703254 0.107391 0.008829 -0.004749 -0.117746 0.992993
50.199986 -2.972069 -4.798855 0.113592 -0.036156 -0.007566 -0.126330 0.991300
50.399988 -2.670945 -4.875802 0.119401 -0.047312 0.001192 -0.125823 0.990923
50.599988 -2.392715 -4.907860 0.079689 -0.003246 0.011068 -0.119577 0.992758
50.799990 -2.110056 -4.931387 0.013737 -0.008684 0.012385 -0.106805 0.994165
50.999990 -1.810946 -4.955408 -0.040200 0.072479 0.018524 -0.090621 0.993072
51.199991 -1.500760 -5.036457 -0.039831 -0.039669 -0.001654 -0.073552 0.996501
51.399992 -1.196716 -5.120524 -0.055175 -0.168023 -0.016959 -0.048761 0.984430
51.599992 -0.914702 -5.062662 -0.087845 0.030178 0.002154 -0.033051 0.998996
51.799992 -0.630310 -4.950919 -0.101966 0.112673 0.021099 -0.024502 0.993106
51.999993 -0.336896 -4.959425 -0.085391 -0.010173 -0.000086 -0.058965 0.998208
52.199993 -0.050995 -4.986762 -0.086391 -0.008457 -0.049537 -0.126279 0.990721
52.399994 0.201735 -4.981315 -0.100794 0.034543 -0.113587 -0.212079 0.970014
52.599994 0.384511 -4.955063 -0.099432 0.030505 -0.052370 -0.296191 0.953204
52.799994 0.504590 -4.933500 -0.124439 0.005612 0.002692 -0.386373 0.922322
52.999994 0.625646 -4.927379 -0.137633 0.027661 -0.051644 -0.473675 0.878749
53.199994 0.726810 -4.930788 -0.137931 0.048784 -0.067174 -0.561802 0.823095
53.399993 0.737978 -4.932723 -0.135080 0.035225 -0.037023 -0.649994 0.758219
53.599992 0.687978 -4.920959 -0.120900 0.039718 -0.025030 -0.731006 0.680754
53.799990 0.591387 -4.908498 -0.106308 0.052191 -0.020030 -0.803024 0.593319
53.999990 0.434669 -4.913618 -0.087952 0.059549 -0.020934 -0.867076 0.494161
54.199989 0.223345 -4.915807 -0.081665 -0.044086 0.015746 0.918816 -0.391900
54.399988 -0.034902 -4.920608 -0.069608 -0.026777 0.004183 0.957583 -0.286881
54.599988 -0.313650 -4.931974 -0.050761 -0.024220 -0.004889 0.982006 -0.187226
54.799988 -0.588946 -4.941416 -0.031519 -0.018936 -0.002650 0.995707 -0.090570
54.999990 -0.866686 -4.948296 -0.000899 -0.009635 0.007227 0.999927 -0.000978
55.199992 -1.156040 -4.950251 0.044924 -0.000858 0.009105 0.996794 0.079483
55.399993 -1.473844 -4.947850 0.096711 0.002010 0.005902 0.987641 0.156609
55.599994 -1.807065 -4.943130 0.151395 0.003532 0.001772 0.974552 0.224128
55.799994 -2.140929 -4.942527 0.204639 0.013077 0.007248 0.959664 0.280751
55.999994 -2.470333 -4.936400 0.249674 0.016893 0.012390 0.944213 0.328669
56.199994 -2.782479 -4.919462 0.287741 -0.009566 0.026953 0.929658 0.367313
56.399993 -3.093682 -4.875076 0.329470 -0.027548 0.048175 0.914786 0.400109
56.599992 -3.407126 -4.780846 0.379799 -0.022258 0.063690 0.900774 0.429015
56.799991 -3.706853 -4.633247 0.434755 0.005265 0.049082 0.888075 0.457040
56.999991 -3.983165 -4.452739 0.493895 0.020155 0.044095 0.873331 0.484709
57.199991 -4.234905 -4.249193 0.565260 -0.057981 0.015777 0.855510 0.514288
57.399991 -4.519369 -4.008495 0.650887 -0.056494 0.019577 0.831452 0.552369
57.599983 -4.868608 -3.722655 0.749645 0.072394 0.074285 0.797703 0.594063
57.799986 -5.193897 -3.412677 0.875287 0.087266 0.040905 0.754301 0.649416
57.999993 -5.397683 -3.121174 0.951025 -0.074786 -0.076648 0.710945 0.695046
58.199993 -5.649767 -2.831491 0.978811 0.035859 -0.042701 0.674244 0.736401
58.399990 -5.946790 -2.558193 0.964161 0.085501 0.069616 0.642450 0.758354
58.599985 -6.186949 -2.329144 0.931540 0.048220 0.130337 0.632250 0.762199
58.799992 -6.322934 -2.061618 0.880630 -0.021729 0.042324 0.634155 0.771740
58.999993 -6.433141 -1.744287 0.832149 0.022187 0.008333 0.645507 0.763387
59.199993 -6.542095 -1.406558 0.792198 0.114031 -0.020540 0.632930 0.765490
59.399994 -6.621878 -1.121748 0.757430 0.120156 -0.005079 0.615513 0.778897
59.599994 -6.639313 -0.943514 0.737237 0.041178 0.018871 0.596761 0.801140
59.799994 -6.618864 -0.809803 0.721562 -0.012634 -0.020683 0.567865 0.822765
59.999994 -6.618611 -0.692699 0.701875 -0.009218 0.008703 0.542507 0.839955
60.199994 -6.641193 -0.569366 0.674703 0.013148 0.014635 0.528212 0.848884
60.399994 -6.650334 -0.448142 0.640838 0.019604 -0.014980 0.523816 0.851474
60.599994 -6.646675 -0.345153 0.602401 -0.017638 0.009410 0.520222 0.853797
60.799994 -6.651676 -0.243028 0.572025 -0.075632 0.072828 0.508958 0.854364
60.999994 -6.650245 -0.074668 0.553820 -0.077111 0.027009 0.507231 0.857928
61.199994 -6.648116 0.120939 0.524672 0.083834 -0.085154 0.492929 0.861825
61.399994 -6.678998 0.310019 0.476277 0.159891 -0.053494 0.462644 0.870364
61.599994 -6.714011 0.351375 0.429926 0.040011 0.053742 0.441295 0.894858
61.799994 -6.677012 0.351697 0.388935 -0.022095 -0.005017 0.406899 0.913192
61.999994 -6.632022 0.391304 0.344653 0.076101 -0.085568 0.360246 0.925802
62.199994 -6.643912 0.375014 0.315482 0.091013 -0.020822 0.318802 0.943212
62.399994 -6.680976 0.252674 0.281517 0.019124 0.046189 0.279383 0.958878
62.599994 -6.666134 0.109525 0.254328 0.021468 -0.001843 0.241681 0.970116
62.799994 -6.626369 -0.035935 0.256583 0.069926 -0.043269 0.210044 0.974228
62.999994 -6.619920 -0.226664 0.254540 0.043104 0.004456 0.189652 0.980895
63.199994 -6.630557 -0.465955 0.247935 0.005845 0.032305 0.172509 0.984461
63.399994 -6.616601 -0.711205 0.242711 0.008085 0.012485 0.161005 0.986842
63.599994 -6.580528 -0.954601 0.240548 0.013343 0.004787 0.155990 0.987657
63.799994 -6.543079 -1.207221 0.237233 -0.004174 0.031624 0.157250 0.987044
63.999994 -6.492959 -1.460038 0.236765 -0.025481 0.043765 0.162418 0.985422
64.199994 -6.414756 -1.699887 0.236249 -0.029540 0.030286 0.172875 0.984035
64.399994 -6.312117 -1.920617 0.232085 0.076683 0.037608 0.176528 0.980583
64.599993 -6.179757 -2.171800 0.232345 0.086134 0.062845 0.182779 0.977355
64.799994 -5.989222 -2.503994 0.202445 0.001690 0.068545 0.176796 0.981856
64.999993 -5.734050 -2.873902 0.181067 0.001428 0.013577 0.155170 0.987793
65.199992 -5.478041 -3.159636 0.163641 0.020133 0.018627 0.125493 0.991715
65.399992 -5.216488 -3.437283 0.163093 0.003507 0.022613 0.091887 0.995506
65.599992 -4.939054 -3.726583 0.173890 -0.016777 0.013800 0.051165 0.998454
65.799991 -4.652945 -4.019235 0.191361 -0.036883 0.008734 0.014017 0.999183
65.999990 -4.362453 -4.310459 0.207536 -0.055487 0.006783 -0.016217 0.998305
66.199988 -4.067409 -4.547150 0.228559 -0.049382 0.005329 -0.037251 0.998071
66.399985 -3.766731 -4.712649 0.251358 -0.037247 0.005614 -0.050339 0.998022
66.599980 -3.450792 -4.831434 0.269584 -0.044374 0.006773 -0.059492 0.997219
66.799979 -3.122673 -4.925238 0.290911 -0.054947 0.003239 -0.066434 0.996271
66.999982 -2.796288 -4.988827 0.308344 -0.043131 -0.008042 -0.074737 0.996238
67.199986 -2.480459 -5.017976 0.327220 -0.033424 -0.011818 -0.087072 0.995571
67.399988 -2.186822 -5.013662 0.337037 -0.026199 -0.005099 -0.100341 0.994595
67.599991 -1.903556 -4.980420 0.343962 -0.011234 0.002280 -0.117810 0.992970
67.799992 -1.603066 -4.931016 0.343051 0.002627 0.002490 -0.141657 0.989909
67.999993 -1.306020 -4.880642 0.331873 0.020712 0.006874 -0.174730 0.984375
68.199994 -1.011447 -4.850107 0.312282 0.038513 0.014329 -0.220234 0.974581
68.399994 -0.698504 -4.849237 0.272487 0.050238 0.021851 -0.280351 0.958333
68.599994 -0.389140 -4.884121 0.229636 0.042265 0.012729 -0.356188 0.933371
68.799994 -0.078972 -4.960249 0.178363 -0.026060 -0.080120 -0.445299 0.891409
68.999994 0.202595 -5.001664 0.145019 -0.007672 -0.081891 -0.552180 0.829658
69.199993 0.443148 -4.978436 0.104330 0.024419 0.016384 -0.671036 0.740841
69.399990 0.636665 -4.947121 0.090744 0.070187 0.055085 -0.786306 0.611361
69.599988 0.789761 -4.987023 0.100071 0.099077 0.039104 -0.871640 0.478433
69.799989 0.891285 -5.095357 0.080736 -0.075048 -0.008537 0.914521 -0.397424
69.999989 0.949685 -5.244334 0.045675 -0.039783 -0.020747 0.927861 -0.370217
70.199990 0.976672 -5.413312 0.005627 -0.026488 -0.053948 0.931093 -0.359796
70.399989 0.974623 -5.620922 -0.032913 -0.064248 -0.042891 0.936393 -0.342345
70.599985 0.959683 -5.877714 -0.047518 -0.059691 -0.037848 0.951950 -0.297985
70.799991 0.884394 -6.174519 -0.054739 0.064381 0.019969 0.976482 -0.204789
70.999991 0.835088 -6.447949 -0.106116 0.036338 0.056540 0.994647 -0.078488
71.199992 0.842780 -6.668136 -0.147539 -0.045532 0.063379 0.995869 0.046416
71.399994 0.832246 -6.834626 -0.175195 0.058535 0.045191 0.982852 0.168920
71.599994 0.821712 -6.979356 -0.203763 0.110256 0.036765 0.951940 0.283375
71.799994 0.922038 -7.116211 -0.194479 0.049484 0.068792 0.918092 0.387203
71.999994 1.093651 -7.202604 -0.179620 -0.019917 0.067795 0.865215 0.496396
72.199994 1.264693 -7.201027 -0.152370 0.001972 0.037415 0.789356 0.612791
72.399994 1.429954 -7.146181 -0.101710 0.046432 0.045137 0.692784 0.718232
72.599993 1.664248 -7.109980 -0.054961 0.036382 0.053003 0.580226 0.811914
72.799991 1.931540 -7.104495 -0.001844 0.012121 0.023065 0.446087 0.894610
72.999987 2.201882 -7.100555 0.065829 0.007256 -0.000236 0.305071 0.952302
73.199987 2.489511 -7.074895 0.119323 0.020678 -0.009784 0.175679 0.984182
73.399989 2.775823 -7.004811 0.142169 0.048301 0.007599 0.061374 0.996917
73.599991 3.076651 -6.948519 0.146970 0.005317 0.027152 -0.018583 0.999444
73.799992 3.390466 -6.945797 0.164069 -0.029428 0.012156 -0.070425 0.997009
73.999993 3.712380 -6.955481 0.180475 -0.012905 -0.070441 -0.094351 0.992960
74.199993 3.997729 -6.941173 0.178152 -0.002747 -0.196543 -0.101272 0.975247
74.399993 4.121858 -6.878973 0.182453 -0.067967 -0.002981 -0.094536 0.993194
74.599993 4.167948 -6.724856 0.184220 -0.046394 0.033827 -0.068506 0.995997
74.799993 4.265462 -6.503685 0.194653 -0.003727 -0.122732 -0.021838 0.992193
74.999993 4.309643 -6.287341 0.196491 -0.062267 -0.077257 0.033954 0.994485
75.199992 4.252563 -6.058445 0.177867 -0.017736 0.073734 0.091265 0.992935
75.399989 4.228376 -5.807031 0.139861 -0.001771 -0.004227 0.161627 0.986841
75.599992 4.224612 -5.547061 0.073141 0.016065 -0.060076 0.228845 0.971475
75.799989 4.154195 -5.272973 0.013669 0.088210 0.113455 0.286183 0.947336
75.999987 4.138233 -5.041190 -0.003526 0.105454 0.098147 0.327868 0.933675
76.199991 4.273253 -4.849120 -0.050700 0.010611 -0.021259 0.364080 0.931064
76.399991 4.426270 -4.678930 -0.105763 -0.036918 0.038585 0.413191 0.909077
76.599990 4.550994 -4.479738 -0.126764 -0.022013 0.084264 0.483958 0.870747
76.799989 4.712092 -4.240742 -0.137654 -0.039553 0.064901 0.569756 0.818292
76.999989 4.890835 -3.946663 -0.149713 -0.038751 0.000100 0.655178 0.754480
77.199989 5.061091 -3.598872 -0.143229 0.011832 -0.050062 0.723597 0.688303
77.399991 5.211680 -3.250868 -0.169276 0.003749 -0.053921 0.780260 0.623116
77.599991 5.344070 -2.955876 -0.164850 -0.035277 -0.043221 0.830337 0.554462
77.799991 5.440381 -2.718889 -0.143430 -0.068739 -0.022616 0.863391 0.499319
77.999992 5.467924 -2.478554 -0.103031 -0.036331 -0.026240 0.880433 0.472048
78.199991 5.429483 -2.206152 -0.062308 0.033723 0.010992 0.885873 0.462570
78.399991 5.401444 -1.904701 -0.039100 0.030426 0.006101 0.871616 0.489207
78.599992 5.423903 -1.611137 -0.030930 -0.041706 -0.062993 0.839725 0.537730
78.799992 5.415923 -1.340800 0.003728 -0.054922 -0.094840 0.822680 0.557841
78.999988 5.303353 -1.125030 0.036318 -0.031081 -0.016741 0.852612 0.521351
79.199987 5.158104 -0.941441 0.063146 -0.005813 0.065573 0.895298 0.440576
79.399988 5.017385 -0.679897 0.110687 0.024618 0.053656 0.934767 0.350322
79.599989 4.891261 -0.331710 0.147914 0.050314 0.006036 0.953860 0.295946
79.799990 4.811077 0.028682 0.172260 0.034924 -0.026647 0.947824 0.315753
79.999989 4.756276 0.346141 0.183837 0.002656 -0.013423 0.915846 0.401296
80.199982 4.671682 0.627091 0.198994 -0.029931 -0.008922 0.853987 0.519357
80.399984 4.537577 0.903278 0.219110 -0.047395 -0.072729 0.773384 0.627966
80.599984 4.372013 1.183685 0.249709 -0.016762 -0.079868 0.708492 0.700985
80.799949 4.159704 1.440664 0.295877 0.021126 -0.030945 0.683147 0.729319
80.999825 3.943300 1.679329 0.358487 -0.014881 -0.009896 0.697454 0.716407
81.199890 3.717639 1.909553 0.417746 -0.031608 -0.041777 0.739575 0.671033
81.399876 3.432020 2.120321 0.485812 -0.015417 -0.040374 0.796612 0.602945
81.599438 3.075589 2.307430 0.549545 0.024054 -0.002066 0.851199 0.524287
81.799342 2.713688 2.494514 0.615488 0.034277 0.020146 0.887608 0.458879
81.949851 2.471770 2.646589 0.672699 0.007474 0.021300 0.899639 0.436051
82.149927 2.169926 2.872123 0.713991 -0.027743 0.004183 0.887693 0.459580
82.349969 1.858509 3.116517 0.741767 -0.019658 0.010200 0.841561 0.539707
82.549981 1.514798 3.357288 0.759095 0.017074 0.055866 0.759157 0.648281
82.749989 1.216900 3.628404 0.778529 0.039208 0.077188 0.638351 0.764862
82.999286 0.889545 4.019904 0.786148 0.046829 0.019089 0.449972 0.891610
83.199968 0.741580 4.361244 0.756896 0.047304 0.013847 0.286711 0.956748
83.399986 0.586816 4.654868 0.704687 0.024268 0.044825 0.148658 0.987574
83.599990 0.466394 4.943880 0.642567 0.093899 -0.005189 0.042255 0.994671
83.799992 0.374567 5.181919 0.594925 0.080902 0.005844 -0.031123 0.996219
83.999992 0.280780 5.349976 0.542289 0.042613 0.116954 -0.072783 0.989550
84.199993 0.250709 5.478638 0.435700 0.079971 0.039106 -0.106810 0.990286
84.399994 0.260130 5.574593 0.296275 0.055874 0.028698 -0.121530 0.990598
84.599994 0.289697 5.620215 0.169769 0.015114 0.125139 -0.125222 0.984089
84.799994 0.395721 5.650475 0.083846 0.052017 0.057688 -0.127778 0.988756
84.999994 0.567295 5.653072 0.026042 0.060541 0.011021 -0.123309 0.990459
85.199994 0.752977 5.613993 -0.017645 0.021286 0.069310 -0.111622 0.991102
85.399994 0.975245 5.557790 -0.037688 -0.003053 0.079431 -0.100506 0.991756
85.599994 1.257054 5.511458 -0.025793 0.007434 0.009739 -0.085265 0.996283
85.799993 1.565226 5.479414 -0.008210 0.015185 -0.006567 -0.067066 0.997611
85.999993 1.875443 5.454290 0.011153 0.026015 0.005195 -0.045083 0.998631
86.199993 2.188776 5.422706 0.037004 0.010381 0.012349 -0.019753 0.999675
86.399993 2.494827 5.385346 0.075343 0.068483 0.013830 0.006816 0.997533
86.599992 2.803390 5.322455 0.115991 0.093466 0.002196 0.035810 0.994976
86.799992 3.102308 5.181904 0.174640 -0.079420 0.009236 0.063566 0.994770
86.999991 3.398365 5.103740 0.306192 -0.110619 0.018836 0.086097 0.989947
87.199994 3.689861 5.164623 0.442602 -0.019131 -0.422791 0.142039 0.894822
87.399994 3.807603 5.230818 0.465577 0.064505 -0.338607 0.134734 0.928995
87.599990 3.582662 5.200858 0.366973 0.031138 0.097225 0.139888 0.984890
87.799988 3.242731 5.134917 0.329298 -0.024898 0.307277 0.125696 0.942954
87.999990 3.153056 5.121815 0.312245 -0.009575 0.038584 0.120241 0.991948
88.199992 3.321694 5.159366 0.278237 0.040780 -0.135772 0.114284 0.983281
88.399992 3.428522 5.188548 0.210105 0.033580 -0.075415 0.115502 0.989871
88.599990 3.396524 5.175934 0.175343 -0.003256 0.128377 0.120731 0.984344
88.799990 3.378588 5.164725 0.187195 -0.010918 0.037161 0.119025 0.992136
88.999992 3.403149 5.168804 0.227757 0.018927 -0.070658 0.118308 0.990279
89.199991 3.382461 5.171831 0.241253 0.025254 -0.003455 0.117515 0.992744
