0.799989 -0.000378 -0.000435 -0.000133 0.000026 -0.000047 -0.000075 1.000000
0.999989 -0.001182 -0.000578 -0.000349 0.000043 -0.000129 -0.000170 1.000000
1.199989 -0.001968 -0.000702 -0.000641 0.000046 -0.000156 -0.000215 1.000000
1.399989 -0.002423 -0.000698 -0.000801 0.000054 -0.000191 -0.000222 1.000000
1.599989 -0.002780 -0.000682 -0.000840 0.000058 -0.000230 -0.000242 1.000000
1.799989 -0.002763 -0.000590 -0.000719 0.000032 -0.000225 -0.000236 1.000000
1.999989 -0.003107 -0.000586 -0.000693 0.000025 -0.000259 -0.000278 1.000000
2.199989 -0.003023 -0.000561 -0.000609 0.000015 -0.000236 -0.000263 1.000000
2.399989 -0.002970 -0.000563 -0.000617 0.000019 -0.000245 -0.000263 1.000000
2.599989 -0.002807 -0.000570 -0.000636 0.000021 -0.000231 -0.000251 1.000000
2.799989 -0.002661 -0.000580 -0.000643 0.000025 -0.000223 -0.000245 1.000000
2.999989 -0.002647 -0.000601 -0.000625 0.000024 -0.000223 -0.000245 1.000000
3.199989 -0.002586 -0.000587 -0.000583 0.000019 -0.000214 -0.000239 1.000000
3.399989 -0.002739 -0.000573 -0.000601 0.000019 -0.000228 -0.000251 1.000000
3.599989 -0.002884 -0.000572 -0.000638 0.000019 -0.000231 -0.000256 1.000000
3.799989 -0.002890 -0.000583 -0.000667 0.000020 -0.000229 -0.000253 1.000000
3.999989 -0.002864 -0.000593 -0.000672 0.000021 -0.000231 -0.000252 1.000000
4.199989 -0.002800 -0.000599 -0.000644 0.000021 -0.000230 -0.000251 1.000000
4.399989 -0.002782 -0.000592 -0.000625 0.000021 -0.000230 -0.000250 1.000000
4.599989 -0.002772 -0.000578 -0.000621 0.000020 -0.000228 -0.000251 1.000000
4.799989 -0.002794 -0.000576 -0.000629 0.000020 -0.000230 -0.000253 1.000000
4.999989 -0.002856 -0.000579 -0.000650 0.000020 -0.000233 -0.000254 1.000000
5.199989 -0.002903 -0.000590 -0.000666 0.000021 -0.000234 -0.000255 1.000000
5.399989 -0.002806 -0.000585 -0.000648 0.000020 -0.000227 -0.000248 1.000000
5.599989 -0.002821 -0.000581 -0.000646 0.000021 -0.000233 -0.000253 1.000000
5.799989 -0.002876 -0.000583 -0.000650 0.000020 -0.000234 -0.000255 1.000000
5.999989 -0.002943 -0.000597 -0.000660 0.000021 -0.000237 -0.000258 1.000000
6.199991 -0.002813 -0.003728 0.009103 -0.080470 -0.068751 0.002946 0.994379
6.399994 -0.032602 0.027585 0.029624 -0.173084 -0.181521 0.030273 0.967562
6.599988 -0.196666 0.205177 0.007615 0.026098 0.030155 0.016535 0.999068
6.799987 -0.385610 0.388694 -0.071679 -0.001327 0.038929 0.006813 0.999218
6.999991 -0.510539 0.535118 -0.073123 -0.027995 -0.144074 0.002314 0.989168
7.199987 -0.714187 0.699843 -0.036390 0.102219 -0.055248 -0.000952 0.993226
7.399985 -1.023224 0.826462 0.008473 0.096998 0.033764 -0.009092 0.994670
7.599989 -1.302896 0.840059 0.015900 -0.018446 -0.007628 -0.036391 0.999138
7.799987 -1.561210 0.876818 0.097884 0.041427 0.021249 -0.057749 0.997245
7.999987 -1.807666 0.910301 0.230353 0.063075 0.056564 -0.076842 0.993437
8.199989 -2.016902 0.869745 0.363508 -0.036947 0.048311 -0.100653 0.993061
8.399990 -2.172822 0.821316 0.490768 -0.062108 0.009842 -0.117859 0.991037
8.599987 -2.305537 0.827098 0.595656 0.148802 0.059967 -0.120341 0.979684
8.799984 -2.411248 0.794483 0.708228 0.146267 0.113060 -0.114440 0.976077
8.999989 -2.440713 0.603309 0.784298 -0.002447 -0.013774 -0.137356 0.990423
9.199990 -2.454912 0.361521 0.803875 -0.059433 0.050385 -0.136722 0.987541
9.399990 -2.439601 0.185627 0.802781 -0.056347 0.067274 -0.123355 0.988475
9.599991 -2.359135 0.069306 0.777159 -0.090707 -0.074301 -0.080155 0.989862
9.799991 -2.306501 0.028446 0.757215 -0.060097 -0.036680 -0.020401 0.997310
9.999992 -2.300090 0.038280 0.714196 -0.005956 0.024864 0.067128 0.997417
10.199993 -2.273628 0.049598 0.678742 -0.049169 0.014328 0.182826 0.981810
10.399994 -2.201957 0.072840 0.627468 -0.082693 -0.007217 0.313263 0.946032
10.599994 -2.147978 0.146656 0.583654 -0.047374 -0.019276 0.452154 0.890472
10.799994 -2.163330 0.280353 0.522626 -0.035159 0.003228 0.576581 0.816277
10.999993 -2.208636 0.464981 0.458598 -0.045449 0.038650 0.677090 0.733478
11.199993 -2.228232 0.683746 0.391350 -0.055593 0.035076 0.758979 0.647788
11.399993 -2.233629 0.931349 0.321448 -0.041019 0.007417 0.820891 0.569562
11.599989 -2.267638 1.197698 0.254160 -0.008914 0.004606 0.864679 0.502224
11.799986 -2.320056 1.465728 0.189616 0.005251 0.027165 0.895907 0.443379
11.999983 -2.349894 1.755661 0.137608 -0.005392 0.021486 0.918283 0.395304
12.199982 -2.363811 2.078797 0.105038 -0.018856 -0.004222 0.934479 0.355495
12.399980 -2.399111 2.406787 0.067702 -0.042027 -0.009576 0.946035 0.321185
12.599975 -2.464656 2.712474 0.066615 -0.073269 -0.001710 0.953654 0.291843
12.799970 -2.572762 3.004700 0.092489 -0.044983 0.010048 0.966816 0.251282
12.999971 -2.709922 3.305368 0.115852 0.031572 0.014233 0.981598 0.187791
13.199972 -2.813293 3.616943 0.122337 0.039128 -0.009601 0.994627 0.095366
13.399955 -2.888400 3.929121 0.123526 0.001386 0.013840 0.999872 -0.007896
13.599952 -2.940504 4.248364 0.098748 -0.012720 0.024915 0.996808 -0.074781
13.799976 -2.983536 4.572490 0.063264 -0.006222 -0.020562 0.998295 -0.054280
13.999971 -2.994484 4.862562 0.046982 -0.112639 -0.110330 0.986840 0.035878
14.199990 -3.135515 5.038627 0.020074 0.108609 -0.063548 0.986523 0.104581
14.399984 -3.236841 5.139207 -0.020405 0.039627 0.016027 0.988750 0.143340
14.599958 -3.242601 5.261981 -0.022858 -0.125966 -0.001249 0.984686 0.120521
14.799969 -3.302331 5.430711 0.019881 -0.072889 -0.039569 0.994763 0.059739
14.999986 -3.442812 5.568885 0.078933 0.082320 -0.046933 0.994948 -0.033139
15.199989 -3.565502 5.615255 0.144173 0.135072 -0.047772 0.978648 -0.147383
15.399989 -3.555971 5.590165 0.216192 0.056041 -0.058556 0.961936 -0.260979
15.599987 -3.422765 5.566679 0.271717 -0.034306 -0.048634 0.925816 -0.373258
15.799988 -3.298947 5.515764 0.295519 -0.039417 -0.032790 0.878047 -0.475820
15.999990 -3.196774 5.418891 0.265149 0.007363 -0.031596 0.839623 -0.542200
16.199991 -3.088760 5.286548 0.209707 -0.011121 -0.031291 0.818210 -0.573960
16.399990 -2.988835 5.108082 0.142133 0.047953 -0.005810 -0.811899 0.581796
16.599989 -2.918709 4.895111 0.095947 0.075502 -0.034418 -0.817886 0.569366
16.799987 -2.905217 4.667833 0.054984 0.073478 -0.036127 -0.835293 0.543675
16.999987 -2.942051 4.431272 0.014562 0.029779 -0.043466 -0.860081 0.507429
17.199986 -2.995435 4.205720 -0.012832 0.013722 -0.032462 -0.882924 0.468191
17.399982 -3.047878 3.991740 -0.029250 0.032006 -0.050080 -0.900772 0.430207
17.599974 -3.125606 3.781843 -0.038156 -0.043270 0.062246 0.913450 -0.399828
17.799967 -3.260880 3.589143 -0.048888 -0.034691 0.085897 0.918636 -0.384092
17.999966 -3.457034 3.442123 -0.064289 -0.019428 0.099178 0.915536 -0.389333
18.199973 -3.697455 3.366665 -0.072475 -0.002925 0.051522 0.904121 -0.424148
18.399983 -3.950394 3.335371 -0.069909 0.002957 -0.016566 0.878827 -0.476844
18.599986 -4.183443 3.282431 -0.042805 0.003133 -0.052934 0.839870 -0.540191
18.799988 -4.380227 3.177331 -0.009659 0.012591 -0.053021 0.792362 -0.607612
18.999988 -4.533597 3.047478 0.013500 0.012165 0.046928 -0.740529 0.670273
19.199988 -4.675056 2.871832 0.033506 0.006477 0.057710 -0.687532 0.723828
19.399989 -4.800872 2.650816 0.060429 0.004722 0.062038 -0.646316 0.760530
19.599989 -4.887504 2.397539 0.079240 0.007373 0.056407 -0.623779 0.779528
19.799989 -4.927040 2.103161 0.096223 0.003815 0.014768 -0.624799 0.780636
19.999990 -4.937818 1.798287 0.117484 -0.017661 -0.005964 -0.644343 0.764510
20.199991 -4.937924 1.495899 0.136202 -0.037624 0.014990 -0.669425 0.741774
20.399992 -4.927990 1.206774 0.118335 -0.035879 0.041911 -0.687392 0.724188
20.599992 -4.864867 0.914970 0.092923 0.066995 -0.025815 -0.685498 0.724526
20.799993 -4.846618 0.596755 0.083183 0.031254 -0.027134 -0.669461 0.741693
20.999993 -4.892999 0.273134 0.081285 -0.021929 0.020932 -0.644814 0.763738
21.199993 -4.927608 -0.037882 0.086876 -0.080641 0.043241 -0.621596 0.777975
21.399991 -4.867360 -0.325309 0.105476 -0.034949 -0.034804 -0.589795 0.806045
21.599991 -4.752323 -0.568448 0.144632 0.044660 -0.071081 -0.533681 0.841509
21.799990 -4.714886 -0.808391 0.182655 0.082431 -0.017156 -0.455861 0.886060
21.999991 -4.771970 -1.104088 0.220376 -0.009265 0.034679 -0.410224 0.911278
22.199992 -4.807920 -1.438896 0.252546 -0.046010 0.022710 -0.413926 0.908863
22.399991 -4.777605 -1.768317 0.283868 -0.016851 -0.013254 -0.471560 0.881573
22.599991 -4.730922 -2.070747 0.307932 0.019697 -0.057536 -0.569357 0.819838
22.799993 -4.713920 -2.350355 0.358079 0.013588 -0.072399 -0.696160 0.714098
22.999994 -4.787266 -2.594937 0.398616 -0.047359 -0.057198 -0.820193 0.567247
23.199993 -4.901531 -2.737564 0.439230 -0.042548 -0.049099 -0.915201 0.397727
23.399992 -5.004555 -2.867146 0.420992 -0.003989 0.021696 0.975628 -0.218320
23.599989 -5.077302 -3.004243 0.379263 -0.036223 0.029300 0.997560 -0.052001
23.799980 -5.159649 -3.108557 0.329210 -0.046193 0.048318 0.992274 0.104516
23.999985 -5.292495 -3.143013 0.270663 -0.082617 0.035105 0.967238 0.237472
24.199989 -5.509550 -3.117099 0.196344 -0.051423 0.023295 0.934910 0.350366
24.399990 -5.794066 -3.066267 0.118632 0.046496 0.078379 0.892253 0.442243
24.599992 -6.027514 -3.003629 0.046292 0.080333 0.065491 0.854632 0.508785
24.799993 -6.143599 -2.919356 -0.009648 -0.031257 -0.019983 0.831234 0.554683
24.999993 -6.255504 -2.812615 -0.026449 -0.064297 -0.029608 0.813865 0.576726
25.199994 -6.472449 -2.686540 -0.006647 0.107853 -0.005798 0.813330 0.571690
25.399993 -6.676542 -2.627010 0.023791 0.106479 0.148360 0.806949 0.561680
25.599992 -6.719224 -2.541360 0.103238 -0.020936 0.144971 0.802638 0.578201
25.799994 -6.654530 -2.338346 0.200192 0.004338 -0.152917 0.752840 0.640179
25.999994 -6.668978 -2.166695 0.255384 0.199083 -0.156601 0.663563 0.703937
26.199994 -6.731319 -2.174882 0.244652 0.109472 0.091164 0.587541 0.796555
26.399994 -6.707319 -2.341091 0.216902 -0.041547 0.132646 0.444769 0.884794
26.599994 -6.582810 -2.415290 0.198448 0.047320 -0.039262 0.281629 0.957551
26.799993 -6.441908 -2.448741 0.219008 0.161060 -0.049778 0.103844 0.980203
26.999992 -6.344293 -2.576382 0.203384 -0.008575 0.090809 -0.055569 0.994280
27.199991 -6.187695 -2.778405 0.208685 -0.021006 0.033741 -0.219302 0.974847
27.399987 -5.976787 -2.967609 0.207894 0.074349 0.015736 -0.354602 0.931924
27.599984 -5.778652 -3.208765 0.215350 0.049314 0.002656 -0.469384 0.881612
27.799988 -5.594339 -3.529894 0.215172 -0.011797 -0.039497 -0.564254 0.824572
27.999991 -5.431243 -3.847460 0.231372 -0.026797 0.011562 -0.633870 0.772889
28.199991 -5.242710 -4.134914 0.249534 0.014269 0.010831 -0.686433 0.726972
28.399991 -5.030085 -4.421063 0.271516 0.027380 -0.010411 -0.725296 0.687814
28.599991 -4.839367 -4.714956 0.283205 0.041190 -0.040887 -0.747820 0.661360
28.799990 -4.697377 -5.009388 0.267540 0.055653 -0.036969 -0.756623 0.650429
28.999989 -4.617539 -5.317503 0.239019 0.046361 -0.020353 -0.761632 0.646029
29.199990 -4.588493 -5.629248 0.204807 0.029121 -0.026172 -0.770327 0.636446
29.399991 -4.584044 -5.929022 0.175828 0.022067 -0.038079 -0.788677 0.613230
29.599992 -4.604212 -6.206220 0.168163 -0.018707 -0.001891 -0.825289 0.564397
29.799993 -4.615822 -6.461808 0.142873 -0.008381 -0.048451 -0.876328 0.479199
29.999994 -4.629192 -6.718733 0.132867 -0.046184 0.068359 0.936665 -0.340370
30.199994 -4.694218 -6.977486 0.117373 -0.066578 0.081927 0.979637 -0.170785
30.399994 -4.829667 -7.169014 0.102251 -0.054726 0.073404 0.995799 -0.000823
30.599994 -4.999035 -7.290776 0.066550 -0.047368 0.047019 0.984294 0.163435
30.799994 -5.182660 -7.381534 0.034940 -0.063913 0.021596 0.942572 0.327118
30.999994 -5.395759 -7.462129 0.008721 -0.034209 0.033881 0.877152 0.477793
31.199994 -5.644329 -7.514004 -0.023254 0.079837 0.117592 0.786954 0.600417
31.399994 -5.805129 -7.532302 -0.057685 0.061763 0.119357 0.702700 0.698679
31.599994 -5.839038 -7.526643 -0.100742 -0.029294 0.047174 0.623418 0.779915
31.799994 -5.830687 -7.492530 -0.130894 -0.026293 0.002171 0.540990 0.840615
31.999994 -5.840428 -7.428797 -0.148610 0.032154 0.024559 0.471717 0.880821
32.199994 -5.838564 -7.370020 -0.138508 0.053541 0.050802 0.416848 0.905975
32.399994 -5.779404 -7.338034 -0.116214 0.039285 0.044838 0.376195 0.924621
32.599994 -5.658512 -7.330600 -0.088686 0.021614 0.023350 0.346919 0.937355
32.799994 -5.509084 -7.337001 -0.054728 0.013479 0.026364 0.329498 0.943692
32.999994 -5.340984 -7.352275 -0.019581 -0.000184 0.021855 0.321919 0.946515
33.199994 -5.154896 -7.368560 0.020008 -0.017912 -0.001758 0.322405 0.946431
33.399994 -4.968203 -7.377472 0.070854 -0.032761 -0.020269 0.329338 0.943426
33.599994 -4.802747 -7.372908 0.135638 -0.050580 -0.028665 0.340112 0.938586
33.799994 -4.671878 -7.349458 0.215095 -0.121803 -0.029327 0.350955 0.927973
33.999994 -4.596925 -7.257623 0.285259 -0.086593 -0.022018 0.364371 0.926958
34.199994 -4.564495 -7.099508 0.349877 -0.044673 -0.044939 0.377444 0.923862
34.399994 -4.571095 -6.933127 0.399158 -0.051592 0.007537 0.380430 0.923339
34.599994 -4.599929 -6.751345 0.413632 -0.073402 0.031042 0.374782 0.923681
34.799993 -4.618821 -6.514730 0.427464 -0.043415 0.024780 0.365708 0.929386
34.999993 -4.624999 -6.224237 0.424652 0.012215 0.011974 0.350621 0.936361
35.199992 -4.615831 -5.920108 0.413153 0.031731 0.046173 0.327032 0.943351
35.399993 -4.568992 -5.646700 0.404868 -0.041416 -0.084117 0.299078 0.949611
35.599993 -4.530098 -5.391470 0.424200 0.004736 -0.151367 0.276574 0.948985
35.799986 -4.649813 -5.149194 0.418040 0.154809 0.133400 0.241502 0.948639
35.999976 -4.712489 -4.994952 0.420686 0.033645 0.189816 0.208425 0.958852
36.199991 -4.590894 -4.861839 0.400855 -0.006233 -0.048704 0.147713 0.987811
36.399990 -4.442071 -4.698712 0.368256 0.082139 -0.036974 0.092189 0.991659
36.599979 -4.351641 -4.581477 0.302814 0.072937 0.147356 0.057093 0.984737
36.799984 -4.177013 -4.566569 0.235393 -0.005522 0.078548 0.000027 0.996895
36.999984 -3.903538 -4.567815 0.169261 0.044319 -0.019038 -0.041307 0.997982
37.199981 -3.623976 -4.578689 0.099211 0.028509 0.033359 -0.074278 0.996272
37.399978 -3.345283 -4.607839 0.045944 0.003383 0.050187 -0.102769 0.993433
37.599986 -3.032478 -4.639647 0.031385 -0.001032 -0.010544 -0.125770 0.992003
37.799987 -2.711557 -4.673959 0.049463 0.068534 -0.029942 -0.143689 0.986793
37.999991 -2.417698 -4.763924 0.092457 -0.092074 -0.014863 -0.152561 0.983883
38.199991 -2.169501 -4.821181 0.116691 -0.057087 0.004112 -0.152645 0.986622
38.399991 -1.899176 -4.802370 0.116616 0.063996 0.018194 -0.141530 0.987696
38.599992 -1.601013 -4.821130 0.107316 0.030174 -0.021258 -0.133297 0.990388
38.799993 -1.307757 -4.883889 0.098256 -0.036930 -0.017930 -0.119058 0.992038
38.999993 -1.010023 -4.935558 0.115282 -0.048239 -0.006283 -0.099514 0.993846
39.199993 -0.707226 -4.945814 0.124779 -0.086842 -0.018086 -0.082648 0.992623
39.399993 -0.403334 -4.882098 0.126557 -0.008103 -0.018214 -0.070232 0.997331
39.599993 -0.107102 -4.776007 0.144970 0.200659 0.021429 -0.061634 0.977486
39.799993 0.181191 -4.785833 0.149466 0.067001 0.012678 -0.093206 0.993309
39.999994 0.488023 -4.931726 0.147422 -0.031008 -0.045717 -0.157017 0.986050
40.199994 0.780011 -5.050076 0.130607 0.043340 -0.024348 -0.245388 0.968150
40.399994 1.034897 -5.137876 0.138997 0.049886 -0.118533 -0.352389 0.926975
40.599993 1.229899 -5.257432 0.132536 0.035557 -0.142333 -0.507203 0.849248
40.799992 1.318398 -5.360584 0.080863 -0.029080 0.106255 -0.682489 0.722546
40.999985 1.424729 -5.506938 0.078385 0.243218 -0.008913 -0.822245 0.514470
41.199993 1.428731 -5.800887 0.138604 0.155843 -0.209272 -0.905238 0.335353
41.399836 1.295253 -6.009094 0.201010 -0.006577 0.226685 0.950383 -0.212939
41.599992 1.108668 -5.982096 0.209877 0.083357 0.039861 0.979313 -0.180023
41.799993 0.952270 -5.855586 0.216423 0.176386 -0.146527 0.951396 -0.205580
41.999992 0.978009 -5.837601 0.240048 0.027499 -0.167996 0.954298 -0.245635
42.199990 1.131895 -6.051446 0.249072 -0.199895 -0.012784 0.930466 -0.306775
42.399988 1.205268 -6.363139 0.292352 -0.100353 0.163093 0.905482 -0.378724
42.599992 1.052584 -6.557983 0.357984 0.178997 0.054765 0.876567 -0.443386
42.799993 0.893837 -6.562011 0.453952 0.193323 -0.109389 0.839159 -0.496459
42.999992 0.933723 -6.512496 0.555360 -0.006953 -0.115150 0.840233 -0.529812
43.199988 1.138813 -6.627129 0.651308 0.133844 -0.066029 -0.805971 0.572832
43.399989 1.320400 -6.864499 0.732697 -0.050211 -0.142404 -0.780444 0.606719
43.599992 1.442959 -7.017578 0.788633 -0.178076 -0.017639 -0.722412 0.667906
43.799992 1.622487 -6.978276 0.851274 -0.065011 0.147651 -0.682050 0.713289
43.999991 1.914373 -6.918592 0.856902 0.084899 -0.021937 -0.618102 0.781192
44.199992 2.227128 -6.945278 0.833361 -0.049650 -0.131282 -0.545536 0.826251
44.399992 2.478687 -6.949335 0.805597 -0.076081 -0.045027 -0.459419 0.883809
44.599992 2.718816 -6.856287 0.756060 0.022914 0.071834 -0.366851 0.927219
44.799992 3.046400 -6.787168 0.679564 0.020446 -0.045269 -0.267536 0.962267
44.999992 3.388923 -6.756730 0.642874 -0.010686 -0.091146 -0.165046 0.982007
45.199992 3.663657 -6.688692 0.607889 0.083790 0.058581 -0.076551 0.991810
45.399991 3.936191 -6.643827 0.581023 -0.005356 0.041366 0.017282 0.998980
45.599992 4.276147 -6.645039 0.553687 -0.123006 -0.117070 0.106054 0.979753
45.799991 4.561745 -6.565376 0.499701 -0.036203 -0.036802 0.176305 0.982981
45.999988 4.774482 -6.437477 0.444856 0.080993 -0.037231 0.231466 0.968750
46.199990 4.988855 -6.374868 0.387636 0.024214 -0.115451 0.288918 0.950059
46.399990 5.156536 -6.396177 0.327068 -0.011903 -0.079450 0.347944 0.934067
46.599990 5.262638 -6.448108 0.283747 -0.031379 -0.049470 0.405223 0.912339
46.799991 5.344378 -6.488578 0.259912 -0.037126 -0.087009 0.462657 0.881476
46.999992 5.371740 -6.522660 0.248564 -0.028700 -0.061046 0.520412 0.851247
47.199991 5.345940 -6.567713 0.257134 -0.021708 -0.028092 0.577891 0.815342
47.399992 5.298647 -6.624849 0.275939 -0.047138 -0.036497 0.627923 0.775989
47.599992 5.225356 -6.688659 0.303749 -0.086198 -0.033187 0.668946 0.737550
47.799993 5.095428 -6.732171 0.332603 -0.090811 -0.007223 0.704120 0.704213
47.999993 4.910872 -6.723429 0.364501 -0.052384 0.018086 0.734688 0.676138
48.199993 4.709185 -6.662253 0.395542 -0.032565 0.043864 0.752361 0.656482
48.399993 4.525621 -6.562575 0.412971 -0.050674 0.050165 0.757010 0.649501
48.599993 4.364514 -6.420987 0.403220 -0.042481 0.058266 0.749248 0.658353
48.799992 4.222889 -6.231564 0.368154 -0.004727 0.063590 0.730799 0.679608
48.999991 4.115100 -6.012876 0.321729 -0.003668 0.079365 0.700814 0.708905
49.199991 4.054965 -5.764431 0.267814 -0.029115 0.060487 0.659157 0.749003
49.399989 4.037848 -5.476206 0.223360 -0.002694 0.019652 0.606169 0.795088
49.599991 4.038915 -5.179037 0.184711 0.028214 -0.018824 0.537279 0.842723
49.799991 4.050621 -4.900285 0.156855 0.047144 -0.010417 0.457920 0.887682
49.999990 4.078667 -4.666686 0.164738 0.043325 0.025080 0.370547 0.927464
50.199989 4.133718 -4.487397 0.190555 -0.009640 0.118271 0.316324 0.941200
50.399990 4.275293 -4.294631 0.237485 -0.025444 0.002099 0.333423 0.942432
50.599991 4.464293 -4.065356 0.262722 -0.020644 -0.033873 0.424503 0.904557
50.799989 4.630976 -3.835237 0.265710 -0.093468 0.029376 0.541356 0.835066
50.999986 4.793341 -3.565931 0.273005 -0.062571 0.036509 0.651834 0.754894
51.199988 4.964366 -3.229183 0.273164 -0.032327 -0.028820 0.745963 0.664577
51.399991 5.135957 -2.884626 0.261357 -0.028897 -0.063064 0.810869 0.581101
51.599991 5.281732 -2.583458 0.255224 -0.028669 -0.018984 0.852140 0.522184
51.799991 5.391101 -2.348445 0.233522 -0.035524 0.028313 0.870606 0.489879
51.999991 5.482124 -2.072405 0.259036 -0.063291 0.005069 0.865160 0.497461
52.199991 5.538912 -1.744639 0.323736 0.021567 -0.057074 0.833096 0.549753
52.399993 5.597198 -1.437820 0.380266 -0.027089 -0.136983 0.802155 0.580559
52.599992 5.600037 -1.232579 0.417445 -0.046133 -0.086115 0.828723 0.551066
52.799988 5.549741 -1.070010 0.402094 -0.114315 0.059094 0.891339 0.434690
52.999986 5.541931 -0.877262 0.356176 -0.079907 0.065727 0.953743 0.282256
53.199989 5.451227 -0.633008 0.300139 -0.061403 0.013996 0.985665 0.156517
53.399991 5.260789 -0.369557 0.248751 -0.015926 -0.019304 0.992102 0.122910
53.599990 5.028829 -0.094356 0.193418 0.008240 0.012817 0.980517 0.195845
53.799989 4.867499 0.206836 0.155571 -0.011673 0.052802 0.938890 0.339943
53.999984 4.757582 0.532465 0.115682 -0.013537 0.034500 0.860879 0.507458
54.199981 4.631014 0.802724 0.116710 0.000990 0.005560 0.740139 0.672430
54.399985 4.528508 1.076307 0.147839 -0.028082 -0.058805 0.639567 0.765968
54.599986 4.405868 1.362111 0.184229 -0.063595 -0.103688 0.593347 0.795704
54.799977 4.184673 1.654426 0.228285 -0.034333 -0.053588 0.595407 0.800899
54.999949 3.886862 1.933639 0.269503 -0.003480 -0.025700 0.626377 0.779089
55.199960 3.580603 2.191854 0.326931 -0.008998 -0.047346 0.674318 0.736867
55.399925 3.283451 2.407015 0.390206 -0.007164 -0.032666 0.733831 0.678508
55.599528 2.975280 2.582589 0.447943 -0.001862 -0.011231 0.796321 0.604767
55.799383 2.650032 2.746178 0.520787 -0.004534 0.002685 0.850013 0.526735
55.999870 2.317242 2.910269 0.556527 0.022201 -0.038504 0.884706 0.464027
56.149855 2.060891 3.021988 0.586510 -0.009936 0.000362 0.897154 0.441606
56.399945 1.633628 3.181255 0.596306 0.127925 -0.038210 0.872632 0.469776
56.599881 1.346855 3.262169 0.569743 0.106664 -0.001240 0.813956 0.571049
56.749978 1.203286 3.258397 0.543761 0.013014 0.018081 0.747828 0.663519
56.999871 1.008563 3.242186 0.567148 -0.170780 0.081647 0.582978 0.790129
57.199898 0.797728 3.410627 0.594196 -0.029045 -0.010684 0.494041 0.868888
57.399774 0.559474 3.693523 0.642555 0.096466 0.057687 0.391409 0.913327
57.599924 0.388145 3.901633 0.692720 0.023400 0.125625 0.327518 0.936164
57.799978 0.326895 4.053839 0.735836 -0.106032 0.019574 0.264266 0.958404
57.999982 0.299314 4.272793 0.720387 0.010000 -0.022195 0.230067 0.972870
58.199979 0.247033 4.524974 0.694014 0.034335 0.091539 0.205537 0.973754
58.399983 0.238946 4.744779 0.621679 0.005889 0.096694 0.181150 0.978673
58.599990 0.311422 4.956873 0.525338 0.006321 -0.005189 0.138236 0.990366
58.799991 0.401912 5.166951 0.391341 0.051930 0.012993 0.077056 0.995589
58.999992 0.489256 5.332498 0.245620 0.022521 0.064570 -0.006382 0.997639
59.199994 0.622755 5.465698 0.124947 0.006606 0.046709 -0.106839 0.993157
59.399994 0.824354 5.639047 0.045630 0.044401 0.016549 -0.205120 0.977589
59.599994 1.025640 5.779680 -0.014826 0.069235 0.015042 -0.269744 0.960322
59.799994 1.313792 5.809466 -0.038657 0.043053 -0.036629 -0.321260 0.945302
59.999994 1.598287 5.760211 0.038774 0.196855 -0.451764 -0.359610 0.792362
60.199994 1.591945 5.720825 0.008109 0.031102 -0.195047 -0.391913 0.898551
60.399994 1.296978 5.737263 -0.102737 -0.071560 0.156338 -0.382372 0.907871
60.599994 1.061595 5.826091 -0.107454 0.024104 0.299023 -0.378732 0.875538
60.799994 1.163541 5.852308 -0.108635 0.062459 -0.041857 -0.376360 0.923417
60.999994 1.333459 5.780426 -0.079607 -0.045594 -0.190241 -0.370504 0.907996
61.199994 1.351109 5.745920 -0.060490 -0.057004 -0.054382 -0.357927 0.930420
61.399994 1.276424 5.789350 -0.062844 0.006530 0.135297 -0.358541 0.923635
61.599994 1.272352 5.823017 -0.027882 0.063125 0.010392 -0.355346 0.932543
61.799994 1.310398 5.788309 -0.002372 0.001660 -0.110138 -0.357419 0.927426
61.999994 1.282789 5.753955 0.000385 -0.046024 -0.009523 -0.352421 0.934661
62.199994 1.232415 5.770237 -0.004603 -0.000367 0.051726 -0.352616 0.934337
62.399994 1.238316 5.798204 -0.007621 0.026494 0.001101 -0.351190 0.935929
62.599994 1.274489 5.795081 -0.012605 0.004755 -0.048894 -0.351433 0.934923
62.799994 1.278726 5.780073 -0.025907 -0.015287 -0.018636 -0.350302 0.936327
