0.800000 -0.000118 -0.000473 -0.000175 -0.000016 -0.000057 -0.000042 1.000000
10.400000 0.009785 -0.008248 -0.007893 0.109616 0.124768 0.000134 0.986112
10.800000 0.284617 -0.263333 0.030760 -0.048956 -0.058859 -0.087967 0.993177
11.050000 0.434274 -0.398611 0.023120 -0.038810 0.041121 -0.192973 0.979574
11.200000 0.573829 -0.480798 0.017306 0.009606 0.068238 -0.321639 0.944352
11.450000 0.768730 -0.559915 0.010602 0.052912 -0.015181 -0.427598 0.902291
12.000000 1.089186 -1.016676 0.108608 0.056162 0.031335 -0.556011 0.828683
12.200000 1.129446 -1.264962 0.166020 -0.011537 0.020963 -0.646511 0.762529
12.400000 1.197423 -1.503846 0.258129 -0.024786 -0.019831 -0.744336 0.667050
12.600000 1.268935 -1.688405 0.343488 -0.072468 -0.021523 -0.841238 0.535354
12.800000 1.388223 -1.861099 0.461085 0.103197 0.030949 0.924850 -0.364753
13.000000 1.565314 -1.968072 0.563207 -0.018311 -0.011090 0.979604 -0.199797
13.200000 1.767923 -2.067586 0.645571 -0.146992 -0.043480 0.988163 -0.006018
13.400000 1.864817 -2.225159 0.725423 -0.005968 0.025762 0.986502 0.161600
13.600000 1.918915 -2.389839 0.756067 0.117757 0.058097 0.939670 0.315878
13.850000 2.034319 -2.520168 0.702816 -0.040972 0.045512 0.908611 0.413129
14.200000 2.263973 -2.516742 0.676066 -0.028861 -0.001274 0.849661 0.526538
15.000000 2.482863 -2.067579 0.623214 -0.097908 -0.021751 0.785369 0.610848
15.400000 2.378720 -1.612099 0.479558 0.040162 0.018010 0.826732 0.560872
15.800000 2.255250 -1.124336 0.304168 -0.053783 0.015267 0.884866 0.462479
16.000000 2.170317 -0.815516 0.212953 0.096145 0.084103 0.897532 0.422041
16.400000 2.085517 -0.165547 0.014684 0.006848 -0.058025 0.944677 0.322756
16.850000 1.938575 0.285146 -0.135680 0.028290 -0.036812 0.978998 0.198514
17.250000 1.571384 0.613798 -0.201662 -0.063311 0.007283 0.965121 0.253929
17.600000 1.086233 0.964828 -0.091725 -0.026717 -0.050336 0.913475 0.402885
18.000000 0.386701 1.256882 -0.010264 0.002348 0.056984 0.872681 0.484949
18.400000 -0.184169 1.558227 0.025614 -0.007182 0.017953 0.888002 0.459432
18.800000 -0.767556 1.959117 0.036217 -0.024989 0.037092 0.904188 0.424786
19.200000 -1.352291 2.600915 -0.036773 0.046863 0.036142 0.867445 0.494001
19.600000 -1.755429 3.167120 -0.090105 0.030489 0.041300 0.782495 0.620537
20.000000 -1.991889 3.736069 -0.057441 0.038746 0.028269 0.660496 0.749296
20.400000 -2.108338 4.272631 -0.000151 0.057683 0.034826 0.511879 0.856411
20.600000 -2.040159 4.518369 0.012740 0.024757 0.025561 0.419817 0.906911
20.800000 -1.972515 4.710631 0.025087 -0.017429 0.016492 0.324455 0.945597
21.000000 -1.921024 4.902116 0.048814 0.068974 0.016518 0.220194 0.972874
21.400000 -1.744634 5.165356 0.077367 0.013526 0.085518 0.042195 0.995351
21.600000 -1.467161 5.266616 0.094437 -0.029399 -0.053181 -0.035050 0.997536
22.000000 -1.050100 5.452626 0.271450 0.044618 0.098515 -0.126202 0.986092
22.400000 -0.578945 5.378467 0.455112 0.017399 -0.018445 -0.174724 0.984291
22.600000 -0.232546 5.279303 0.511006 -0.079345 -0.112294 -0.171587 0.975527
22.800000 0.058192 5.250184 0.554410 -0.070148 -0.004547 -0.171277 0.982712
