0.799989 -0.000378 -0.000435 -0.000133 0.000026 -0.000047 -0.000075 1.000000
0.999989 -0.001182 -0.000578 -0.000349 0.000043 -0.000129 -0.000170 1.000000
1.199989 -0.001968 -0.000702 -0.000641 0.000046 -0.000156 -0.000215 1.000000
1.399989 -0.002423 -0.000698 -0.000801 0.000054 -0.000191 -0.000222 1.000000
1.599989 -0.002780 -0.000682 -0.000840 0.000058 -0.000230 -0.000242 1.000000
1.799989 -0.002763 -0.000590 -0.000719 0.000032 -0.000225 -0.000236 1.000000
1.999989 -0.003107 -0.000586 -0.000693 0.000025 -0.000259 -0.000278 1.000000
2.199989 -0.003023 -0.000561 -0.000609 0.000015 -0.000236 -0.000263 1.000000
2.399989 -0.002970 -0.000563 -0.000617 0.000019 -0.000245 -0.000263 1.000000
2.599989 -0.002807 -0.000570 -0.000636 0.000021 -0.000231 -0.000251 1.000000
2.799989 -0.002661 -0.000580 -0.000643 0.000025 -0.000223 -0.000245 1.000000
2.999989 -0.002647 -0.000601 -0.000625 0.000024 -0.000223 -0.000245 1.000000
3.199989 -0.002586 -0.000587 -0.000583 0.000019 -0.000214 -0.000239 1.000000
3.399989 -0.002739 -0.000573 -0.000601 0.000019 -0.000228 -0.000251 1.000000
3.599989 -0.002884 -0.000572 -0.000638 0.000019 -0.000231 -0.000256 1.000000
3.799989 -0.002890 -0.000583 -0.000667 0.000020 -0.000229 -0.000253 1.000000
3.999989 -0.002864 -0.000593 -0.000672 0.000021 -0.000231 -0.000252 1.000000
4.199989 -0.002800 -0.000599 -0.000644 0.000021 -0.000230 -0.000251 1.000000
4.399989 -0.002782 -0.000592 -0.000625 0.000021 -0.000230 -0.000250 1.000000
4.599989 -0.002772 -0.000578 -0.000621 0.000020 -0.000228 -0.000251 1.000000
4.799989 -0.002794 -0.000576 -0.000629 0.000020 -0.000230 -0.000253 1.000000
4.999989 -0.002856 -0.000579 -0.000650 0.000020 -0.000233 -0.000254 1.000000
5.199989 -0.002903 -0.000590 -0.000666 0.000021 -0.000234 -0.000255 1.000000
5.399989 -0.002806 -0.000585 -0.000648 0.000020 -0.000227 -0.000248 1.000000
5.599989 -0.002821 -0.000581 -0.000646 0.000021 -0.000233 -0.000253 1.000000
5.799989 -0.002876 -0.000583 -0.000650 0.000020 -0.000234 -0.000255 1.000000
5.999989 -0.002943 -0.000597 -0.000660 0.000021 -0.000237 -0.000258 1.000000
6.199989 -0.002789 -0.000583 -0.000639 0.000018 -0.000223 -0.000247 1.000000
6.399989 -0.002789 -0.000578 -0.000640 0.000022 -0.000232 -0.000253 1.000000
6.599989 -0.002805 -0.000585 -0.000642 0.000021 -0.000230 -0.000253 1.000000
6.799989 -0.002773 -0.000587 -0.000631 0.000021 -0.000227 -0.000248 1.000000
6.999989 -0.002775 -0.000591 -0.000631 0.000022 -0.000228 -0.000251 1.000000
7.199989 -0.002760 -0.000586 -0.000629 0.000021 -0.000226 -0.000247 1.000000
7.399989 -0.002822 -0.000585 -0.000651 0.000020 -0.000230 -0.000254 1.000000
7.599989 -0.002919 -0.000597 -0.000675 0.000021 -0.000235 -0.000255 1.000000
7.799989 -0.002807 -0.000582 -0.000653 0.000018 -0.000224 -0.000247 1.000000
7.999989 -0.002869 -0.000576 -0.000654 0.000020 -0.000236 -0.000257 1.000000
8.199989 -0.002939 -0.000582 -0.000661 0.000020 -0.000237 -0.000259 1.000000
8.399989 -0.002836 -0.000583 -0.000647 0.000018 -0.000228 -0.000249 1.000000
8.599993 -0.001546 -0.007220 0.021967 -0.142665 -0.127130 0.011512 0.981505
8.799994 -0.064310 0.058009 0.018533 -0.169614 -0.194288 0.042045 0.965254
8.999978 -0.292957 0.288519 -0.087529 0.157226 0.173729 0.018138 0.971992
9.199986 -0.449004 0.468809 -0.160205 0.048911 -0.015557 0.007692 0.998652
9.399992 -0.520560 0.506959 -0.166441 -0.019718 -0.175809 0.006333 0.984206
9.599989 -0.754619 0.550485 -0.084557 0.045259 -0.064468 0.008840 0.996854
9.799987 -1.118743 0.602230 -0.011815 0.087058 0.078996 0.010020 0.993016
9.999989 -1.419874 0.597841 0.033499 -0.012079 -0.021195 -0.002398 0.999700
10.199989 -1.674223 0.580637 0.150036 -0.006005 0.028013 -0.009942 0.999540
10.399990 -1.916387 0.575098 0.302291 0.030834 0.090094 -0.024438 0.995156
10.599989 -2.095805 0.562920 0.442992 0.116874 0.063921 -0.045065 0.990062
10.799990 -2.219174 0.463595 0.563158 0.054692 -0.009208 -0.078389 0.995379
10.999990 -2.341176 0.277639 0.651210 0.018009 0.054215 -0.110137 0.992273
11.199988 -2.434929 0.084644 0.699736 0.043725 0.093778 -0.145391 0.983949
11.399988 -2.449854 -0.120215 0.737946 0.038437 0.031444 -0.178303 0.982722
11.599989 -2.428410 -0.368162 0.749467 -0.023677 0.010299 -0.197195 0.980024
11.799989 -2.401023 -0.606439 0.745258 -0.072651 0.032189 -0.190143 0.978535
11.999991 -2.340139 -0.797645 0.729432 -0.095858 -0.045881 -0.148735 0.983150
12.199991 -2.273998 -0.901807 0.704797 -0.040017 -0.026626 -0.088119 0.994950
12.399992 -2.220273 -0.955230 0.668207 -0.031165 -0.008854 -0.002907 0.999471
12.599993 -2.165894 -1.007102 0.628979 -0.069390 -0.003212 0.101268 0.992431
12.799994 -2.116187 -1.025876 0.586676 -0.064669 -0.002519 0.212819 0.974946
12.999994 -2.061294 -0.977836 0.547027 -0.044362 -0.012652 0.333334 0.941680
13.199994 -2.041211 -0.887208 0.500617 -0.049971 0.014656 0.447955 0.892538
13.399994 -2.050981 -0.756918 0.459945 -0.058247 0.029360 0.544142 0.836454
13.599994 -2.066974 -0.566942 0.426181 -0.050324 0.027998 0.628305 0.775832
13.799994 -2.075245 -0.329700 0.388385 -0.033570 0.016720 0.694903 0.718125
13.999994 -2.082093 -0.070122 0.337101 -0.018759 0.015628 0.739719 0.672473
14.199994 -2.092303 0.200441 0.285678 -0.015426 0.013344 0.766663 0.641726
14.399994 -2.111213 0.489749 0.233135 -0.013399 0.004944 0.781300 0.623993
14.599994 -2.132204 0.792409 0.193202 -0.012318 -0.006428 0.787518 0.616135
14.799992 -2.165640 1.102719 0.147883 -0.014496 -0.011349 0.791228 0.611244
14.999991 -2.209836 1.419862 0.110064 -0.028135 -0.016629 0.794755 0.606050
15.199991 -2.271706 1.740141 0.093932 -0.031639 -0.016648 0.802164 0.596033
15.399990 -2.350400 2.061250 0.092163 -0.007980 -0.016614 0.815519 0.578437
15.599990 -2.442714 2.355869 0.068357 -0.001051 -0.005361 0.840549 0.541708
15.799988 -2.520582 2.622575 0.085299 -0.000158 0.008484 0.874489 0.484972
15.999985 -2.582334 2.901587 0.075294 -0.039015 -0.008284 0.912322 0.407526
16.199981 -2.656433 3.212984 0.062846 -0.106017 -0.014707 0.939697 0.324828
16.399981 -2.805319 3.557953 0.057944 0.017140 -0.022391 0.970870 0.237942
16.599990 -2.952114 3.871929 -0.002082 0.116623 -0.059335 0.983555 0.124490
16.799971 -3.005807 4.097939 -0.033006 0.038525 0.057678 0.997410 0.019019
16.999945 -2.972044 4.347431 -0.019485 -0.034010 0.058004 0.996987 -0.038669
17.199942 -2.944330 4.673956 0.017578 -0.062573 -0.011855 0.997723 -0.022207
17.399979 -2.959801 5.008564 0.051762 -0.058093 -0.098331 0.993263 0.019612
17.599981 -3.037679 5.253266 0.072850 -0.062918 -0.112742 0.990775 0.041177
17.799979 -3.178937 5.379929 0.065238 -0.019373 -0.056204 0.997933 0.024403
17.999979 -3.338938 5.447809 0.032625 0.028513 -0.016796 0.999136 -0.025156
18.199973 -3.466121 5.533959 0.017306 -0.017620 -0.029444 0.995271 -0.090880
18.399963 -3.566697 5.616422 0.039228 -0.083745 -0.045516 0.984848 -0.144881
18.599977 -3.726305 5.632694 0.093766 -0.018824 -0.035037 0.977803 -0.205715
18.799986 -3.932143 5.585472 0.175048 0.067267 0.000235 0.966024 -0.249544
18.999986 -4.086738 5.549934 0.262490 0.056210 -0.011286 0.954423 -0.292898
19.199985 -4.163849 5.536629 0.366153 0.014919 -0.008315 0.942239 -0.334505
19.399985 -4.201177 5.516718 0.467214 0.020013 0.016419 0.922804 -0.384399
19.599988 -4.229169 5.491732 0.547274 0.059159 0.029799 0.895311 -0.440489
19.799989 -4.228593 5.504865 0.607220 0.059102 -0.009290 0.863725 -0.500399
19.999991 -4.183096 5.553074 0.644749 -0.018434 0.065427 -0.827964 0.556646
20.199991 -4.073585 5.581549 0.649808 0.007792 0.034357 -0.792554 0.608784
20.399992 -3.918148 5.571369 0.639582 -0.005572 0.015073 -0.757041 0.653170
20.599992 -3.733392 5.541849 0.610642 -0.006594 0.023514 -0.727206 0.685984
20.799993 -3.519237 5.505463 0.569123 0.036066 0.026962 -0.708952 0.703817
20.999992 -3.295924 5.435692 0.521490 0.078121 -0.009701 -0.702915 0.706904
21.199992 -3.097195 5.321422 0.474015 0.069389 -0.049237 -0.713940 0.695018
21.399992 -2.959717 5.189154 0.447096 0.053643 -0.038293 -0.737809 0.671785
21.599991 -2.887310 5.059299 0.427611 0.049145 0.002871 -0.771555 0.634255
21.799989 -2.833847 4.906842 0.420939 0.066514 0.008387 -0.809044 0.583912
21.999985 -2.776663 4.709435 0.409805 0.072950 -0.027993 -0.845750 0.527828
22.199981 -2.748874 4.481538 0.398731 0.053642 -0.046900 -0.878929 0.471600
22.399974 -2.785390 4.260351 0.396039 -0.039448 0.039522 0.904943 -0.421854
22.599963 -2.876261 4.065028 0.390860 -0.042144 0.028556 0.922458 -0.382726
22.799926 -3.002417 3.880430 0.378959 -0.055899 0.034033 0.930878 -0.359421
22.999892 -3.163685 3.699600 0.356947 -0.055722 0.035320 0.933071 -0.353590
23.199904 -3.363156 3.523135 0.321578 -0.035367 0.063519 0.928237 -0.364815
23.399939 -3.597128 3.369093 0.274227 -0.012812 0.098062 0.913303 -0.395092
23.599974 -3.873672 3.279379 0.204784 0.026484 0.018237 0.892183 -0.450529
23.799986 -4.157616 3.242463 0.142101 0.029952 -0.077124 0.853424 -0.514609
23.999988 -4.393043 3.172686 0.089067 0.016775 -0.090711 0.807396 -0.582754
24.199987 -4.553877 3.043624 0.062608 0.011172 0.048020 -0.756769 0.651821
24.399987 -4.679985 2.856336 0.050501 0.012272 0.036881 -0.704379 0.708760
24.599989 -4.802620 2.625683 0.064986 -0.009429 0.043409 -0.662239 0.747974
24.799989 -4.901386 2.382663 0.091544 -0.004241 0.057837 -0.637438 0.768316
24.999989 -4.953549 2.115388 0.127004 0.003240 0.030355 -0.629680 0.776255
25.199990 -4.966917 1.825102 0.163183 -0.019175 0.035046 -0.639073 0.768108
25.399991 -4.945478 1.525876 0.195891 -0.004961 0.006796 -0.659997 0.751221
25.599992 -4.899882 1.218605 0.225833 -0.007618 -0.006526 -0.684076 0.729342
25.799992 -4.862096 0.910615 0.248939 -0.013677 -0.007869 -0.705057 0.708975
25.999993 -4.834690 0.608255 0.257526 0.003713 -0.002133 -0.721014 0.692907
26.199993 -4.818653 0.303463 0.243795 0.017830 -0.007749 -0.732072 0.680949
26.399993 -4.820468 -0.007125 0.198865 0.014023 -0.005852 -0.742793 0.669349
26.599993 -4.826631 -0.319427 0.157143 -0.001136 0.001111 -0.753625 0.657303
26.799993 -4.815893 -0.614330 0.112924 0.009856 -0.005287 -0.764821 0.644146
26.999993 -4.798278 -0.908750 0.021778 0.025819 0.009555 -0.771406 0.635747
27.199993 -4.792150 -1.209149 -0.044833 0.012344 0.013912 -0.763993 0.644956
27.399993 -4.789287 -1.515405 -0.093997 0.001373 0.006679 -0.735864 0.677096
27.599993 -4.783773 -1.828243 -0.141053 0.023205 -0.019455 -0.712924 0.700587
27.799993 -4.777811 -2.121334 -0.180097 0.047260 -0.024285 -0.731712 0.679539
27.999994 -4.797879 -2.409419 -0.204519 0.020739 -0.016873 -0.797840 0.602277
28.199994 -4.843580 -2.670533 -0.219267 0.000193 -0.039025 -0.881244 0.471048
28.399992 -4.923859 -2.879179 -0.225924 -0.008887 0.072518 0.950268 -0.302741
28.599992 -5.030860 -3.057338 -0.225059 -0.025945 0.048449 0.990844 -0.123320
28.799988 -5.147859 -3.184861 -0.227604 -0.006637 0.009258 0.998704 0.049601
28.999986 -5.247462 -3.266200 -0.223515 -0.006527 0.001675 0.979682 0.200442
29.199989 -5.337239 -3.305587 -0.207366 -0.046902 0.014879 0.947999 0.314447
29.399990 -5.451080 -3.306161 -0.162860 -0.047009 0.016070 0.915913 0.398289
29.599990 -5.623878 -3.268240 -0.089269 -0.035941 -0.023999 0.889486 0.454915
29.799991 -5.825290 -3.223004 0.013175 -0.071100 -0.001761 0.864316 0.497894
29.999992 -6.063769 -3.149448 0.127039 -0.025474 0.012042 0.843697 0.536080
30.199993 -6.303181 -3.031057 0.217402 0.116267 0.010709 0.811722 0.572254
30.399994 -6.467614 -2.912650 0.266132 0.174399 -0.059833 0.776171 0.602962
30.599994 -6.544287 -2.877310 0.274252 0.094941 -0.017397 0.773497 0.626407
30.799994 -6.581895 -2.904187 0.256900 0.033102 -0.000737 0.767963 0.639638
30.999994 -6.597385 -2.938103 0.214986 0.052083 -0.021512 0.759036 0.648605
31.199994 -6.588182 -2.983684 0.150967 0.103083 -0.037147 0.737484 0.666417
31.399994 -6.528616 -3.086807 0.068700 0.106697 0.002427 0.694020 0.712001
31.599994 -6.399014 -3.248385 -0.028330 0.052183 0.037975 0.627693 0.775781
31.799994 -6.212850 -3.400694 -0.127462 0.032192 -0.017432 0.542843 0.839036
31.999994 -6.016117 -3.548364 -0.202958 0.066975 -0.041872 0.462734 0.882971
32.199994 -5.831054 -3.751809 -0.265023 0.045458 0.008231 0.386810 0.921002
32.399994 -5.623438 -4.007828 -0.293008 -0.106520 0.046213 0.299534 0.946994
32.599994 -5.396400 -4.182475 -0.264566 -0.090374 -0.002204 0.243053 0.965791
32.799993 -5.177494 -4.190385 -0.257751 0.063028 -0.095564 0.255278 0.960067
32.999994 -4.998738 -4.217900 -0.262839 -0.019624 -0.007606 0.326435 0.944985
33.199994 -4.836239 -4.280239 -0.276299 -0.063264 0.006601 0.439977 0.895754
33.399993 -4.675617 -4.308288 -0.269280 -0.056685 -0.090252 0.574646 0.811433
33.599993 -4.588968 -4.290347 -0.264765 -0.024176 -0.110735 0.704436 0.700659
33.799993 -4.576860 -4.277160 -0.268035 -0.019748 -0.038821 0.811022 0.583391
33.999993 -4.589826 -4.262854 -0.272155 -0.036237 -0.007636 0.888592 0.457200
34.199993 -4.619414 -4.207765 -0.266101 0.015183 -0.080379 0.941284 0.327557
34.399994 -4.651800 -4.187670 -0.276405 0.030730 -0.123915 0.975060 0.181544
34.599993 -4.666319 -4.270796 -0.294555 0.015000 -0.095910 0.994966 0.024859
34.799992 -4.669436 -4.450661 -0.312858 -0.007346 -0.045842 0.987365 -0.151511
34.999992 -4.689496 -4.660925 -0.324971 -0.019030 -0.029617 0.945150 -0.324733
35.199991 -4.705896 -4.870076 -0.332147 -0.039312 -0.050228 0.875897 -0.478264
35.399991 -4.739138 -5.081812 -0.336603 -0.050312 -0.049165 0.810298 -0.581781
35.599991 -4.776273 -5.344775 -0.338282 0.037923 0.015331 -0.771671 0.634705
35.799990 -4.823187 -5.631816 -0.331637 0.047271 0.017594 -0.773610 0.631651
35.999991 -4.871703 -5.935254 -0.321031 0.046983 0.001124 -0.822147 0.567333
36.199992 -4.932510 -6.214970 -0.314432 0.049066 -0.018244 -0.895035 0.442913
36.399993 -5.035416 -6.502970 -0.326630 -0.052549 0.027766 0.960060 -0.273409
36.599994 -5.201145 -6.793154 -0.314544 -0.045898 0.045954 0.993668 -0.091677
36.799994 -5.409955 -7.032913 -0.269414 0.008993 -0.007330 0.999048 0.042063
36.999994 -5.617606 -7.227148 -0.223664 0.035013 0.010291 0.992976 0.112544
37.199994 -5.788090 -7.399378 -0.197625 0.114315 0.099396 0.974764 0.163973
37.399994 -5.869082 -7.515404 -0.210661 0.058662 0.093976 0.977785 0.177943
37.599994 -5.857710 -7.544335 -0.260532 0.004473 0.036702 0.981282 0.188995
37.799994 -5.829678 -7.512093 -0.318857 0.014053 -0.007932 0.978274 0.206687
37.999994 -5.815321 -7.468358 -0.374800 0.058332 0.026651 0.967217 0.245721
38.199994 -5.770527 -7.416558 -0.407586 0.044168 0.063796 0.948333 0.307641
38.399994 -5.662515 -7.305399 -0.418214 -0.003723 0.047510 0.918770 0.391905
38.599994 -5.521677 -7.101162 -0.415718 -0.018591 0.004391 0.868871 0.494669
38.799994 -5.385736 -6.845171 -0.388306 0.019178 -0.026493 0.798542 0.601050
38.999994 -5.246553 -6.605256 -0.360723 0.015368 -0.005414 0.709170 0.704849
39.199994 -5.103424 -6.366707 -0.324874 0.009399 -0.002194 0.600749 0.799379
39.399994 -4.954917 -6.124050 -0.286295 0.031858 -0.019580 0.485838 0.873249
39.599994 -4.807924 -5.879643 -0.247520 0.060641 -0.018286 0.370374 0.926721
39.799993 -4.674085 -5.634137 -0.215465 0.008351 -0.050180 0.254119 0.965834
39.999991 -4.556406 -5.397133 -0.197888 0.081275 0.007607 0.156485 0.984301
40.199983 -4.428819 -5.188068 -0.203554 0.120359 0.128888 0.082378 0.980875
40.399983 -4.195419 -5.052060 -0.231452 0.047254 0.046036 0.001325 0.997821
40.599986 -3.869592 -4.961265 -0.265762 0.034224 -0.038912 -0.058302 0.996953
40.799977 -3.561797 -4.866026 -0.297566 0.062750 0.048039 -0.095274 0.992309
40.999977 -3.245273 -4.787156 -0.294051 0.092767 0.031356 -0.122400 0.987638
41.199985 -2.906988 -4.759169 -0.275529 0.067029 -0.014137 -0.144389 0.987147
41.399990 -2.571471 -4.791730 -0.255648 0.031665 -0.064280 -0.139951 0.987562
41.599992 -2.282994 -4.836460 -0.240427 0.027851 -0.150403 -0.110936 0.981986
41.799990 -2.120931 -4.856503 -0.233267 0.026141 -0.020736 -0.063061 0.997452
41.999988 -2.026892 -4.863571 -0.235245 0.040558 0.007355 0.005310 0.999136
42.199991 -1.913390 -4.886678 -0.235866 0.014521 -0.100160 0.082126 0.991470
42.399991 -1.854701 -4.904850 -0.242492 0.004568 -0.107638 0.176280 0.978427
42.599983 -1.878319 -4.925263 -0.225155 0.020294 -0.011276 0.275957 0.960890
42.799986 -1.927987 -4.952612 -0.201572 0.001666 -0.060885 0.377406 0.924043
42.999990 -1.991764 -4.984521 -0.171758 -0.023374 -0.077371 0.481198 0.872878
43.199990 -2.122650 -5.005903 -0.137233 -0.019147 -0.045542 0.573215 0.817914
43.399991 -2.289772 -5.015168 -0.112863 -0.013642 -0.039519 0.655047 0.754430
43.599992 -2.486893 -5.008794 -0.093243 -0.031304 -0.024747 0.722903 0.689796
43.799992 -2.717332 -4.973519 -0.086581 -0.045707 0.001378 0.774360 0.631091
43.999991 -2.988934 -4.886538 -0.092265 -0.014964 0.025511 0.811861 0.583102
44.199991 -3.286773 -4.748995 -0.094749 0.016537 0.036314 0.832919 0.551955
44.399991 -3.588970 -4.575715 -0.093515 0.022812 0.041178 0.843458 0.535129
44.599991 -3.849160 -4.377353 -0.097034 0.016986 0.043461 0.844330 0.533788
44.799991 -4.058406 -4.144791 -0.099660 0.014370 0.036858 0.837088 0.545636
44.999991 -4.219084 -3.876351 -0.104835 0.009033 0.005232 0.823847 0.566716
45.199989 -4.349639 -3.588177 -0.107701 0.016633 -0.008142 0.805890 0.591775
45.399990 -4.472558 -3.294145 -0.112169 0.023774 0.000039 0.785148 0.618852
45.599990 -4.583265 -2.997825 -0.116605 0.022079 0.011073 0.763957 0.644794
45.799991 -4.676482 -2.687499 -0.116857 0.031129 0.023288 0.744594 0.666384
45.999991 -4.736436 -2.360899 -0.112892 0.028969 -0.001843 0.729976 0.682856
46.199991 -4.768742 -2.025630 -0.102325 0.018214 -0.037737 0.721118 0.691544
46.399991 -4.800201 -1.703902 -0.089761 0.007309 -0.028631 0.717647 0.695780
46.599989 -4.843178 -1.400158 -0.070788 0.006902 -0.001759 0.717788 0.696226
46.799989 -4.887901 -1.095675 -0.043953 0.020681 0.008105 0.718165 0.695518
46.999988 -4.919222 -0.783760 -0.004110 0.041524 0.021868 0.716362 0.696148
47.199989 -4.917057 -0.465483 0.043313 0.055095 0.009149 0.712080 0.699873
47.399990 -4.851917 -0.169352 0.086597 -0.026718 -0.036681 0.709297 0.703448
47.599991 -4.782966 0.129087 0.120264 -0.055458 -0.068230 0.710390 0.698295
47.799991 -4.778414 0.409728 0.137529 0.003146 -0.049016 0.737433 0.673632
47.999991 -4.828179 0.664257 0.144682 0.054767 -0.016135 0.789134 0.611561
48.199990 -4.860197 0.906620 0.147343 0.032239 -0.013630 0.858376 0.511825
48.399990 -4.850831 1.116813 0.150361 -0.007014 -0.033801 0.928122 0.370673
48.599991 -4.834201 1.298621 0.152114 -0.020026 -0.057484 0.980181 0.188520
48.799992 -4.798505 1.498012 0.162692 -0.000230 -0.052057 0.998604 0.008909
48.999994 -4.789645 1.632166 0.174521 0.014160 -0.014026 0.983123 -0.181858
49.199993 -4.784398 1.745616 0.190263 -0.010395 -0.012221 0.931822 -0.362561
49.399991 -4.792117 1.859264 0.202600 -0.034606 -0.041673 0.853184 -0.518790
49.599989 -4.816757 1.945793 0.212370 0.053630 0.062443 -0.777454 0.623531
49.799989 -4.846444 1.985374 0.220065 0.051685 0.054032 -0.736605 0.672177
49.999989 -4.862691 1.967859 0.227438 0.037453 0.034943 -0.725318 0.686506
50.199989 -4.858116 1.908060 0.232309 0.020382 -0.043810 -0.730519 0.681181
50.399991 -4.858849 1.828996 0.231383 -0.064658 -0.043402 -0.751978 0.654572
50.599991 -4.874950 1.815575 0.222405 -0.086116 0.053998 -0.782488 0.614313
50.799990 -4.824380 1.836451 0.205274 0.010563 -0.010269 -0.819896 0.572323
50.999990 -4.751405 1.884517 0.160281 0.113446 0.071505 -0.836625 0.531109
51.199991 -4.754567 1.848876 0.159338 0.085742 0.046559 -0.860040 0.500812
51.399992 -4.818208 1.718764 0.169727 -0.014689 0.019726 -0.893027 0.449330
51.599994 -4.877891 1.543370 0.183602 0.052952 -0.031914 0.935554 -0.347729
51.799994 -4.871090 1.370006 0.203245 -0.002598 -0.074543 0.978686 -0.191337
51.999993 -4.828358 1.189776 0.184769 -0.046910 -0.090061 0.994785 0.009567
52.199990 -4.817352 0.944334 0.145363 -0.036014 -0.054603 0.978679 0.194705
52.399989 -4.806452 0.677845 0.090065 0.006164 -0.017037 0.941197 0.337373
52.599988 -4.803260 0.349765 0.068994 0.006291 0.037977 0.923227 0.382322
52.799991 -4.796570 0.035214 -0.023886 0.034549 -0.110460 0.926217 0.358787
52.999984 -4.782437 -0.342896 -0.111840 -0.025723 0.036832 0.968510 0.244889
53.199989 -4.756418 -0.679008 -0.161783 -0.001727 0.036534 0.994017 0.102921
53.399992 -4.757526 -0.945501 -0.229154 -0.003599 -0.028904 0.996614 -0.076895
53.599994 -4.727683 -1.204116 -0.260814 -0.013911 -0.042316 0.960969 -0.273045
53.799994 -4.705077 -1.501036 -0.278161 -0.000530 -0.015196 0.887648 -0.460271
53.999994 -4.697397 -1.841819 -0.275575 0.010815 0.002409 0.782536 -0.622507
54.199993 -4.692417 -2.182148 -0.260088 0.004807 0.007485 -0.670480 0.741874
54.399992 -4.682749 -2.514934 -0.242567 0.015843 0.023214 -0.562637 0.826226
54.599992 -4.635974 -2.847570 -0.222468 0.008852 0.028939 -0.461766 0.886485
54.799991 -4.554192 -3.171778 -0.199969 -0.003377 0.031984 -0.374467 0.926682
54.999990 -4.437652 -3.484948 -0.176314 -0.010704 0.039334 -0.301344 0.952644
55.199989 -4.280216 -3.783510 -0.164068 -0.017576 0.042667 -0.241958 0.969189
55.399989 -4.098598 -4.054023 -0.160243 -0.033190 0.039471 -0.193088 0.979825
55.599988 -3.887350 -4.305993 -0.161205 -0.048992 0.035175 -0.152866 0.986405
55.799986 -3.642322 -4.524464 -0.171024 -0.036012 0.033667 -0.120547 0.991483
55.999981 -3.362385 -4.700278 -0.182533 -0.017562 0.021805 -0.092188 0.995348
56.199982 -3.044040 -4.846877 -0.189592 -0.008507 0.003432 -0.068207 0.997629
56.399985 -2.713042 -4.964734 -0.198201 -0.018418 0.003446 -0.050425 0.998552
56.599986 -2.373504 -5.041502 -0.212847 -0.014070 0.008878 -0.039555 0.999079
56.799988 -2.035075 -5.076946 -0.230197 0.001574 0.001854 -0.035486 0.999367
56.999990 -1.696820 -5.093948 -0.240723 0.004880 -0.004138 -0.038695 0.999231
57.199991 -1.383071 -5.099849 -0.247071 0.008634 -0.006580 -0.047502 0.998812
57.399992 -1.069111 -5.102650 -0.252706 0.018910 -0.017235 -0.062885 0.997693
57.599993 -0.771600 -5.099980 -0.261705 0.039116 -0.047855 -0.089867 0.994034
57.799993 -0.512337 -5.097735 -0.258657 0.060823 0.073583 -0.127477 0.987236
57.999994 -0.210288 -5.129902 -0.213876 -0.001989 -0.014684 -0.176855 0.984125
58.199994 0.102607 -5.148920 -0.184110 0.006293 -0.082267 -0.209694 0.974280
58.399994 0.358051 -5.135610 -0.152084 -0.047371 0.029840 -0.238035 0.969642
58.599994 0.604404 -5.078367 -0.168747 0.078497 0.094618 -0.280283 0.952012
58.799993 0.942238 -5.042902 -0.224309 0.224793 -0.074488 -0.336906 0.911270
58.999994 1.223426 -5.194420 -0.301256 -0.057444 -0.164133 -0.422766 0.889398
59.199994 1.367752 -5.285070 -0.351125 -0.105211 -0.059222 -0.471868 0.873364
59.399994 1.446267 -5.193095 -0.393327 0.069792 0.080315 -0.561975 0.820282
59.599992 1.548891 -5.097582 -0.400157 0.181350 0.064259 -0.648412 0.736577
59.799990 1.625582 -5.161046 -0.396699 0.132786 -0.098585 -0.750675 0.639637
59.999989 1.533093 -5.324360 -0.390111 -0.004827 -0.089558 -0.827543 0.554192
60.199992 1.344069 -5.375235 -0.424770 -0.073060 0.108272 -0.840615 0.525649
60.399991 1.219862 -5.376922 -0.436664 0.052619 0.196723 -0.848339 0.488724
60.599988 1.166988 -5.513667 -0.442291 -0.123936 -0.101035 0.860054 -0.484498
60.799989 1.108173 -5.811866 -0.440102 -0.028131 0.045356 0.873734 -0.483467
60.999989 0.971372 -6.113151 -0.422621 0.072027 0.040576 0.886375 -0.455527
61.199991 0.851022 -6.294721 -0.420138 0.014826 -0.057212 0.908031 -0.414712
61.399991 0.800398 -6.464976 -0.401874 -0.037849 -0.043668 0.937362 -0.343530
61.599990 0.771895 -6.704238 -0.384979 -0.100255 0.051123 0.961511 -0.250665
61.799989 0.689847 -6.934959 -0.372291 -0.087057 0.097248 0.980563 -0.146493
61.999993 0.470103 -7.087439 -0.313519 0.060858 0.065480 0.995623 -0.027255
62.199994 0.222314 -7.147663 -0.299022 0.201259 0.014176 0.976504 0.075723
62.399994 0.139847 -7.178612 -0.311262 0.107164 -0.001028 0.981798 0.156804
62.599994 0.224182 -7.229148 -0.303988 -0.033254 0.004913 0.970562 0.238494
62.799994 0.307914 -7.281101 -0.295397 -0.046702 0.009536 0.940826 0.335522
62.999994 0.330718 -7.295642 -0.281728 0.061435 0.030421 0.893819 0.443158
63.199994 0.367797 -7.267573 -0.241510 0.095808 0.054064 0.822199 0.558468
63.399994 0.495547 -7.225390 -0.213405 0.053246 0.031291 0.729831 0.680832
63.599994 0.720002 -7.185838 -0.188133 0.016491 0.002318 0.610790 0.791617
63.799994 0.939440 -7.151926 -0.156916 0.027383 0.006417 0.469201 0.882643
63.999993 1.168650 -7.141837 -0.130962 0.032862 0.041642 0.320012 0.945927
64.199993 1.435131 -7.127889 -0.103014 0.019976 0.020288 0.170934 0.984871
64.399992 1.726065 -7.101636 -0.089371 -0.001360 0.002163 0.028872 0.999580
64.599992 2.019591 -7.042040 -0.074990 0.011090 -0.005204 -0.088760 0.995978
64.799992 2.317507 -6.964075 -0.055674 0.038824 0.007751 -0.184348 0.982063
64.999993 2.591105 -6.911194 -0.048594 0.034988 0.014763 -0.253511 0.966587
65.199994 2.864051 -6.899778 -0.050009 0.043537 0.005368 -0.294985 0.954495
65.399993 3.157378 -6.916589 -0.050948 0.039390 0.010211 -0.310822 0.949597
65.599992 3.471782 -6.954722 -0.071194 -0.017687 -0.036583 -0.306033 0.951153
65.799992 3.779932 -6.954397 -0.097027 -0.015361 -0.155315 -0.282370 0.946524
65.999992 3.978776 -6.880799 -0.146569 -0.039429 -0.061560 -0.248083 0.965976
66.199991 4.097718 -6.732672 -0.192898 0.092947 0.031974 -0.194133 0.976038
66.399993 4.231531 -6.622154 -0.227511 0.056963 -0.042117 -0.127636 0.989288
66.599993 4.347766 -6.602105 -0.263526 -0.097478 -0.144954 -0.039386 0.983837
66.799993 4.353205 -6.536053 -0.278431 -0.133438 0.001785 0.042221 0.990156
66.999991 4.318013 -6.302032 -0.315839 0.073029 0.012281 0.129651 0.988790
67.199990 4.307565 -6.057808 -0.323280 -0.012346 -0.020913 0.201454 0.979197
67.399988 4.288353 -5.835092 -0.314357 -0.034486 0.027886 0.261114 0.964289
67.599990 4.276231 -5.568926 -0.291159 0.025207 0.027278 0.309237 0.950259
67.799990 4.298695 -5.298461 -0.259851 0.086655 0.035157 0.332493 0.938458
67.999990 4.382342 -5.049012 -0.213384 0.097399 0.024875 0.342833 0.934002
68.199990 4.526452 -4.853122 -0.160483 0.027310 0.027355 0.367578 0.929189
68.399990 4.698608 -4.678741 -0.107935 -0.043050 0.032484 0.417225 0.907202
68.599990 4.874855 -4.462738 -0.044085 -0.071874 -0.002169 0.498918 0.863661
68.799988 5.021325 -4.197603 0.014505 -0.007402 0.000506 0.604766 0.796369
68.999984 5.142926 -3.886043 0.056528 0.093864 0.049739 0.701867 0.704343
69.199988 5.352075 -3.562399 0.090017 0.058282 -0.004665 0.769895 0.635487
69.399991 5.655861 -3.249033 0.017220 -0.164774 -0.063906 0.784825 0.593983
69.599992 5.859268 -2.947699 -0.007061 -0.113583 -0.112801 0.803755 0.573021
69.799992 5.873376 -2.626558 -0.033301 0.026712 -0.063243 0.822975 0.563913
69.999991 5.807114 -2.343563 -0.046940 0.093959 0.022863 0.811649 0.576086
70.199990 5.848875 -2.068832 -0.070844 -0.059093 -0.018345 0.797116 0.600647
70.399991 5.943787 -1.753764 -0.059133 -0.094055 -0.068225 0.762225 0.636798
70.599988 5.942587 -1.421875 -0.050107 0.006558 -0.062956 0.735533 0.674526
70.799986 5.849485 -1.135304 -0.061932 0.028535 -0.015363 0.700147 0.713263
70.999985 5.745952 -0.865878 -0.106606 -0.013193 -0.010589 0.677026 0.735764
71.199987 5.670180 -0.566244 -0.133566 -0.021620 -0.037979 0.670775 0.740372
71.399986 5.604200 -0.244176 -0.154497 -0.003380 -0.032322 0.677901 0.734435
71.599986 5.514436 0.075821 -0.144365 -0.021986 -0.046084 0.686489 0.725345
71.799987 5.382518 0.382000 -0.120594 -0.042438 -0.052378 0.677655 0.732283
71.999985 5.175389 0.682686 -0.093426 -0.028717 -0.043626 0.648833 0.759136
72.199974 4.918420 0.986803 -0.081616 -0.006088 -0.025162 0.617200 0.786380
72.399971 4.665867 1.299438 -0.053202 -0.012186 -0.050879 0.601823 0.796914
72.599980 4.410884 1.609885 -0.042747 -0.005950 -0.067245 0.611210 0.788584
72.799950 4.110450 1.904521 -0.038367 0.047173 -0.014476 0.637432 0.768925
72.999537 3.809361 2.149902 0.038773 0.001059 0.052121 0.667413 0.742861
73.199962 3.531191 2.407776 0.063898 0.012332 -0.060186 0.687751 0.723343
73.399987 3.252808 2.667244 0.064275 0.066098 -0.144170 0.691226 0.705019
73.599975 2.922907 2.829894 0.072682 0.066864 -0.064169 0.683109 0.724412
73.799390 2.590786 2.902091 0.115551 0.006261 0.022759 0.654556 0.755645
73.999934 2.291040 2.992676 0.183125 0.001597 -0.028170 0.608055 0.793393
74.199895 1.991149 3.097936 0.277583 0.018078 -0.012904 0.561690 0.827049
74.399167 1.704625 3.184005 0.384647 0.007455 0.048202 0.522556 0.851209
74.549992 1.521862 3.251635 0.491748 0.000564 0.079971 0.498536 0.863172
74.749992 1.330524 3.383278 0.641303 0.009998 0.074666 0.475533 0.876467
74.949993 1.170717 3.565067 0.745900 0.008948 0.038851 0.459447 0.887310
75.175000 1.041398 3.793155 0.846769 0.023499 0.046493 0.449028 0.891998
75.399554 0.949616 4.026545 0.919846 0.029152 0.064710 0.438486 0.895931
75.599862 0.858242 4.251519 0.939902 0.036204 0.063191 0.422885 0.903252
75.799932 0.821134 4.493299 0.922582 0.050626 0.044098 0.396596 0.915535
75.999959 0.831574 4.727593 0.867909 0.074569 0.046254 0.354266 0.931019
76.199969 0.897234 4.930345 0.744090 0.120298 0.048900 0.295285 0.946543
76.399985 1.031371 5.072105 0.546751 0.060571 0.040604 0.228652 0.970773
76.599989 1.197905 5.178795 0.375301 0.010155 0.043059 0.147335 0.988097
76.799991 1.390906 5.306518 0.202871 0.061921 0.011024 0.060844 0.996164
76.999993 1.594716 5.416450 0.009873 0.125766 0.014263 -0.023155 0.991687
77.199993 1.817006 5.433353 -0.099691 0.044647 0.022836 -0.102273 0.993492
77.399994 2.068849 5.403346 -0.135842 0.031139 0.020787 -0.164551 0.985658
77.599994 2.330649 5.392342 -0.128397 0.058508 0.026868 -0.205036 0.976635
77.799994 2.624684 5.332290 -0.099319 0.054620 0.000664 -0.228926 0.971910
77.999994 2.921502 5.216332 -0.045840 0.025883 0.002119 -0.232070 0.972352
78.199994 3.212504 5.089887 0.015039 0.002444 -0.013052 -0.222550 0.974831
78.399994 3.459525 4.993366 0.090142 -0.037946 -0.376362 -0.210209 0.901512
78.599994 3.538405 5.000117 0.059189 -0.001534 -0.332290 -0.214757 0.918401
78.799994 3.343474 5.106382 -0.067575 0.034142 0.037699 -0.212844 0.975761
78.999993 3.044496 5.201650 -0.079671 0.066467 0.284906 -0.203483 0.934348
79.199994 2.919962 5.187246 -0.059034 0.025911 0.113922 -0.209240 0.970860
79.399994 3.087238 5.125391 -0.025311 -0.000638 -0.139563 -0.217339 0.966067
79.599994 3.175761 5.122717 -0.013511 -0.008060 -0.098576 -0.217659 0.971001
79.799994 3.105950 5.179486 -0.025380 0.031579 0.159121 -0.209798 0.964193
79.999994 3.091646 5.194602 -0.019372 0.049774 0.019202 -0.213642 0.975454
80.199994 3.128729 5.165750 -0.033754 0.014925 -0.091506 -0.217761 0.971588
80.399994 3.099748 5.153275 -0.034224 0.007580 -0.000474 -0.213647 0.976881
80.599994 3.041735 5.170113 -0.029593 0.022636 0.064942 -0.212205 0.974802
80.799994 3.047993 5.179022 -0.023312 0.030911 0.002771 -0.212754 0.976613
80.999994 3.085683 5.173194 -0.024989 0.021361 -0.029716 -0.213307 0.976300
81.199994 3.096883 5.168896 -0.026037 0.016463 -0.000968 -0.211921 0.977148
81.399994 3.083327 5.172885 -0.023836 0.023234 0.021070 -0.211338 0.976910
