0.799989 -0.000378 -0.000435 -0.000133 0.000026 -0.000047 -0.000075 1.000000
0.999989 -0.001182 -0.000578 -0.000349 0.000043 -0.000129 -0.000170 1.000000
1.199989 -0.001968 -0.000702 -0.000641 0.000046 -0.000156 -0.000215 1.000000
1.399989 -0.002423 -0.000698 -0.000801 0.000054 -0.000191 -0.000222 1.000000
1.599989 -0.002780 -0.000682 -0.000840 0.000058 -0.000230 -0.000242 1.000000
1.799989 -0.002763 -0.000590 -0.000719 0.000032 -0.000225 -0.000236 1.000000
1.999989 -0.003107 -0.000586 -0.000693 0.000025 -0.000259 -0.000278 1.000000
2.199989 -0.003023 -0.000561 -0.000609 0.000015 -0.000236 -0.000263 1.000000
2.399989 -0.002970 -0.000563 -0.000617 0.000019 -0.000245 -0.000263 1.000000
2.599989 -0.002807 -0.000570 -0.000636 0.000021 -0.000231 -0.000251 1.000000
2.799989 -0.002661 -0.000580 -0.000643 0.000025 -0.000223 -0.000245 1.000000
2.999989 -0.002647 -0.000601 -0.000625 0.000024 -0.000223 -0.000245 1.000000
3.199989 -0.002586 -0.000587 -0.000583 0.000019 -0.000214 -0.000239 1.000000
3.399989 -0.002739 -0.000573 -0.000601 0.000019 -0.000228 -0.000251 1.000000
3.599989 -0.002884 -0.000572 -0.000638 0.000019 -0.000231 -0.000256 1.000000
3.799989 -0.002890 -0.000583 -0.000667 0.000020 -0.000229 -0.000253 1.000000
3.999989 -0.002864 -0.000593 -0.000672 0.000021 -0.000231 -0.000252 1.000000
4.199989 -0.002800 -0.000599 -0.000644 0.000021 -0.000230 -0.000251 1.000000
4.399989 -0.002782 -0.000592 -0.000625 0.000021 -0.000230 -0.000250 1.000000
4.599989 -0.002772 -0.000578 -0.000621 0.000020 -0.000228 -0.000251 1.000000
4.799989 -0.002794 -0.000576 -0.000629 0.000020 -0.000230 -0.000253 1.000000
4.999989 -0.002856 -0.000579 -0.000650 0.000020 -0.000233 -0.000254 1.000000
5.199989 -0.002903 -0.000590 -0.000666 0.000021 -0.000234 -0.000255 1.000000
5.399989 -0.002806 -0.000585 -0.000648 0.000020 -0.000227 -0.000248 1.000000
5.599989 -0.002821 -0.000581 -0.000646 0.000021 -0.000233 -0.000253 1.000000
5.799989 -0.002876 -0.000583 -0.000650 0.000020 -0.000234 -0.000255 1.000000
5.999989 -0.002943 -0.000597 -0.000660 0.000021 -0.000237 -0.000258 1.000000
6.199989 -0.002789 -0.000583 -0.000639 0.000018 -0.000223 -0.000247 1.000000
6.399989 -0.002789 -0.000578 -0.000640 0.000022 -0.000232 -0.000253 1.000000
6.599989 -0.002805 -0.000585 -0.000642 0.000021 -0.000230 -0.000253 1.000000
6.799989 -0.002773 -0.000587 -0.000631 0.000021 -0.000227 -0.000248 1.000000
6.999989 -0.002775 -0.000591 -0.000631 0.000022 -0.000228 -0.000251 1.000000
7.199989 -0.002760 -0.000586 -0.000629 0.000021 -0.000226 -0.000247 1.000000
7.399989 -0.002822 -0.000585 -0.000651 0.000020 -0.000230 -0.000254 1.000000
7.599989 -0.002919 -0.000597 -0.000675 0.000021 -0.000235 -0.000255 1.000000
7.799989 -0.002807 -0.000582 -0.000653 0.000018 -0.000224 -0.000247 1.000000
7.999989 -0.002869 -0.000576 -0.000654 0.000020 -0.000236 -0.000257 1.000000
8.199989 -0.002939 -0.000582 -0.000661 0.000020 -0.000237 -0.000259 1.000000
8.399989 -0.003083 -0.001555 0.000399 -0.021186 -0.017369 0.000239 0.999625
8.599993 -0.009257 0.004636 0.018434 -0.138225 -0.133320 0.012136 0.981312
8.799992 -0.096482 0.103616 0.011494 -0.065574 -0.093080 0.017133 0.993349
8.999986 -0.295021 0.285738 -0.050390 0.010537 0.113625 0.004255 0.993459
9.199986 -0.417023 0.446296 -0.091734 -0.029543 0.068901 -0.005087 0.997173
9.399991 -0.438163 0.602065 -0.071338 -0.069118 -0.093017 -0.009820 0.993214
9.599992 -0.484653 0.827148 -0.017302 -0.053730 -0.180206 -0.037849 0.981431
9.799986 -0.728761 1.126780 0.021971 -0.008239 -0.010253 -0.107061 0.994165
9.999963 -1.057947 1.433660 0.099529 0.056123 0.057354 -0.179658 0.980451
10.199931 -1.325590 1.696906 0.197880 0.069546 0.015517 -0.256284 0.963972
10.399918 -1.524708 1.861857 0.354364 0.057119 -0.064692 -0.339733 0.936554
10.599984 -1.725863 2.059779 0.495725 -0.109794 0.037597 -0.408907 0.905167
10.799971 -1.945573 2.279889 0.609815 0.109259 0.000935 -0.445906 0.888386
10.999985 -2.199140 2.439703 0.700609 0.028265 -0.100927 -0.470610 0.876094
11.199991 -2.573522 2.557239 0.787173 -0.159523 0.035788 -0.455378 0.875158
11.399992 -2.903403 2.745162 0.860515 -0.146343 0.122007 -0.461437 0.866472
11.599979 -3.058466 3.047764 0.879152 0.066948 0.116863 -0.469835 0.872420
11.799980 -3.062491 3.275150 0.894023 0.131820 -0.068778 -0.452862 0.879096
11.999992 -3.110629 3.391566 0.887033 -0.063837 -0.006099 -0.446175 0.892645
12.199992 -3.239740 3.512983 0.822515 -0.070301 0.166489 -0.421654 0.888565
12.399991 -3.276302 3.672934 0.739274 0.009168 0.109589 -0.390672 0.913937
12.599993 -3.168072 3.788671 0.662430 -0.006577 -0.066892 -0.328912 0.941966
12.799994 -3.090861 3.881043 0.598694 -0.133590 -0.029935 -0.225514 0.964573
12.999993 -3.040851 4.066257 0.480142 -0.055247 0.100940 -0.075630 0.990474
13.199992 -2.931283 4.334559 0.375217 -0.018323 -0.022023 0.125682 0.991657
13.399992 -2.763386 4.587836 0.292341 -0.020950 -0.029924 0.272275 0.961526
13.599989 -2.598990 4.820069 0.192548 0.070366 0.118641 0.336070 0.931681
13.799990 -2.321153 5.043857 0.116879 0.042674 0.062484 0.334131 0.939484
13.999992 -1.967995 5.236195 0.050311 0.013763 -0.036137 0.274490 0.960812
14.199992 -1.651487 5.398653 -0.017665 0.042387 -0.023631 0.180111 0.982448
14.399993 -1.388287 5.537513 -0.035374 0.069761 -0.119080 0.071655 0.987835
14.599994 -1.179604 5.626172 -0.087025 0.035060 -0.168278 -0.023285 0.984841
14.799994 -1.158557 5.688565 -0.101560 0.035189 0.083601 -0.069502 0.993450
14.999994 -1.141596 5.703762 -0.058912 0.049733 0.003921 -0.095181 0.994209
15.199994 -1.060513 5.669958 0.041475 0.066073 -0.065792 -0.105257 0.990064
15.399994 -1.018845 5.580979 0.175455 0.023260 0.047754 -0.099216 0.993647
15.599993 -0.963320 5.446964 0.316409 0.020417 0.120549 -0.095417 0.987900
15.799993 -0.791315 5.275160 0.483824 0.046150 0.023471 -0.104680 0.993157
15.999993 -0.553536 5.062584 0.625953 0.009543 0.017748 -0.114427 0.993227
16.199992 -0.300538 4.833727 0.746130 -0.003482 0.067703 -0.134988 0.988525
16.399992 -0.019343 4.597206 0.840828 -0.004045 0.053008 -0.162073 0.985346
16.599992 0.294506 4.353469 0.896370 -0.008384 -0.025762 -0.176466 0.983934
16.799992 0.594160 4.102945 0.914695 -0.028359 -0.048930 -0.184239 0.981253
16.999992 0.850128 3.867743 0.899635 -0.043115 -0.008543 -0.177216 0.983190
17.199988 1.087085 3.660275 0.841479 0.002816 0.048008 -0.153186 0.987027
17.399989 1.375080 3.447705 0.743260 -0.015356 -0.037668 -0.106179 0.993515
17.599993 1.692126 3.222723 0.699012 -0.122953 -0.186759 -0.020303 0.974470
17.799991 1.901285 3.073921 0.576030 -0.079224 -0.059028 0.046760 0.994008
17.999968 2.032232 3.030109 0.447753 0.051869 0.075617 0.125240 0.987880
18.199974 2.211960 2.940550 0.348822 0.005065 -0.018787 0.192941 0.981017
18.399991 2.403428 2.825967 0.263921 -0.084584 -0.144477 0.276142 0.946424
18.599988 2.479290 2.743017 0.192009 -0.036022 -0.090795 0.345772 0.933220
18.799940 2.453188 2.670182 0.115198 -0.024707 0.051306 0.396690 0.916185
18.999971 2.431973 2.617449 0.065469 -0.124058 0.039281 0.441912 0.887570
19.199982 2.414919 2.668316 0.086218 -0.085039 -0.043729 0.492694 0.864933
19.399979 2.363442 2.782458 0.116968 0.001383 -0.037129 0.525550 0.849951
19.599805 2.256298 2.862019 0.218301 -0.012260 0.073664 0.542076 0.837005
19.799878 2.190973 2.954798 0.329273 -0.084796 0.086922 0.545626 0.829184
19.999907 2.152364 3.150288 0.466832 -0.047851 0.026521 0.540958 0.839269
20.149992 2.124088 3.352225 0.565246 0.005940 0.024167 0.529989 0.847639
20.349992 2.103943 3.615796 0.690357 0.020871 0.101049 0.505050 0.856900
20.597368 2.130644 3.940404 0.813868 -0.011740 0.066876 0.463393 0.883548
20.799933 2.175874 4.237282 0.855296 0.031907 -0.013637 0.416485 0.908480
20.999942 2.213270 4.519617 0.879857 0.082326 0.038538 0.368756 0.925071
21.199959 2.277265 4.746022 0.889212 0.051267 0.078201 0.322416 0.941968
21.399978 2.397792 4.931742 0.878376 0.040596 0.034792 0.265274 0.962690
21.599985 2.617273 5.100193 0.835271 0.082228 -0.009178 0.205727 0.975105
21.799988 2.880969 5.204811 0.748583 0.045278 0.013346 0.149176 0.987683
21.999992 3.209079 5.259038 0.663490 -0.045443 -0.140058 0.065224 0.986947
22.199993 3.454333 5.342572 0.530921 0.007503 -0.123115 -0.006367 0.992344
22.399993 3.513381 5.430517 0.435495 0.076576 0.093018 -0.085954 0.988987
22.599994 3.618074 5.435940 0.334378 0.059429 0.029588 -0.180305 0.981368
22.799994 3.795644 5.389656 0.225914 0.024432 -0.139779 -0.276576 0.950458
22.999994 3.904259 5.343421 0.114913 -0.019856 -0.044044 -0.359071 0.932059
23.199994 3.942624 5.310450 0.031881 -0.003745 0.035205 -0.443828 0.895412
23.399994 4.023700 5.256627 -0.014221 0.026864 -0.009923 -0.519881 0.853759
23.599994 4.125443 5.177134 -0.025999 0.032327 -0.082160 -0.591760 0.801265
23.799994 4.165747 5.119241 -0.028163 -0.004522 -0.070097 -0.656335 0.751193
23.999994 4.148416 5.109771 -0.014944 -0.016796 -0.027224 -0.711439 0.702019
24.199994 4.125194 5.125503 0.013467 0.021515 -0.020272 -0.757904 0.651696
24.399994 4.094228 5.129166 0.049334 0.051249 -0.049796 -0.794300 0.603308
24.599994 4.014588 5.120178 0.083041 0.047292 -0.064238 -0.823693 0.561397
24.799994 3.871063 5.130081 0.118124 0.016322 -0.037479 -0.848761 0.527194
24.999994 3.700512 5.161737 0.150187 -0.033218 -0.025393 -0.866143 0.498043
25.199994 3.557880 5.220385 0.171313 0.001278 0.004813 0.876638 -0.481125
25.399994 3.435678 5.287332 0.186055 -0.034824 -0.005269 0.880256 -0.473190
25.599994 3.297147 5.330113 0.189103 -0.036245 -0.015292 0.879005 -0.475187
25.799994 3.134944 5.340697 0.177970 -0.023380 -0.025583 0.872930 -0.486612
25.999994 2.968380 5.324320 0.156791 -0.027216 -0.031624 0.861641 -0.505800
26.199994 2.806631 5.278577 0.131859 -0.033415 -0.031951 0.845268 -0.532339
26.399994 2.648005 5.195995 0.100564 -0.031691 -0.036082 0.823662 -0.565044
26.599994 2.493581 5.072795 0.077685 0.018789 0.009000 -0.799889 0.599787
26.799994 2.339456 4.918983 0.097792 0.008795 -0.050151 -0.784784 0.617674
26.999992 2.167919 4.778451 0.172122 0.036493 -0.033131 -0.799445 0.598714
27.199989 1.965356 4.638598 0.273647 0.064321 0.024372 -0.838657 0.540299
27.399988 1.705832 4.465830 0.407984 0.058851 0.035760 -0.880641 0.468754
27.599985 1.411460 4.243062 0.552761 -0.044991 -0.024452 0.913656 -0.403251
27.799969 1.094024 3.980056 0.684071 -0.018558 -0.012658 0.933765 -0.357180
27.999882 0.764717 3.689458 0.791498 0.002298 -0.008780 0.945079 -0.326717
28.199891 0.443963 3.393170 0.877633 0.002163 0.000172 0.953749 -0.300595
28.399911 0.151119 3.090493 0.910319 -0.006890 0.027421 0.965416 -0.259178
28.599915 -0.144366 2.785080 0.938213 -0.011067 0.026839 0.981326 -0.190150
28.749963 -0.378662 2.559239 0.929891 -0.016154 0.007242 0.993652 -0.111095
28.949982 -0.687539 2.267840 0.874973 -0.015133 -0.001754 0.999871 0.005074
29.149988 -0.987073 1.982717 0.787148 -0.027666 0.033343 0.991788 0.120331
29.349991 -1.298011 1.715767 0.664275 -0.016705 0.056879 0.977593 0.201983
29.595455 -1.676680 1.360853 0.624593 0.453408 0.604179 0.618181 0.217350
29.799660 -1.817445 1.241512 0.266090 0.382454 0.507053 0.707053 0.310969
29.999978 -1.004093 1.551904 -0.661352 -0.094902 -0.065645 0.947217 0.299107
30.199988 0.141225 2.117637 -1.184742 -0.187775 -0.152028 0.935748 0.256910
30.399990 1.004332 2.634254 -1.412658 -0.189857 -0.210679 0.927030 0.245324
30.599990 1.589020 2.912770 -1.498022 -0.180789 -0.215887 0.919862 0.273061
30.799991 1.887130 2.921050 -1.483545 -0.175883 -0.228760 0.907168 0.306236
30.999991 1.884809 2.649619 -1.393338 -0.184792 -0.234281 0.890990 0.342202
31.199990 1.904779 2.279638 -1.228320 -0.569048 -0.187345 0.622410 0.503679
31.399994 2.145928 2.109362 -1.146224 -0.744939 0.017919 0.003155 0.666885
31.599994 2.246540 2.361928 -1.528092 -0.707652 0.106315 -0.166116 0.678478
31.705277 2.467120 2.968808 -1.975065 -0.717138 0.105393 -0.154979 0.671257
31.949940 3.483131 5.585937 -3.264507 -0.711977 0.156188 -0.204451 0.653372
32.099984 4.396139 7.860250 -4.425376 -0.726921 0.244966 -0.297684 0.568297
