0.799989 -0.000378 -0.000435 -0.000133 0.000026 -0.000047 -0.000075 1.000000
0.999989 -0.001182 -0.000578 -0.000349 0.000043 -0.000128 -0.000170 1.000000
1.199989 -0.001970 -0.000702 -0.000640 0.000046 -0.000157 -0.000215 1.000000
1.399989 -0.002437 -0.000700 -0.000802 0.000054 -0.000192 -0.000223 1.000000
1.599989 -0.002801 -0.000681 -0.000847 0.000058 -0.000232 -0.000244 1.000000
1.799989 -0.002785 -0.000580 -0.000725 0.000032 -0.000228 -0.000237 1.000000
1.999989 -0.003116 -0.000569 -0.000690 0.000026 -0.000260 -0.000279 1.000000
2.199989 -0.003246 -0.000557 -0.000659 0.000024 -0.000257 -0.000276 1.000000
2.399989 -0.003158 -0.000542 -0.000680 0.000028 -0.000248 -0.000262 1.000000
2.599989 -0.002968 -0.000556 -0.000701 0.000033 -0.000242 -0.000252 1.000000
2.799989 -0.002677 -0.000576 -0.000638 0.000027 -0.000224 -0.000238 1.000000
2.999989 -0.002605 -0.000623 -0.000590 0.000025 -0.000223 -0.000236 1.000000
3.199989 -0.002535 -0.000578 -0.000543 0.000021 -0.000214 -0.000235 1.000000
3.399989 -0.002865 -0.000551 -0.000589 0.000022 -0.000237 -0.000261 1.000000
3.599989 -0.003113 -0.000557 -0.000665 0.000022 -0.000239 -0.000268 1.000000
3.799989 -0.003103 -0.000572 -0.000696 0.000019 -0.000234 -0.000262 1.000000
3.999989 -0.003048 -0.000577 -0.000704 0.000020 -0.000235 -0.000262 1.000000
4.199989 -0.002953 -0.000576 -0.000674 0.000021 -0.000233 -0.000258 1.000000
4.399989 -0.002927 -0.000573 -0.000642 0.000020 -0.000233 -0.000260 1.000000
4.599989 -0.002940 -0.000573 -0.000627 0.000019 -0.000233 -0.000260 1.000000
4.799989 -0.002923 -0.000573 -0.000633 0.000020 -0.000231 -0.000260 1.000000
4.999989 -0.002899 -0.000576 -0.000643 0.000021 -0.000229 -0.000257 1.000000
5.199989 -0.002926 -0.000578 -0.000657 0.000021 -0.000231 -0.000258 1.000000
5.399989 -0.002983 -0.000578 -0.000666 0.000021 -0.000233 -0.000261 1.000000
5.599989 -0.003021 -0.000576 -0.000670 0.000019 -0.000235 -0.000262 1.000000
5.799989 -0.003028 -0.000573 -0.000670 0.000019 -0.000236 -0.000262 1.000000
5.999989 -0.003015 -0.000572 -0.000669 0.000019 -0.000235 -0.000261 1.000000
6.199989 -0.002974 -0.000575 -0.000662 0.000020 -0.000233 -0.000261 1.000000
6.399989 -0.002950 -0.000578 -0.000658 0.000020 -0.000233 -0.000259 1.000000
6.599989 -0.002928 -0.000581 -0.000653 0.000020 -0.000231 -0.000257 1.000000
6.799989 -0.002927 -0.000581 -0.000653 0.000020 -0.000231 -0.000258 1.000000
6.999989 -0.002931 -0.000580 -0.000654 0.000020 -0.000231 -0.000260 1.000000
7.199989 -0.002979 -0.000578 -0.000664 0.000020 -0.000233 -0.000261 1.000000
7.399989 -0.003011 -0.000575 -0.000676 0.000019 -0.000233 -0.000261 1.000000
7.599989 -0.003017 -0.000573 -0.000683 0.000019 -0.000234 -0.000262 1.000000
7.799989 -0.003007 -0.000573 -0.000681 0.000019 -0.000234 -0.000261 1.000000
7.999989 -0.002994 -0.000575 -0.000676 0.000019 -0.000233 -0.000260 1.000000
8.199989 -0.002966 -0.000580 -0.000663 0.000020 -0.000233 -0.000260 1.000000
8.399989 -0.002890 -0.000574 -0.000644 0.000020 -0.000228 -0.000257 1.000000
8.599989 -0.002915 -0.000576 -0.000649 0.000020 -0.000231 -0.000259 1.000000
8.799989 -0.002976 -0.000579 -0.000669 0.000019 -0.000232 -0.000260 1.000000
8.999989 -0.002878 -0.000564 -0.000658 0.000019 -0.000224 -0.000253 1.000000
9.199989 -0.002922 -0.000568 -0.000664 0.000019 -0.000230 -0.000259 1.000000
9.399989 -0.002848 -0.000562 -0.000647 0.000018 -0.000223 -0.000252 1.000000
9.599989 -0.002922 -0.000573 -0.000655 0.000020 -0.000231 -0.000259 1.000000
9.799989 -0.002863 -0.000569 -0.000646 0.000018 -0.000223 -0.000252 1.000000
9.999989 -0.002921 -0.000575 -0.000663 0.000019 -0.000230 -0.000257 1.000000
10.199989 -0.002859 -0.000565 -0.000655 0.000019 -0.000223 -0.000252 1.000000
10.399989 -0.002939 -0.000570 -0.000670 0.000020 -0.000231 -0.000259 1.000000
10.599989 -0.002872 -0.000564 -0.000655 0.000018 -0.000223 -0.000253 1.000000
10.799989 -0.002936 -0.000572 -0.000665 0.000019 -0.000230 -0.000258 1.000000
10.999989 -0.002864 -0.000566 -0.000652 0.000018 -0.000223 -0.000252 1.000000
11.199989 -0.002923 -0.000573 -0.000663 0.000019 -0.000230 -0.000258 1.000000
11.399989 -0.002858 -0.000566 -0.000652 0.000018 -0.000223 -0.000252 1.000000
11.599989 -0.002933 -0.000572 -0.000666 0.000019 -0.000230 -0.000259 1.000000
11.799989 -0.002869 -0.000566 -0.000655 0.000018 -0.000223 -0.000252 1.000000
11.999989 -0.002933 -0.000573 -0.000667 0.000019 -0.000230 -0.000258 1.000000
12.199989 -0.002865 -0.000566 -0.000654 0.000018 -0.000223 -0.000252 1.000000
12.399989 -0.002938 -0.000573 -0.000667 0.000019 -0.000230 -0.000259 1.000000
12.599989 -0.002869 -0.000566 -0.000655 0.000018 -0.000223 -0.000252 1.000000
12.799989 -0.002941 -0.000573 -0.000668 0.000019 -0.000231 -0.000258 1.000000
12.999989 -0.002870 -0.000566 -0.000655 0.000018 -0.000223 -0.000252 1.000000
13.199989 -0.002938 -0.000573 -0.000668 0.000019 -0.000230 -0.000258 1.000000
13.399989 -0.002867 -0.000567 -0.000655 0.000018 -0.000223 -0.000252 1.000000
13.599989 -0.002935 -0.000574 -0.000667 0.000019 -0.000230 -0.000259 1.000000
13.799989 -0.002866 -0.000567 -0.000654 0.000018 -0.000223 -0.000252 1.000000
13.999989 -0.002937 -0.000574 -0.000668 0.000020 -0.000230 -0.000259 1.000000
14.199989 -0.002869 -0.000568 -0.000656 0.000018 -0.000223 -0.000252 1.000000
14.399989 -0.002941 -0.000574 -0.000669 0.000019 -0.000230 -0.000258 1.000000
14.599989 -0.002887 -0.000567 -0.000658 0.000018 -0.000224 -0.000254 1.000000
14.799989 -0.002914 -0.000574 -0.000664 0.000019 -0.000228 -0.000258 1.000000
14.999989 -0.002863 -0.000567 -0.000654 0.000019 -0.000223 -0.000253 1.000000
15.199989 -0.002937 -0.000573 -0.000667 0.000019 -0.000230 -0.000259 1.000000
15.399989 -0.002888 -0.000567 -0.000657 0.000018 -0.000224 -0.000254 1.000000
15.599989 -0.002906 -0.000575 -0.000663 0.000020 -0.000227 -0.000259 1.000000
15.799989 -0.002850 -0.000563 -0.000650 0.000018 -0.000222 -0.000252 1.000000
15.999989 -0.002950 -0.000569 -0.000668 0.000019 -0.000231 -0.000260 1.000000
16.199989 -0.002902 -0.000565 -0.000660 0.000018 -0.000224 -0.000254 1.000000
16.399989 -0.002787 -0.000560 -0.000638 0.000020 -0.000219 -0.000251 1.000000
16.599989 -0.002762 -0.000559 -0.000630 0.000020 -0.000221 -0.000250 1.000000
16.799989 -0.003164 -0.000819 0.000737 -0.006754 -0.005837 0.000101 0.999960
16.999993 -0.007962 -0.000200 0.023891 -0.161452 -0.150779 0.014077 0.975193
17.199993 -0.093892 0.099917 0.017644 -0.065709 -0.108594 0.023846 0.991625
17.399984 -0.294390 0.284830 -0.053035 0.062174 0.077275 0.004033 0.995061
17.599991 -0.444343 0.406194 -0.098871 -0.064106 -0.079925 0.005430 0.994723
17.799991 -0.601822 0.546015 -0.100578 -0.002158 -0.081363 0.008775 0.996644
17.999987 -0.844856 0.722593 -0.077505 0.014894 0.000563 -0.002537 0.999886
18.199985 -1.112539 0.884515 -0.019338 0.007498 0.150583 -0.020743 0.988351
18.399984 -1.266635 1.041475 0.062800 0.131982 0.003973 -0.041452 0.990377
18.599985 -1.359220 1.112797 0.149577 0.068223 -0.123724 -0.067809 0.987644
18.799987 -1.576114 1.090546 0.235015 0.007116 0.021711 -0.068414 0.997395
18.999986 -1.823443 1.073995 0.331613 0.034663 0.111663 -0.084419 0.989547
19.199988 -1.969975 1.040905 0.431920 -0.015704 0.033212 -0.103240 0.993978
19.399990 -2.039931 0.996188 0.520277 -0.093842 0.002325 -0.127307 0.987411
19.599987 -2.090389 1.042821 0.590079 0.021449 0.009576 -0.159261 0.986957
19.799984 -2.144980 1.105528 0.658785 0.161201 -0.027941 -0.187041 0.968633
19.999985 -2.243469 1.032772 0.677218 -0.029253 -0.028343 -0.223881 0.973765
20.199987 -2.373479 0.931863 0.701010 -0.093929 0.164049 -0.253225 0.948758
20.399977 -2.394641 0.901037 0.735823 0.006454 0.121889 -0.247179 0.961251
20.599987 -2.254901 0.869726 0.738145 -0.032567 -0.176198 -0.180712 0.967076
20.799992 -2.202343 0.853086 0.738803 -0.168173 -0.079907 -0.083945 0.978921
20.999991 -2.281095 0.976880 0.692571 0.002200 0.090749 0.042646 0.994958
21.199993 -2.307068 1.139894 0.669524 -0.006451 -0.005781 0.219063 0.975672
21.399994 -2.247104 1.276637 0.649039 -0.118178 -0.023255 0.390508 0.912686
21.599994 -2.241310 1.431576 0.639572 -0.038418 -0.003298 0.570036 0.820714
21.799992 -2.293216 1.615571 0.631825 0.006134 -0.001805 0.719712 0.694243
21.999989 -2.341352 1.830598 0.622041 0.012685 0.050762 0.829990 0.555318
22.199983 -2.359973 2.112137 0.617912 -0.027193 0.030077 0.906920 0.419348
22.399973 -2.359388 2.436898 0.612690 -0.043104 -0.041357 0.951581 0.301538
22.599940 -2.400710 2.779367 0.614387 -0.067280 -0.063058 0.976562 0.194481
22.799814 -2.517685 3.085504 0.579518 -0.029925 -0.076044 0.991565 0.100603
22.999967 -2.674823 3.342708 0.479032 0.076567 -0.052233 0.995480 0.020726
23.199985 -2.777830 3.552437 0.334882 0.083254 -0.093065 0.991670 -0.031585
23.399983 -2.790712 3.713082 0.189187 0.001183 -0.100614 0.992582 -0.068241
23.599974 -2.786129 3.797509 0.060460 -0.032326 -0.032758 0.993131 -0.107579
23.799975 -2.826732 3.841386 -0.028409 0.032517 0.046083 0.989244 -0.134963
23.999978 -2.871578 3.938735 -0.078790 0.048058 0.046989 0.990633 -0.118864
24.199986 -2.869032 4.123837 -0.087366 0.055114 -0.030859 0.996186 -0.060189
24.399987 -2.806156 4.320827 -0.054908 0.034625 -0.056512 0.997452 0.026413
24.599958 -2.716413 4.453419 0.008428 -0.089516 -0.013278 0.989070 0.116411
24.799948 -2.699089 4.546789 0.069399 -0.118081 0.006427 0.976274 0.181394
24.999973 -2.791831 4.679134 0.131381 -0.037236 -0.016967 0.975671 0.215389
25.199984 -2.941319 4.859786 0.179305 0.013098 -0.052872 0.976078 0.210487
25.399985 -3.107547 5.031816 0.207905 -0.009417 -0.082140 0.982189 0.168727
25.599979 -3.287366 5.147669 0.223748 -0.067665 -0.082334 0.989539 0.097240
25.799961 -3.510453 5.186449 0.256103 -0.026945 -0.042998 0.998699 -0.004950
25.999985 -3.760783 5.183703 0.268046 0.132815 -0.020303 0.985717 -0.101539
26.199988 -3.923909 5.189018 0.261907 0.143928 -0.017988 0.978550 -0.146291
26.399984 -3.933712 5.234096 0.247604 0.046285 -0.065144 0.986711 -0.141476
26.599966 -3.874324 5.267574 0.247332 -0.019577 -0.065882 0.993954 -0.085621
26.799977 -3.845399 5.222111 0.271098 0.027360 -0.034365 0.998595 -0.029655
26.999984 -3.828342 5.127475 0.282260 0.075506 -0.014727 0.996880 0.017661
27.199984 -3.754644 5.037585 0.294234 0.063591 -0.024648 0.996973 0.037340
27.399978 -3.606212 4.963554 0.319829 0.005330 -0.044080 0.998648 0.027030
27.599956 -3.437470 4.874963 0.349286 -0.029557 -0.034656 0.998899 -0.011229
27.799934 -3.313016 4.748969 0.381968 -0.021867 -0.018160 0.997118 -0.070346
27.999942 -3.213148 4.609766 0.408127 -0.011475 -0.016033 0.990341 -0.137245
28.199927 -3.086907 4.470179 0.422870 -0.035895 -0.019754 0.978530 -0.201990
28.399896 -2.948042 4.323045 0.441120 -0.068884 -0.004211 0.963916 -0.257105
28.599909 -2.860834 4.163445 0.460739 -0.074700 0.015924 0.950782 -0.300301
28.799941 -2.867049 3.993796 0.465009 -0.051477 0.019459 0.942757 -0.328909
28.999950 -2.947270 3.829192 0.458878 -0.031949 0.021225 0.939480 -0.340451
29.199937 -3.062062 3.684368 0.446929 -0.034389 0.030547 0.939776 -0.338681
29.399883 -3.195305 3.571686 0.427416 -0.043282 0.035547 0.941717 -0.331711
29.599865 -3.357803 3.494037 0.403610 -0.044538 0.015734 0.943230 -0.328764
29.799920 -3.558537 3.435548 0.367911 -0.035755 -0.016897 0.940060 -0.338708
29.999953 -3.792752 3.360028 0.327240 -0.010913 -0.032181 0.929487 -0.367287
30.199972 -4.037708 3.250377 0.290620 0.013710 -0.021252 0.908775 -0.416519
30.399983 -4.273733 3.130120 0.250905 0.025199 -0.068824 0.873140 -0.481928
30.599986 -4.477461 2.991216 0.210956 0.014481 -0.126105 0.823044 -0.553613
30.799986 -4.623579 2.808798 0.175389 0.014222 0.095265 -0.770419 0.630220
30.999987 -4.725693 2.561204 0.140158 0.004396 0.049635 -0.712356 0.700047
31.199989 -4.812689 2.274521 0.096443 -0.023548 0.043989 -0.654203 0.754672
31.399990 -4.880826 1.987509 0.050707 -0.001326 0.040595 -0.607995 0.792901
31.599990 -4.922413 1.691922 0.020761 0.040104 -0.001273 -0.580980 0.812929
31.799991 -4.983552 1.384728 0.015819 -0.018537 -0.002530 -0.579471 0.814778
31.999993 -5.051646 1.077165 0.025252 -0.092534 0.065952 -0.586418 0.801999
32.199992 -5.042961 0.803133 0.006072 0.001994 0.045959 -0.608965 0.791862
32.399992 -4.977459 0.514886 0.001045 0.062913 -0.007032 -0.624419 0.778520
32.599993 -4.955766 0.199407 0.023117 -0.003100 -0.032038 -0.645699 0.762913
32.799992 -4.985813 -0.117099 0.043116 -0.054597 0.054739 -0.663378 0.744280
32.999991 -4.992639 -0.406709 0.029928 -0.007687 0.061435 -0.686067 0.724899
33.199992 -4.937143 -0.716183 0.018612 0.075226 -0.055718 -0.706756 0.701237
33.399992 -4.921203 -1.016011 0.005847 0.097391 -0.095390 -0.730564 0.669098
33.599993 -5.058374 -1.303292 0.002555 -0.018543 -0.018751 -0.775467 0.630837
33.799994 -5.232027 -1.565910 -0.013518 -0.031727 0.087422 -0.820564 0.563938
33.999994 -5.327169 -1.841850 -0.016489 0.009431 0.015507 -0.881444 0.471939
34.199993 -5.390937 -2.120918 -0.009481 -0.035165 -0.007321 0.935367 -0.351849
34.399992 -5.499841 -2.426539 -0.005040 -0.007707 0.005630 0.975859 -0.218194
34.599990 -5.649744 -2.749430 0.001693 0.005365 0.056509 0.995316 -0.078255
34.799981 -5.802660 -3.001502 0.047901 -0.026679 0.060851 0.994612 0.079570
34.999987 -5.949687 -3.154137 0.108783 0.042656 0.047620 0.962686 0.262962
35.199990 -6.108261 -3.258480 0.211844 0.134085 0.037043 0.897859 0.417729
35.399991 -6.156219 -3.391996 0.353656 -0.007768 0.021130 0.861662 0.506983
35.599991 -6.156788 -3.496679 0.494477 -0.166687 0.009239 0.829513 0.532952
35.799992 -6.275128 -3.519340 0.612982 0.052581 -0.057090 0.836911 0.541809
35.999989 -6.447246 -3.541075 0.673714 0.085833 0.103467 0.821004 0.554869
36.199984 -6.529649 -3.572401 0.735843 -0.020876 0.134780 0.810164 0.570116
36.399992 -6.514514 -3.495968 0.764704 0.011726 -0.011400 0.789459 0.613585
36.599994 -6.492781 -3.361960 0.764920 0.175146 -0.134118 0.753882 0.618869
36.799994 -6.473997 -3.358165 0.723155 0.168201 -0.028266 0.760589 0.626429
36.999992 -6.403270 -3.489395 0.653743 0.049309 0.067625 0.796311 0.599069
37.199992 -6.261218 -3.624678 0.569011 -0.016942 0.006184 0.840793 0.541057
37.399991 -6.100772 -3.705792 0.477555 0.032377 -0.093466 0.892208 0.440660
37.599992 -5.966964 -3.844327 0.377690 0.102019 -0.113959 0.939747 0.305745
37.799993 -5.807631 -4.087282 0.271514 0.052067 -0.060136 0.982964 0.165696
37.999991 -5.609259 -4.377523 0.155593 -0.016048 -0.012084 0.999793 0.003346
38.199990 -5.396590 -4.668597 0.067173 -0.063923 -0.007868 0.983025 -0.171796
38.399990 -5.234430 -4.950117 0.005814 -0.087478 -0.008930 0.939357 -0.331476
38.599991 -5.164824 -5.237554 -0.025729 -0.030785 -0.016721 0.908245 -0.416971
38.799991 -5.160914 -5.526911 -0.059324 -0.013601 -0.026450 0.909159 -0.415386
38.999991 -5.163878 -5.813594 -0.083346 -0.026372 -0.011765 0.931157 -0.363473
39.199991 -5.161205 -6.108226 -0.101556 -0.048852 -0.004766 0.954536 -0.294026
39.399993 -5.197843 -6.404406 -0.120701 -0.054899 0.016378 0.976012 -0.210045
39.599994 -5.294987 -6.697797 -0.120560 -0.019303 0.060912 0.991413 -0.114093
39.799994 -5.435875 -6.922823 -0.106865 0.061389 0.051204 0.996794 -0.003242
39.999994 -5.540115 -7.069215 -0.087457 0.071573 0.019410 0.992240 0.099798
40.199994 -5.563153 -7.183839 -0.052662 -0.021395 0.015879 0.983611 0.178323
40.399994 -5.582319 -7.277604 0.017330 -0.068387 0.017348 0.969692 0.233923
40.599994 -5.684482 -7.335655 0.112500 0.039331 0.058586 0.960703 0.268458
40.799994 -5.809254 -7.341710 0.201495 0.147798 0.082316 0.937184 0.305067
40.999994 -5.809383 -7.299403 0.273001 0.079493 0.085538 0.935660 0.333022
41.199994 -5.686012 -7.195598 0.302403 -0.025465 0.046832 0.922502 0.382294
41.399994 -5.550994 -7.018683 0.305968 -0.031626 0.002717 0.887128 0.460431
41.599994 -5.472659 -6.792177 0.275928 0.044723 0.026830 0.828210 0.557986
41.799993 -5.390941 -6.570629 0.222594 0.057648 0.091105 0.745188 0.658082
41.999993 -5.233374 -6.342346 0.143956 0.015868 0.053708 0.643334 0.763534
42.199994 -5.019504 -6.080787 0.060954 0.042870 -0.017109 0.522939 0.851119
42.399994 -4.802557 -5.795564 -0.016471 0.081879 -0.014003 0.397812 0.913699
42.599992 -4.584856 -5.520716 -0.080768 0.078442 0.036260 0.277162 0.956929
42.799990 -4.329746 -5.303578 -0.127050 0.058540 0.010897 0.160342 0.985264
42.999986 -4.040742 -5.134931 -0.172024 0.085799 0.000378 0.062369 0.994358
43.199977 -3.742452 -5.020228 -0.211921 0.072705 0.016275 -0.013501 0.997129
43.399970 -3.435765 -4.956347 -0.224753 0.055412 0.022416 -0.072741 0.995558
43.599982 -3.124798 -4.913380 -0.208981 0.063192 0.015139 -0.116800 0.991027
43.799987 -2.815741 -4.897228 -0.191763 0.039270 0.028413 -0.141297 0.988780
43.999990 -2.503673 -4.903553 -0.164676 0.031988 0.009980 -0.156544 0.987102
44.199992 -2.194588 -4.915460 -0.152081 0.060975 -0.000659 -0.159980 0.985235
44.399992 -1.895204 -4.951320 -0.174974 0.002053 0.021313 -0.155513 0.987602
44.599993 -1.596511 -4.988608 -0.174170 -0.002149 0.025047 -0.148711 0.988561
44.799993 -1.287912 -5.009745 -0.190492 0.022845 0.017674 -0.142598 0.989359
44.999993 -0.978517 -5.028658 -0.183379 0.025729 0.009805 -0.138882 0.989926
45.199993 -0.678159 -5.051646 -0.159717 0.034270 0.018519 -0.144178 0.988785
45.399994 -0.370120 -5.088280 -0.133235 0.041281 0.010816 -0.165447 0.985295
45.599994 -0.077094 -5.150647 -0.084812 0.015033 -0.086346 -0.226394 0.970085
45.799994 0.145991 -5.198017 -0.010513 0.010239 -0.053590 -0.323260 0.944736
45.999994 0.323961 -5.206185 0.020578 0.105691 0.061532 -0.409223 0.904201
46.199994 0.491365 -5.258387 0.041501 0.062224 0.009812 -0.539275 0.839770
46.399992 0.640258 -5.395277 0.062539 0.082513 -0.075063 -0.665095 0.738380
46.599990 0.674753 -5.500756 0.037544 0.056821 0.069894 -0.757454 0.646645
46.799989 0.677237 -5.669041 0.016801 0.074792 0.039917 -0.826131 0.557063
46.999987 0.665165 -5.881463 -0.011229 0.025922 0.032706 -0.878531 0.475860
47.199987 0.589454 -6.136516 -0.075847 -0.045221 0.034708 -0.926168 0.372778
47.399989 0.531774 -6.368645 -0.139558 0.005407 -0.044868 0.965968 -0.254683
47.599991 0.517245 -6.607299 -0.192822 -0.028881 -0.010499 0.989661 -0.140095
47.799991 0.500476 -6.858358 -0.209420 0.012523 0.003260 0.999096 -0.040504
47.999993 0.472941 -7.113761 -0.176028 0.087929 0.080140 0.990423 0.070058
48.199994 0.496823 -7.301982 -0.145190 0.050869 0.048294 0.985108 0.156978
48.399994 0.569340 -7.434897 -0.118826 -0.057904 -0.004735 0.973629 0.220615
48.599994 0.598684 -7.535415 -0.117087 -0.024743 0.024558 0.962884 0.267654
48.799994 0.577242 -7.603520 -0.136124 0.130118 0.084045 0.937965 0.310205
48.999994 0.636495 -7.609139 -0.179711 0.107608 0.091516 0.924306 0.354548
49.199994 0.829052 -7.562570 -0.222293 0.023518 0.038049 0.911065 0.409830
49.399994 1.060678 -7.475717 -0.248825 0.014935 -0.024963 0.877799 0.478145
49.599994 1.266100 -7.382731 -0.267407 0.072431 -0.009277 0.831137 0.551252
49.799994 1.478542 -7.312553 -0.263441 0.069658 0.047118 0.768552 0.634236
49.999993 1.751878 -7.249573 -0.271324 0.036319 0.016612 0.688418 0.724214
50.199991 2.074109 -7.169814 -0.259077 0.033876 -0.029885 0.586816 0.808459
50.399990 2.400073 -7.108950 -0.229113 0.064431 -0.028613 0.460070 0.885079
50.599987 2.695848 -7.145628 -0.191660 0.098891 -0.006498 0.321066 0.941857
50.799988 2.999143 -7.240094 -0.148110 0.035762 0.029437 0.209542 0.976702
50.999989 3.300999 -7.348692 -0.102297 -0.008693 0.041215 0.107275 0.993337
51.199990 3.626285 -7.385817 -0.074191 0.012777 -0.020979 0.039982 0.998898
51.399993 3.946525 -7.392402 -0.042319 0.020337 -0.163457 0.007691 0.986311
51.599992 4.163060 -7.416921 -0.074450 -0.006426 -0.105525 0.050719 0.993102
51.799989 4.206392 -7.456027 -0.108382 -0.036863 0.095380 0.171850 0.979802
51.999990 4.301394 -7.467064 -0.168451 -0.087161 -0.012030 0.343662 0.934963
52.199993 4.403764 -7.405527 -0.231904 -0.105887 -0.097337 0.503663 0.851843
52.399992 4.404125 -7.265958 -0.302322 0.019362 -0.038632 0.628123 0.776913
52.599992 4.348384 -7.133863 -0.374918 0.030295 0.057721 0.692666 0.718306
52.799992 4.323396 -7.001400 -0.437551 -0.061199 0.062657 0.709179 0.699567
52.999992 4.312313 -6.792005 -0.485628 -0.030698 0.022321 0.678840 0.733304
53.199991 4.271013 -6.503257 -0.523101 0.055576 0.032560 0.607604 0.791624
53.399987 4.227752 -6.217963 -0.536422 0.067597 0.093575 0.503678 0.856144
53.599987 4.260455 -5.932574 -0.520954 0.111020 0.009103 0.358183 0.926982
53.799992 4.343445 -5.677388 -0.517028 0.127772 -0.085145 0.208196 0.965960
53.999992 4.362680 -5.556912 -0.512564 -0.095790 0.049437 0.129279 0.985732
55.599987 5.530789 -3.460898 -0.119634 0.013428 0.057387 0.575582 0.815618
55.799989 5.720783 -3.233995 -0.154722 -0.105084 -0.007327 0.622953 0.775134
55.999991 5.869858 -2.910462 -0.150130 0.000502 -0.091498 0.671251 0.735561
56.199991 5.919573 -2.566906 -0.163687 0.084322 -0.058674 0.701395 0.705331
56.399988 5.910075 -2.282446 -0.201135 0.072025 0.043885 0.716385 0.692589
56.599989 5.961463 -2.021033 -0.265651 -0.035138 0.038192 0.714910 0.697288
56.799987 6.033893 -1.722538 -0.259860 0.024962 -0.022148 0.700494 0.712877
56.999988 6.081139 -1.402243 -0.263581 0.037920 -0.051900 0.690934 0.720055
57.199986 6.089986 -1.116107 -0.273617 0.015068 -0.004691 0.692513 0.721233
57.399981 6.071850 -0.826188 -0.264125 0.015011 0.020424 0.700921 0.712788
57.599986 6.063778 -0.507066 -0.246399 -0.009517 -0.054037 0.710436 0.701620
57.799988 6.039327 -0.180172 -0.251182 -0.032505 -0.081347 0.710261 0.698466
57.999985 5.917911 0.119383 -0.257926 0.011984 -0.035815 0.690235 0.722599
58.199971 5.733328 0.402948 -0.247436 0.027262 0.025157 0.654915 0.754791
58.399963 5.564765 0.704729 -0.210975 0.023300 0.004363 0.615166 0.788041
58.599987 5.427669 1.034592 -0.168341 0.018725 -0.117671 0.589713 0.798775
58.799988 5.229601 1.330937 -0.135001 0.056955 -0.110667 0.581952 0.803642
58.999962 4.927615 1.535636 -0.079120 0.081302 -0.012003 0.592378 0.801458
59.199728 4.613647 1.679225 0.021653 0.028715 0.032462 0.621749 0.782016
59.399814 4.334556 1.837713 0.106566 0.009298 0.000386 0.665950 0.745938
62.599973 2.800548 4.645011 0.422869 0.048766 0.016742 0.423515 0.904421
62.799986 2.914257 4.792015 0.321056 0.058181 0.045224 0.261628 0.962352
62.999990 3.021730 4.921094 0.224027 0.079219 0.082594 0.080811 0.990137
63.199993 3.177977 5.017146 0.096447 0.046498 0.034960 -0.098579 0.993427
63.399994 3.366484 5.113217 -0.092830 0.001456 -0.086231 -0.266475 0.959976
63.599994 3.486421 5.241284 -0.215570 -0.072083 0.052908 -0.386922 0.917767
63.799994 3.630649 5.404921 -0.250414 0.052010 0.054638 -0.489414 0.868783
63.999993 3.846992 5.527668 -0.173612 0.341706 -0.115004 -0.503675 0.785062
64.199994 3.859921 5.482709 -0.113732 0.105070 -0.081090 -0.573537 0.808356
64.399994 3.679139 5.352572 -0.166766 -0.145736 0.053198 -0.570893 0.806233
79.199994 3.657058 5.360063 -0.183696 0.013131 0.020412 -0.585311 0.810446
79.399994 3.657089 5.360209 -0.183834 0.013159 0.020360 -0.585334 0.810430
79.599994 3.657099 5.360290 -0.184050 0.013142 0.020326 -0.585342 0.810425
79.799994 3.657075 5.360200 -0.184240 0.013129 0.020298 -0.585324 0.810439
79.999994 3.657022 5.360142 -0.184637 0.013105 0.020217 -0.585311 0.810451
80.199994 3.657008 5.360264 -0.185047 0.013074 0.020259 -0.585317 0.810446
80.399994 3.657040 5.360463 -0.185079 0.013079 0.020289 -0.585328 0.810437
80.599994 3.657086 5.360586 -0.184950 0.013076 0.020290 -0.585333 0.810434
80.799994 3.657129 5.360723 -0.184880 0.013106 0.020312 -0.585364 0.810410
80.999994 3.657228 5.360915 -0.184688 0.013099 0.020320 -0.585404 0.810382
