0.850000 -0.000378 -0.000435 -0.000133 0.000026 -0.000047 -0.000075 1.000000
8.600000 -0.009257 0.004636 0.018434 -0.138225 -0.133320 0.012136 0.981312
9.050000 -0.295021 0.285738 -0.050390 0.010537 0.113625 0.004255 0.993459
9.400000 -0.438163 0.602065 -0.071338 -0.069118 -0.093017 -0.009820 0.993214
9.850000 -0.728761 1.126780 0.021971 -0.008239 -0.010253 -0.107061 0.994165
10.250000 -1.325590 1.696906 0.197880 0.069546 0.015517 -0.256284 0.963972
10.650000 -1.725863 2.059779 0.495725 -0.109794 0.037597 -0.408907 0.905167
10.850000 -1.945573 2.279889 0.609815 0.109259 0.000935 -0.445906 0.888386
11.050000 -2.199140 2.439703 0.700609 0.028265 -0.100927 -0.470610 0.876094
11.200000 -2.573522 2.557239 0.787173 -0.159523 0.035788 -0.455378 0.875158
11.650000 -3.058466 3.047764 0.879152 0.066948 0.116863 -0.469835 0.872420
11.850000 -3.062491 3.275150 0.894023 0.131820 -0.068778 -0.452862 0.879096
12.000000 -3.110629 3.391566 0.887033 -0.063837 -0.006099 -0.446175 0.892645
12.200000 -3.239741 3.512983 0.822515 -0.070301 0.166489 -0.421654 0.888565
12.600000 -3.168071 3.788671 0.662430 -0.006577 -0.066892 -0.328912 0.941966
12.850000 -3.090861 3.881043 0.598694 -0.133590 -0.029935 -0.225514 0.964573
13.050000 -3.040851 4.066257 0.480142 -0.055247 0.100940 -0.075630 0.990474
13.250000 -2.931283 4.334559 0.375217 -0.018323 -0.022023 0.125682 0.991657
13.450000 -2.763386 4.587835 0.292341 -0.020950 -0.029924 0.272275 0.961526
13.650000 -2.598990 4.820069 0.192548 0.070366 0.118641 0.336070 0.931681
14.050000 -1.967995 5.236195 0.050311 0.013763 -0.036137 0.274490 0.960812
14.400000 -1.388287 5.537513 -0.035374 0.069761 -0.119080 0.071655 0.987835
14.800000 -1.158557 5.688565 -0.101560 0.035189 0.083601 -0.069502 0.993450
15.250000 -1.060513 5.669958 0.041475 0.066073 -0.065792 -0.105257 0.990064
15.450000 -1.018845 5.580979 0.175455 0.023260 0.047754 -0.099216 0.993647
16.050000 -0.553536 5.062584 0.625953 0.009543 0.017748 -0.114427 0.993227
16.450000 -0.019343 4.597206 0.840828 -0.004045 0.053008 -0.162073 0.985346
16.850000 0.594160 4.102945 0.914695 -0.028359 -0.048930 -0.184239 0.981253
17.250000 1.087085 3.660275 0.841479 0.002816 0.048008 -0.153186 0.987027
17.650000 1.692126 3.222723 0.699012 -0.122953 -0.186759 -0.020303 0.974470
17.850000 1.901285 3.073921 0.576030 -0.079224 -0.059028 0.046760 0.994008
18.050000 2.032232 3.030109 0.447753 0.051869 0.075617 0.125240 0.987880
18.450000 2.403428 2.825967 0.263921 -0.084584 -0.144477 0.276142 0.946424
18.850000 2.453188 2.670182 0.115198 -0.024707 0.051306 0.396690 0.916185
19.250000 2.414919 2.668316 0.086218 -0.085039 -0.043729 0.492694 0.864933
19.650000 2.256298 2.862019 0.218301 -0.012260 0.073664 0.542076 0.837005
20.200000 2.124088 3.352225 0.565246 0.005940 0.024167 0.529989 0.847639
20.650000 2.130644 3.940404 0.813868 -0.011740 0.066876 0.463393 0.883548
21.050000 2.213270 4.519617 0.879857 0.082326 0.038538 0.368756 0.925071
21.450000 2.397792 4.931742 0.878376 0.040596 0.034792 0.265274 0.962690
21.850000 2.880969 5.204811 0.748583 0.045278 0.013346 0.149176 0.987683
22.050000 3.209079 5.259038 0.663490 -0.045443 -0.140058 0.065224 0.986947
22.400000 3.513381 5.430516 0.435495 0.076576 0.093018 -0.085954 0.988987
22.800000 3.795644 5.389656 0.225914 0.024432 -0.139779 -0.276576 0.950458
23.200000 3.942624 5.310450 0.031881 -0.003745 0.035205 -0.443828 0.895412
23.600000 4.125443 5.177134 -0.025999 0.032327 -0.082160 -0.591760 0.801265
24.000000 4.148416 5.109771 -0.014944 -0.016796 -0.027224 -0.711439 0.702019
24.400000 4.094227 5.129167 0.049334 0.051249 -0.049796 -0.794300 0.603308
25.050000 3.700512 5.161737 0.150187 0.033218 0.025393 0.866143 -0.498044
25.800000 3.134945 5.340697 0.177970 -0.023380 -0.025583 0.872931 -0.486612
26.400000 2.648005 5.195996 0.100564 0.031691 0.036082 -0.823662 0.565044
27.050000 2.167919 4.778452 0.172122 0.036493 -0.033131 -0.799445 0.598714
27.450000 1.705832 4.465830 0.407984 -0.058851 -0.035760 0.880641 -0.468754
27.850000 1.094024 3.980056 0.684071 -0.018558 -0.012658 0.933765 -0.357180
28.250000 0.443963 3.393169 0.877633 0.002163 0.000172 0.953749 -0.300595
28.650000 -0.144366 2.785080 0.938213 -0.011067 0.026839 0.981326 -0.190150
29.000000 -0.687539 2.267840 0.874973 -0.015133 -0.001754 0.999871 0.005073
29.200000 -0.987073 1.982717 0.787148 -0.027666 0.033343 0.991788 0.120331
29.650000 -1.676680 1.360853 0.624593 0.453408 0.604179 0.618181 0.217350
29.850000 -1.817445 1.241512 0.266090 0.382454 0.507053 0.707053 0.310969
30.050000 -1.004093 1.551904 -0.661352 -0.094902 -0.065645 0.947217 0.299107
30.200000 0.141225 2.117637 -1.184742 -0.187775 -0.152028 0.935748 0.256910
30.400000 1.004332 2.634254 -1.412658 -0.189857 -0.210679 0.927030 0.245324
30.600000 1.589020 2.912770 -1.498022 -0.180789 -0.215887 0.919862 0.273061
31.200000 1.904779 2.279638 -1.228320 -0.569048 -0.187345 0.622410 0.503679
31.450000 2.145928 2.109362 -1.146224 -0.744939 0.017919 0.003156 0.666885
31.600000 2.246540 2.361928 -1.528092 -0.707652 0.106315 -0.166116 0.678478
31.800000 2.467120 2.968809 -1.975065 -0.717138 0.105393 -0.154979 0.671257
32.000000 3.483131 5.585937 -3.264507 -0.711977 0.156188 -0.204451 0.653372
32.200000 4.396139 7.860250 -4.425376 -0.726921 0.244966 -0.297684 0.568297
