0.799987 -0.000120 -0.000332 -0.000063 -0.000021 -0.000030 -0.000120 1.000000
0.999987 -0.000603 -0.000488 -0.000195 -0.000020 -0.000089 -0.000268 1.000000
1.199987 -0.000942 -0.000507 -0.000358 -0.000037 -0.000104 -0.000320 1.000000
1.399987 -0.001299 -0.000440 -0.000411 -0.000034 -0.000151 -0.000391 1.000000
1.599987 -0.002129 -0.000464 -0.000524 -0.000060 -0.000214 -0.000530 1.000000
1.799987 -0.002788 -0.000484 -0.000553 -0.000088 -0.000242 -0.000601 1.000000
1.999987 -0.003214 -0.000476 -0.000598 -0.000110 -0.000266 -0.000620 1.000000
2.199987 -0.003459 -0.000425 -0.000626 -0.000115 -0.000289 -0.000626 1.000000
2.399987 -0.003713 -0.000379 -0.000657 -0.000114 -0.000310 -0.000639 1.000000
2.599987 -0.003969 -0.000380 -0.000673 -0.000116 -0.000325 -0.000653 1.000000
2.799987 -0.004125 -0.000420 -0.000667 -0.000117 -0.000332 -0.000653 1.000000
2.999987 -0.003580 -0.000390 -0.000585 -0.000097 -0.000298 -0.000571 1.000000
3.199987 -0.003683 -0.000433 -0.000573 -0.000102 -0.000323 -0.000628 1.000000
3.399987 -0.003055 -0.000375 -0.000493 -0.000089 -0.000266 -0.000537 1.000000
3.599987 -0.003444 -0.000461 -0.000518 -0.000103 -0.000308 -0.000622 1.000000
3.799987 -0.002520 -0.000359 -0.000417 -0.000105 -0.000220 -0.000473 1.000000
3.999987 -0.003308 -0.000398 -0.000475 -0.000101 -0.000310 -0.000621 1.000000
4.199987 -0.003316 -0.000386 -0.000490 -0.000099 -0.000273 -0.000561 1.000000
4.399987 -0.003456 -0.000404 -0.000522 -0.000100 -0.000292 -0.000578 1.000000
4.599987 -0.003227 -0.000378 -0.000511 -0.000099 -0.000274 -0.000554 1.000000
4.799987 -0.003463 -0.000401 -0.000536 -0.000096 -0.000300 -0.000598 1.000000
4.999987 -0.003244 -0.000379 -0.000512 -0.000098 -0.000275 -0.000558 1.000000
5.199987 -0.003287 -0.000401 -0.000505 -0.000096 -0.000289 -0.000571 1.000000
5.399987 -0.003131 -0.000381 -0.000492 -0.000095 -0.000273 -0.000553 1.000000
5.599987 -0.003168 -0.000393 -0.000516 -0.000091 -0.000279 -0.000559 1.000000
5.799987 -0.003099 -0.000380 -0.000510 -0.000093 -0.000270 -0.000551 1.000000
5.999987 -0.002959 -0.000369 -0.000480 -0.000092 -0.000263 -0.000544 1.000000
6.199987 -0.002949 -0.000365 -0.000463 -0.000092 -0.000265 -0.000545 1.000000
6.399987 -0.002953 -0.000373 -0.000460 -0.000092 -0.000263 -0.000545 1.000000
6.599987 -0.003035 -0.000378 -0.000482 -0.000093 -0.000267 -0.000551 1.000000
6.799987 -0.003095 -0.000379 -0.000504 -0.000093 -0.000269 -0.000553 1.000000
6.999987 -0.003094 -0.000381 -0.000504 -0.000095 -0.000268 -0.000548 1.000000
7.199987 -0.003066 -0.000380 -0.000496 -0.000095 -0.000268 -0.000547 1.000000
7.399987 -0.003035 -0.000378 -0.000485 -0.000094 -0.000267 -0.000547 1.000000
7.599987 -0.003015 -0.000374 -0.000478 -0.000094 -0.000266 -0.000546 1.000000
7.799987 -0.003025 -0.000373 -0.000480 -0.000094 -0.000267 -0.000547 1.000000
7.999987 -0.003877 -0.000318 -0.000210 0.004545 -0.003970 -0.000638 0.999982
8.199984 -0.006976 -0.001930 0.026653 0.132758 -0.128361 -0.009069 0.982760
8.399986 -0.091927 -0.082843 -0.002879 0.030104 -0.070383 -0.010880 0.997006
8.599987 -0.267150 -0.244368 0.031478 -0.015954 0.055394 -0.005672 0.998321
8.799987 -0.401711 -0.384209 0.091432 0.059775 -0.067557 -0.016234 0.995791
8.999986 -0.551053 -0.544816 0.156399 0.069604 -0.076212 -0.063700 0.992617
9.199986 -0.774613 -0.774580 0.204491 -0.013262 -0.045564 -0.129811 0.990402
9.399987 -1.050689 -1.018728 0.266642 -0.033122 -0.029576 -0.174753 0.983610
9.599984 -1.354341 -1.214659 0.345147 0.033088 0.079824 -0.175126 0.980747
9.799985 -1.611786 -1.409009 0.480867 -0.008069 0.081347 -0.135715 0.987370
9.999990 -1.773918 -1.635450 0.592016 -0.046007 -0.139169 -0.069691 0.986741
10.199992 -1.962289 -1.828343 0.684483 -0.107932 -0.066321 -0.006941 0.991919
10.399991 -2.280638 -1.946854 0.739661 -0.036253 0.176062 0.022068 0.983464
10.599991 -2.489070 -1.995634 0.781911 -0.011216 0.178827 0.063442 0.981769
10.799993 -2.524394 -2.030279 0.762371 -0.078656 0.000261 0.081713 0.993547
10.999994 -2.509496 -2.020076 0.736439 -0.080497 -0.022321 0.112843 0.990095
11.199994 -2.540837 -1.948429 0.702401 -0.023011 0.082328 0.120970 0.988969
11.399994 -2.538151 -1.846664 0.656838 -0.032410 0.122540 0.136084 0.982555
11.599994 -2.433177 -1.725495 0.596875 -0.063484 0.008035 0.154993 0.985841
11.799994 -2.294908 -1.552525 0.498166 -0.038151 0.022513 0.167985 0.984794
11.999994 -2.152834 -1.345929 0.391209 -0.032476 0.132424 0.170929 0.975803
12.199993 -1.902747 -1.081510 0.294149 0.161789 -0.176212 0.138914 0.960977
12.399993 -1.604375 -0.832958 0.237149 0.224306 -0.453871 0.092214 0.857429
12.599993 -1.671606 -0.829608 -0.039420 -0.043018 0.085404 0.134054 0.986349
12.799992 -1.861622 -0.913221 -0.097343 -0.092470 0.350063 0.191550 0.912257
12.999989 -1.658587 -0.788865 -0.078969 -0.065786 0.373321 0.326667 0.865790
13.199994 -1.084120 -0.413783 -0.119052 -0.075120 -0.064896 0.480725 0.871234
13.399994 -0.449938 0.092929 -0.121661 -0.062127 -0.336263 0.613679 0.711664
13.599994 -0.137159 0.444300 -0.106776 -0.038747 -0.200842 0.750069 0.628934
13.799992 -0.177079 0.538198 -0.076911 0.023263 0.017563 0.836348 0.547424
13.999980 -0.237397 0.562852 -0.054610 -0.068704 0.115722 0.877156 0.460962
14.199968 -0.303346 0.652985 0.019355 -0.113361 -0.050720 0.902770 0.411806
14.399984 -0.399320 0.769519 0.128406 -0.074318 -0.152453 0.912066 0.373324
14.599978 -0.516601 0.797552 0.200195 0.008569 -0.067106 0.932206 0.355550
14.799689 -0.620038 0.724987 0.279597 -0.015201 0.059781 0.930636 0.360710
14.999793 -0.706016 0.637593 0.373945 -0.111482 0.080490 0.914746 0.379911
15.199951 -0.846293 0.613488 0.439186 -0.046639 0.014118 0.905023 0.422563
15.399966 -1.060471 0.605892 0.496421 0.054323 0.065758 0.881209 0.464968
15.599971 -1.242907 0.651681 0.531472 0.065830 0.101144 0.849567 0.513490
15.799984 -1.319875 0.743080 0.579063 -0.086073 0.032942 0.825097 0.557424
15.999987 -1.349609 0.910917 0.667674 -0.061168 -0.077465 0.780109 0.617808
16.199993 -1.510522 1.228054 0.698197 0.294691 -0.142340 0.702050 0.632473
16.399993 -1.676826 1.300000 0.709567 0.357913 -0.091788 0.663660 0.650406
16.599986 -1.672335 1.171117 0.628894 0.080799 0.097360 0.730311 0.671296
16.799988 -1.442035 0.947481 0.613212 -0.260530 0.124943 0.698149 0.655059
16.999989 -1.283633 0.927635 0.655765 -0.253995 -0.122618 0.701013 0.655006
17.199991 -1.345557 1.111177 0.608770 0.090196 -0.108888 0.737420 0.660470
17.399985 -1.524749 1.126808 0.595703 -0.270704 0.242723 0.665696 0.651654
17.599986 -1.751845 1.230516 0.702600 -0.275213 0.185213 0.605239 0.723630
17.799993 -1.988612 1.609786 0.703394 -0.217308 -0.018575 0.549356 0.806622
17.999985 -2.310164 2.277698 0.684786 0.329639 -0.003008 0.441812 0.834345
18.199974 -2.507085 2.760860 0.668545 0.335934 0.115691 0.374782 0.856331
18.399984 -2.507057 2.908193 0.613006 0.006704 0.098934 0.341371 0.934683
18.599992 -2.387223 2.955743 0.528051 -0.124197 -0.071726 0.284115 0.948003
18.799991 -2.326563 3.182116 0.464361 0.053884 -0.053742 0.239494 0.967911
18.999987 -2.385692 3.425808 0.371954 0.112380 0.147612 0.223338 0.956923
19.199990 -2.374369 3.558725 0.287577 0.046067 0.111206 0.190786 0.974224
19.399991 -2.221741 3.642629 0.226866 -0.001002 -0.044125 0.156962 0.986618
19.599991 -2.057049 3.738986 0.154688 0.021298 -0.006821 0.132564 0.990922
19.799991 -1.916186 3.838700 0.086352 0.033484 0.118203 0.116402 0.985575
19.999992 -1.685707 3.914122 0.022486 -0.007119 0.036188 0.090662 0.995199
