0.799989 -0.000378 -0.000435 -0.000133 0.000026 -0.000047 -0.000075 1.000000
0.999989 -0.001182 -0.000578 -0.000349 0.000043 -0.000129 -0.000170 1.000000
1.199989 -0.001968 -0.000702 -0.000641 0.000046 -0.000156 -0.000215 1.000000
1.399989 -0.002423 -0.000698 -0.000801 0.000054 -0.000191 -0.000222 1.000000
1.599989 -0.002780 -0.000682 -0.000840 0.000058 -0.000230 -0.000242 1.000000
1.799989 -0.002763 -0.000590 -0.000719 0.000032 -0.000225 -0.000236 1.000000
1.999989 -0.003107 -0.000586 -0.000693 0.000025 -0.000259 -0.000278 1.000000
2.199989 -0.003023 -0.000561 -0.000609 0.000015 -0.000236 -0.000263 1.000000
2.399989 -0.002970 -0.000563 -0.000617 0.000019 -0.000245 -0.000263 1.000000
2.599989 -0.002807 -0.000570 -0.000636 0.000021 -0.000231 -0.000251 1.000000
2.799989 -0.002661 -0.000580 -0.000643 0.000025 -0.000223 -0.000245 1.000000
2.999989 -0.002647 -0.000601 -0.000625 0.000024 -0.000223 -0.000245 1.000000
3.199989 -0.002586 -0.000587 -0.000583 0.000019 -0.000214 -0.000239 1.000000
3.399989 -0.002739 -0.000573 -0.000601 0.000019 -0.000228 -0.000251 1.000000
3.599989 -0.002884 -0.000572 -0.000638 0.000019 -0.000231 -0.000256 1.000000
3.799989 -0.002890 -0.000583 -0.000667 0.000020 -0.000229 -0.000253 1.000000
3.999989 -0.002864 -0.000593 -0.000672 0.000021 -0.000231 -0.000252 1.000000
4.199989 -0.002800 -0.000599 -0.000644 0.000021 -0.000230 -0.000251 1.000000
4.399989 -0.002782 -0.000592 -0.000625 0.000021 -0.000230 -0.000250 1.000000
4.599989 -0.002772 -0.000578 -0.000621 0.000020 -0.000228 -0.000251 1.000000
4.799989 -0.002794 -0.000576 -0.000629 0.000020 -0.000230 -0.000253 1.000000
4.999989 -0.002856 -0.000579 -0.000650 0.000020 -0.000233 -0.000254 1.000000
5.199989 -0.002903 -0.000590 -0.000666 0.000021 -0.000234 -0.000255 1.000000
5.399989 -0.002806 -0.000585 -0.000648 0.000020 -0.000227 -0.000248 1.000000
5.599989 -0.002821 -0.000581 -0.000646 0.000021 -0.000233 -0.000253 1.000000
5.799989 -0.002876 -0.000583 -0.000650 0.000020 -0.000234 -0.000255 1.000000
5.999989 -0.002943 -0.000597 -0.000660 0.000021 -0.000237 -0.000258 1.000000
6.199989 -0.002789 -0.000583 -0.000639 0.000018 -0.000223 -0.000247 1.000000
6.399989 -0.002789 -0.000578 -0.000640 0.000022 -0.000232 -0.000253 1.000000
6.599989 -0.002805 -0.000585 -0.000642 0.000021 -0.000230 -0.000253 1.000000
6.799989 -0.002773 -0.000587 -0.000631 0.000021 -0.000227 -0.000248 1.000000
6.999989 -0.002775 -0.000591 -0.000631 0.000022 -0.000228 -0.000251 1.000000
7.199989 -0.002760 -0.000586 -0.000629 0.000021 -0.000226 -0.000247 1.000000
7.399989 -0.002822 -0.000585 -0.000651 0.000020 -0.000230 -0.000254 1.000000
7.599989 -0.002919 -0.000597 -0.000675 0.000021 -0.000235 -0.000255 1.000000
7.799989 -0.002807 -0.000582 -0.000653 0.000018 -0.000224 -0.000247 1.000000
7.999989 -0.002869 -0.000576 -0.000654 0.000020 -0.000236 -0.000257 1.000000
8.199989 -0.002939 -0.000582 -0.000661 0.000020 -0.000237 -0.000259 1.000000
8.399989 -0.003083 -0.001555 0.000399 -0.021186 -0.017369 0.000239 0.999625
8.599993 -0.009257 0.004636 0.018434 -0.138225 -0.133320 0.012136 0.981312
8.799992 -0.096482 0.103616 0.011494 -0.065574 -0.093080 0.017133 0.993349
8.999986 -0.295021 0.285738 -0.050390 0.010537 0.113625 0.004255 0.993459
9.199986 -0.417023 0.446296 -0.091734 -0.029543 0.068901 -0.005087 0.997173
9.399991 -0.438138 0.602077 -0.070489 -0.069009 -0.093035 -0.009833 0.993220
9.599992 -0.485658 0.827223 -0.015531 -0.053851 -0.180772 -0.037696 0.981326
9.799986 -0.731664 1.128056 0.022459 -0.011473 -0.002159 -0.107378 0.994150
9.999962 -1.055444 1.433889 0.095592 0.035362 0.116107 -0.183096 0.975574
10.199929 -1.271275 1.723974 0.201862 0.065063 0.014905 -0.261804 0.962810
10.399985 -1.392917 1.924750 0.294229 -0.034045 -0.177669 -0.348187 0.919805
10.599987 -1.590872 2.225600 0.457994 -0.020281 -0.098772 -0.420037 0.901888
10.799988 -1.932975 2.562569 0.588335 -0.050617 0.157684 -0.459648 0.872524
10.999989 -2.235754 2.886256 0.711878 -0.022760 0.062607 -0.482528 0.873344
11.199988 -2.438707 3.179806 0.777586 0.036698 -0.004899 -0.479964 0.876506
11.399977 -2.614458 3.435180 0.812852 0.082742 0.094418 -0.462746 0.877556
11.599988 -2.768883 3.603586 0.851115 -0.001899 0.065324 -0.458706 0.886182
11.799992 -2.852155 3.734660 0.834038 -0.048204 0.000461 -0.440865 0.896278
11.999992 -2.909303 3.881416 0.779064 -0.026466 0.047660 -0.422010 0.904951
12.199991 -2.926332 4.033104 0.680481 0.017377 0.100516 -0.395898 0.912611
12.399993 -2.889014 4.136866 0.568459 -0.001706 -0.005852 -0.358733 0.933420
12.599994 -2.842228 4.215814 0.471463 -0.067596 -0.046362 -0.308403 0.947718
12.799994 -2.815783 4.350997 0.308765 -0.040320 0.016276 -0.258665 0.964988
12.999993 -2.776921 4.533141 0.110987 0.003617 0.048969 -0.198152 0.978941
13.199993 -2.707370 4.682031 -0.019919 -0.107470 -0.004226 -0.120192 0.986907
13.399993 -2.620060 4.923212 -0.119078 -0.058266 -0.022319 -0.052532 0.996668
13.599992 -2.561001 5.240169 -0.164395 0.126151 0.167574 -0.023259 0.977478
13.799992 -2.407280 5.416153 -0.148403 0.145397 0.111984 -0.028960 0.982589
13.999994 -2.122852 5.422167 -0.130394 -0.017384 -0.064025 -0.087134 0.993985
14.199994 -1.848731 5.445845 -0.061257 0.002669 -0.000346 -0.153148 0.988200
14.399994 -1.632941 5.554561 0.043488 0.043936 0.125242 -0.218842 0.966691
14.599994 -1.374971 5.629955 0.186165 0.052913 0.051293 -0.284231 0.955919
14.799994 -1.082128 5.604831 0.331904 -0.002524 -0.052085 -0.332927 0.941510
14.999994 -0.843438 5.549993 0.482611 -0.037855 -0.014252 -0.359775 0.932162
15.199994 -0.641994 5.549484 0.586043 -0.000022 0.087243 -0.374232 0.923222
15.399994 -0.387874 5.569205 0.669280 0.017181 0.025942 -0.373084 0.927276
15.599994 -0.088548 5.551881 0.698545 -0.000101 -0.045971 -0.352122 0.934824
15.799994 0.181559 5.517391 0.674819 -0.005564 0.003397 -0.307527 0.951517
15.999994 0.435137 5.481980 0.642492 0.033476 0.028725 -0.244872 0.968551
16.199994 0.725692 5.412104 0.570309 0.028971 -0.044177 -0.175094 0.983133
16.399994 0.992263 5.313125 0.461052 -0.024735 -0.052715 -0.096788 0.993600
16.599993 1.226755 5.255530 0.334015 0.009718 0.063268 -0.024927 0.997638
16.799992 1.462510 5.181148 0.207332 -0.007595 0.084878 0.039178 0.995592
16.999992 1.775603 5.083565 0.104776 -0.005144 -0.039612 0.085831 0.995509
17.199992 2.126342 4.972630 0.001225 -0.108924 -0.007947 0.114941 0.987350
17.399991 2.441059 4.964632 -0.051909 0.104004 0.000038 0.131963 0.985783
17.599990 2.748761 4.923440 -0.091597 0.002633 0.032506 0.144077 0.989029
17.799990 3.065189 4.798690 -0.057251 -0.158938 0.086189 0.127868 0.975172
17.999993 3.435436 4.820018 -0.040848 -0.022403 -0.147961 0.125417 0.980753
18.199993 3.729692 4.882385 -0.042139 0.024523 -0.170621 0.077529 0.981976
18.399992 3.838514 4.891663 -0.028715 -0.038868 0.032801 0.031630 0.998205
18.599992 3.910576 4.910968 0.035140 -0.070776 0.022883 -0.033276 0.996674
18.799993 4.046378 5.004240 0.069684 0.009921 -0.156930 -0.092899 0.983181
18.999994 4.109938 5.118897 0.074626 0.037458 -0.051590 -0.175405 0.982430
19.199994 4.068689 5.217541 0.098550 -0.000375 0.041048 -0.260686 0.964551
19.399994 4.048088 5.295836 0.116937 0.044625 -0.047758 -0.345046 0.936307
19.599994 3.999452 5.351841 0.140481 0.083277 -0.066868 -0.425120 0.898814
19.799994 3.858481 5.357857 0.148782 0.038137 -0.023002 -0.499615 0.865102
19.999994 3.673254 5.333462 0.168204 0.045487 -0.005305 -0.565421 0.823530
20.199994 3.471834 5.288171 0.190738 0.067830 -0.001115 -0.622963 0.779304
20.399994 3.238133 5.217861 0.205954 0.044251 0.015589 -0.670481 0.740442
20.599994 2.972476 5.115989 0.221278 0.001073 0.041203 -0.707358 0.705653
20.799994 2.716745 4.988177 0.239637 -0.010603 0.075711 -0.731531 0.677508
20.999994 2.507417 4.813919 0.263122 -0.007240 0.083557 -0.744815 0.661979
21.199993 2.350992 4.581761 0.290260 -0.000253 0.071063 -0.745924 0.662229
21.399991 2.235530 4.299583 0.322439 -0.015144 0.047342 -0.735242 0.675980
21.599991 2.152063 3.989647 0.349095 -0.039449 0.031400 -0.712356 0.700004
21.799991 2.100856 3.679424 0.361713 -0.043336 0.034882 -0.679340 0.731711
21.999992 2.090261 3.389028 0.372933 -0.036642 0.014281 -0.631960 0.774002
22.199993 2.142785 3.099129 0.365269 -0.030504 0.000000 -0.573179 0.818862
22.399994 2.219566 2.817551 0.345123 -0.050198 0.014230 -0.492820 0.868565
22.599993 2.329491 2.562274 0.262768 -0.056822 0.073274 -0.385880 0.917877
22.799990 2.485195 2.337144 0.216473 -0.036847 0.088007 -0.253769 0.962548
22.999986 2.677325 2.126617 0.173735 -0.028554 0.007205 -0.094487 0.995090
23.199966 2.842517 1.945734 0.138241 -0.055605 0.052239 0.040967 0.996243
23.399906 3.011140 1.804936 0.120053 -0.010355 0.081564 0.130268 0.988064
23.599933 3.273616 1.671343 0.131012 0.052990 -0.023825 0.162748 0.984956
23.799972 3.578509 1.491232 0.130158 0.020652 -0.059146 0.152716 0.986282
23.999980 3.836037 1.268875 0.177980 0.065599 -0.104754 0.102185 0.987057
24.199975 3.987405 0.998427 0.256006 0.025224 -0.006393 0.022333 0.999412
24.399982 4.071839 0.694574 0.341532 -0.002160 0.015270 -0.092420 0.995601
24.599988 4.158731 0.380137 0.417317 0.015213 -0.060849 -0.229359 0.971319
24.799989 4.220877 0.052593 0.482559 0.026419 -0.042686 -0.369315 0.927947
24.999991 4.278693 -0.292808 0.527076 0.007290 -0.013122 -0.511943 0.858888
25.199992 4.311048 -0.626030 0.547552 -0.010021 -0.032378 -0.634357 0.772297
25.399990 4.287701 -0.928149 0.560625 -0.019098 -0.142113 -0.732980 0.664965
25.599992 4.216991 -1.120185 0.551987 -0.029382 -0.120484 -0.823562 0.553504
25.799994 4.095315 -1.204151 0.543194 -0.026889 -0.043932 -0.897328 0.438349
25.999993 3.957690 -1.280389 0.536884 -0.007632 0.007171 0.949825 -0.312605
26.199990 3.831825 -1.383576 0.534805 -0.033288 0.060156 0.979276 -0.190506
26.399988 3.687643 -1.464279 0.541346 -0.020393 0.100533 0.992069 -0.072631
26.599989 3.508490 -1.458109 0.532388 -0.017641 0.081472 0.995999 0.032202
26.799990 3.295786 -1.359600 0.502294 -0.064663 0.027973 0.990257 0.120112
26.999991 3.031887 -1.217396 0.485457 -0.057322 0.002429 0.979587 0.192658
27.199991 2.705730 -1.081449 0.470972 -0.005967 0.005352 0.968671 0.248217
27.399992 2.366538 -0.952479 0.468031 0.015089 0.025378 0.957820 0.285849
27.599992 2.053457 -0.809631 0.459275 -0.003590 0.047823 0.951588 0.303611
27.799993 1.742334 -0.635392 0.432844 -0.024421 0.028834 0.948608 0.314190
27.999993 1.429316 -0.428674 0.406222 -0.013800 0.001655 0.946578 0.322176
28.199993 1.114713 -0.212805 0.387753 -0.003983 -0.000207 0.944880 0.327393
28.399993 0.801913 -0.002935 0.370021 -0.009143 0.015030 0.942976 0.332394
28.599992 0.645110 0.216134 0.344065 -0.011571 0.025170 0.940803 0.337821
28.799991 0.436464 0.446104 0.323052 -0.008617 0.017376 0.938255 0.345400
28.999989 0.144692 0.691304 0.301104 -0.002916 0.006998 0.938424 0.345401
29.199985 -0.204537 0.940468 0.273773 -0.001880 0.002382 0.942822 0.333284
29.399865 -0.559256 1.194074 0.253932 -0.017912 0.029903 0.950597 0.308464
29.599731 -0.894606 1.461580 0.246140 -0.015820 0.030046 0.961498 0.272705
29.799533 -1.209732 1.765398 0.254201 0.005001 0.001140 0.971636 0.236426
29.999919 -1.503007 2.092723 0.275380 0.007925 -0.019593 0.979491 0.200376
30.199899 -1.793934 2.410265 0.294440 0.003713 -0.025560 0.986484 0.161811
30.399919 -2.091257 2.696932 0.312332 0.000066 -0.035868 0.992047 0.120652
30.599936 -2.400344 2.941765 0.323971 0.001001 -0.050481 0.996064 0.072857
30.799945 -2.713855 3.138224 0.326936 -0.000239 -0.056119 0.998262 0.017963
30.999979 -3.027276 3.290156 0.330307 0.073343 -0.103146 0.990608 -0.051745
31.199989 -3.303504 3.375369 0.386748 0.226812 0.060567 0.967391 -0.095093
31.399978 -3.388152 3.458778 0.380218 0.083054 -0.038788 0.989816 -0.108916
31.599962 -3.355315 3.598793 0.372742 -0.053682 -0.108936 0.987141 -0.103942
31.799938 -3.364762 3.641321 0.353204 -0.043048 -0.069351 0.993808 -0.075391
31.999972 -3.464074 3.577362 0.314698 0.083388 0.027146 0.996024 -0.015667
32.199969 -3.535812 3.504757 0.264372 -0.025274 0.028793 0.997114 0.065537
32.399982 -3.572377 3.490615 0.242883 -0.095858 -0.034694 0.982400 0.156516
32.599985 -3.697968 3.494200 0.191084 -0.077245 -0.020251 0.971023 0.225250
32.799987 -3.904923 3.501282 0.136229 -0.013509 0.022752 0.965255 0.259967
32.999990 -4.128787 3.508035 0.076842 0.031187 -0.021249 0.966322 0.254555
33.199991 -4.329084 3.476936 0.049144 0.054689 0.039494 0.971065 0.229090
33.399990 -4.484253 3.409682 0.036133 0.037709 0.084363 0.974291 0.205471
33.599989 -4.578749 3.401654 0.032466 -0.032630 0.083346 0.978334 0.186684
33.799991 -4.711624 3.498667 0.021407 0.058567 -0.008420 0.980622 0.186763
33.999993 -4.835623 3.616932 0.021889 0.154644 -0.093221 0.967783 0.175473
34.199991 -4.864489 3.668001 0.024760 0.066063 0.000258 0.981912 0.177441
34.399991 -4.819289 3.667896 0.032437 -0.028278 -0.057892 0.980942 0.183309
34.599992 -4.799674 3.634278 0.050874 0.036405 -0.065830 0.980408 0.182047
34.799992 -4.790245 3.546927 0.055034 0.090181 0.008408 0.979715 0.178759
34.999981 -4.716039 3.419171 0.084340 -0.147970 0.167095 0.962780 0.152443
35.199992 -4.724298 3.459937 0.157375 0.226497 -0.028641 0.953759 0.195507
35.399992 -4.626039 3.505312 0.283710 0.172513 -0.046360 0.953265 0.243671
35.599991 -4.343658 3.473020 0.438398 -0.020368 0.062730 0.943626 0.324376
35.799988 -4.031305 3.450397 0.602446 -0.123844 0.093066 0.881939 0.445179
35.999990 -3.814613 3.514880 0.737476 -0.015118 0.029104 0.805197 0.592100
36.199989 -3.640859 3.622229 0.853479 0.124820 0.046406 0.670900 0.729492
36.399989 -3.346499 3.691536 0.925690 0.042346 0.063073 0.514647 0.854030
36.599993 -2.980513 3.723938 0.959710 -0.112505 0.004161 0.347723 0.930814
36.799993 -2.628483 3.836370 0.953796 -0.055480 -0.048759 0.198943 0.977224
36.999990 -2.339286 4.011303 0.917535 0.007793 0.032752 0.076024 0.996537
37.199989 -2.069417 4.174461 0.871849 -0.018637 0.040471 -0.005568 0.998991
37.399991 -1.762959 4.332856 0.832029 -0.058130 -0.005687 -0.048934 0.997093
37.599992 -1.446467 4.533387 0.807983 -0.019287 -0.019274 -0.063120 0.997633
37.799991 -1.152995 4.757710 0.794283 -0.007050 -0.010905 -0.053412 0.998488
37.999993 -0.867261 4.964286 0.803989 -0.174299 -0.083143 -0.017697 0.981017
38.199992 -0.650618 5.261547 0.757990 -0.014958 -0.066407 0.017686 0.997524
38.399992 -0.509333 5.607922 0.687730 0.190651 -0.034280 0.034378 0.980457
38.599993 -0.390987 5.797250 0.648467 0.190358 -0.065600 0.043013 0.978576
38.799992 -0.317642 5.785656 0.575451 -0.008137 0.001992 0.073278 0.997276
38.999992 -0.261599 5.745938 0.534350 -0.022955 0.063481 0.082755 0.994281
39.199992 -0.162024 5.775393 0.511959 0.056046 0.013757 0.070049 0.995873
39.399993 -0.036429 5.763985 0.510457 0.065807 -0.020808 0.018857 0.997437
39.599993 0.082002 5.662059 0.521896 -0.014592 0.007456 -0.069389 0.997455
39.799994 0.182527 5.571208 0.549557 -0.037529 0.027449 -0.197986 0.979101
39.999994 0.295914 5.530506 0.576791 -0.016742 0.020759 -0.354360 0.934729
40.199994 0.388874 5.503798 0.598422 -0.013759 0.005350 -0.515960 0.856485
40.399993 0.529557 5.432047 0.628888 -0.030063 -0.011959 -0.671874 0.739958
40.599991 0.645083 5.369783 0.656252 -0.044195 -0.019999 -0.799794 0.598312
40.799989 0.787675 5.368860 0.669903 -0.042190 -0.017830 -0.895618 0.442459
40.999987 0.936160 5.413204 0.676492 -0.010926 0.018865 0.949207 -0.313896
41.199977 1.100056 5.458632 0.674380 -0.103308 0.008238 0.971933 -0.211203
41.399971 1.215460 5.471810 0.679535 -0.097828 0.006325 0.985849 -0.135986
41.599974 1.245649 5.437446 0.678210 -0.036522 0.005386 0.994661 -0.096367
41.799977 1.238826 5.377104 0.670980 -0.005809 -0.009274 0.996889 -0.078050
41.999975 1.217472 5.319080 0.666023 -0.036949 -0.018420 0.996208 -0.076580
42.199970 1.175125 5.264962 0.659889 -0.070831 -0.009498 0.993704 -0.086282
42.399966 1.081921 5.208395 0.652159 -0.065149 -0.000233 0.992504 -0.103398
42.599963 0.935144 5.137496 0.651799 -0.040988 0.001117 0.991664 -0.122156
42.799956 0.748501 5.042178 0.657174 -0.029808 0.004108 0.989625 -0.140491
42.999942 0.536029 4.925624 0.677179 -0.031705 0.007436 0.987192 -0.156175
43.199924 0.295802 4.803999 0.709591 -0.023832 0.004094 0.985883 -0.165678
43.399902 0.003736 4.684469 0.762070 0.002482 -0.003452 0.985600 -0.169040
43.599861 -0.320528 4.561674 0.825870 0.014081 -0.004848 0.985819 -0.167152
43.799775 -0.645157 4.423384 0.892100 0.005567 0.005084 0.986806 -0.161734
43.999645 -0.963163 4.274477 0.957118 -0.002861 0.017327 0.987795 -0.154770
44.199398 -1.280326 4.130281 1.007542 0.003185 0.026430 0.988466 -0.149082
44.349974 -1.521946 4.035349 1.022665 0.010578 0.030275 0.988516 -0.147675
44.549981 -1.834141 3.935812 1.024656 -0.000132 0.028573 0.987877 -0.152585
44.749986 -2.146821 3.861817 1.007299 -0.014198 0.018535 0.985744 -0.166625
44.949987 -2.476992 3.797170 0.975818 -0.001423 0.010603 0.981446 -0.191439
45.199541 -2.907637 3.713836 0.918569 0.020721 0.004702 0.970611 -0.239712
45.399842 -3.247096 3.644516 0.855859 0.026731 -0.004047 0.956516 -0.290426
45.599909 -3.558857 3.576162 0.775104 0.031308 -0.022222 0.936777 -0.347816
45.799964 -3.834628 3.494205 0.690847 0.040325 -0.039774 0.910175 -0.410332
45.999977 -4.077868 3.394996 0.605117 0.040768 -0.052173 0.879099 -0.472018
46.199981 -4.290887 3.279012 0.518281 0.031757 -0.058557 0.844683 -0.531106
46.399979 -4.467679 3.141076 0.442855 -0.016473 -0.074308 0.809161 -0.582636
46.599982 -4.616710 2.963050 0.402442 0.003155 0.058508 -0.775000 0.629240
46.799989 -4.736099 2.727374 0.369145 -0.121952 -0.049315 -0.723534 0.677639
46.999991 -4.815890 2.529840 0.350313 -0.144099 -0.055272 -0.675956 0.720600
47.199990 -4.856112 2.472337 0.324515 -0.065217 0.025684 -0.637637 0.767142
47.399989 -4.857626 2.484111 0.311383 -0.007919 0.019519 -0.579070 0.815006
47.599991 -4.834493 2.494994 0.293926 -0.062978 -0.016138 -0.501103 0.862942
47.799993 -4.814161 2.549874 0.290209 -0.109191 0.003615 -0.413771 0.903802
47.999993 -4.767817 2.687456 0.294676 -0.035954 0.097917 -0.316988 0.942676
48.199994 -4.651127 2.838352 0.299098 -0.024791 0.051130 -0.195230 0.979110
48.399994 -4.480547 2.993693 0.299015 -0.028247 0.025835 -0.062613 0.997304
48.599994 -4.303953 3.167554 0.294041 0.004438 0.076265 0.075455 0.994219
48.799994 -4.089143 3.351429 0.309466 0.037374 0.043044 0.215840 0.974763
48.999994 -3.822323 3.488761 0.325235 0.015910 -0.014904 0.359625 0.932842
49.199994 -3.574374 3.589795 0.340849 -0.008120 -0.022256 0.488455 0.872268
49.399993 -3.362433 3.701294 0.351899 -0.021568 -0.018288 0.598213 0.800838
49.599993 -3.194300 3.835608 0.373057 -0.037217 -0.024544 0.694796 0.717824
49.799992 -3.052106 3.979678 0.401648 -0.052537 -0.024992 0.772762 0.632024
49.999989 -2.947543 4.129919 0.430453 -0.046901 -0.017058 0.837650 0.543923
50.199985 -2.889176 4.287894 0.456240 -0.044425 -0.009651 0.888659 0.456310
50.399975 -2.871355 4.455999 0.490343 -0.044416 -0.002619 0.926861 0.372758
50.599965 -2.891965 4.638868 0.542247 -0.049321 -0.008942 0.954751 0.293151
50.799961 -2.954092 4.828038 0.603862 -0.050700 -0.020468 0.973698 0.221184
50.999948 -3.057176 5.005196 0.672828 -0.046145 -0.015119 0.985948 0.159841
51.199927 -3.190336 5.160203 0.741094 -0.044095 -0.024321 0.992492 0.111462
51.399897 -3.345576 5.286410 0.802883 -0.050127 -0.028295 0.995419 0.076339
51.599904 -3.521453 5.384041 0.855704 -0.047531 -0.027854 0.997159 0.051374
51.799958 -3.751625 5.459758 0.893446 0.033190 -0.029753 0.998571 0.029480
51.999987 -4.005424 5.518725 0.893180 0.180064 -0.037377 0.982944 -0.000567
52.199983 -4.160985 5.557171 0.855057 0.106297 -0.031798 0.993127 -0.037272
52.399965 -4.190506 5.584506 0.801402 -0.037302 -0.076378 0.992662 -0.086012
52.599953 -4.225627 5.550323 0.755155 -0.074210 -0.082742 0.981061 -0.158635
52.799977 -4.350163 5.430668 0.702341 0.018185 -0.059481 0.966804 -0.247835
52.999986 -4.486145 5.260207 0.655675 0.060311 -0.058724 0.939104 -0.333163
53.199986 -4.544589 5.049050 0.618027 0.000099 -0.054292 0.908020 -0.415393
53.399987 -4.545276 4.796536 0.582132 -0.042637 -0.031305 0.870152 -0.489937
53.599988 -4.581701 4.726065 0.546187 -0.059924 -0.119012 0.808644 -0.573010
53.799980 -4.661081 4.702514 0.593772 0.145940 0.414772 -0.702885 0.559123
53.999927 -4.639296 4.601585 0.677194 0.327162 0.618937 -0.631796 0.332740
54.169057 -4.623689 4.582874 0.742369 -0.315299 -0.623697 0.634488 -0.330172
54.369043 -4.608832 4.567560 0.756546 -0.317597 -0.627969 0.631185 -0.326179
54.569043 -4.596596 4.545404 0.749683 -0.318767 -0.629805 0.628493 -0.326695
54.769043 -4.592601 4.518624 0.739423 -0.319345 -0.631143 0.626630 -0.327126
54.969043 -4.594776 4.484882 0.732044 -0.321287 -0.634219 0.623170 -0.325885
55.169043 -4.600345 4.438989 0.724225 -0.324943 -0.638446 0.619158 -0.321625
55.369043 -4.607788 4.392129 0.718795 -0.330300 -0.640959 0.616530 -0.316171
55.569043 -4.613705 4.354938 0.718865 -0.332493 -0.639335 0.618282 -0.313730
55.769043 -4.619810 4.329622 0.722998 -0.335074 -0.636147 0.621406 -0.311283
55.969043 -4.624695 4.314964 0.726692 -0.336830 -0.632571 0.624950 -0.309576
