8.600000 -0.009257 0.004636 0.018434 -0.138225 -0.133320 0.012136 0.981312
9.050000 -0.292190 0.285794 -0.060695 0.017148 0.052454 0.003467 0.998470
9.250000 -0.452969 0.446974 -0.098812 0.009022 -0.052821 -0.006293 0.998543
9.600000 -0.833127 0.731426 -0.089920 -0.124065 -0.032721 -0.044219 0.990748
9.850000 -1.104165 1.042882 -0.028328 0.053183 -0.005282 -0.100706 0.993480
10.250000 -1.674900 1.500258 0.202013 0.036610 0.031057 -0.262149 0.963833
10.450000 -1.922960 1.588755 0.316949 -0.032907 0.077960 -0.359354 0.929357
10.850000 -2.150553 1.881753 0.491718 -0.001674 -0.014136 -0.494966 0.868796
11.200000 -2.406098 2.037182 0.688741 -0.000478 0.105460 -0.493342 0.863419
11.650000 -2.484513 2.110139 0.788384 -0.001874 0.016606 -0.400539 0.916127
11.850000 -2.412402 2.108783 0.778100 -0.126829 -0.081072 -0.317216 0.936331
12.250000 -2.355715 2.410416 0.707605 0.016690 -0.039849 -0.260948 0.964386
12.650000 -2.468926 2.746630 0.546806 -0.047058 -0.060674 -0.416344 0.905959
12.850000 -2.602545 2.986509 0.426331 -0.019375 0.017572 -0.548412 0.835799
13.050000 -2.699252 3.303166 0.301415 0.048803 0.037803 -0.698562 0.712881
13.200000 -2.785291 3.540408 0.181489 0.122473 0.087240 -0.795655 0.586790
13.400000 -2.946662 3.596819 0.070255 -0.014472 -0.002358 -0.863379 0.504343
14.000000 -3.273921 4.024944 -0.037099 0.133162 -0.078225 0.908102 -0.389229
14.200000 -3.236994 4.332866 -0.013820 0.005962 -0.019511 0.942015 -0.334951
14.450000 -3.183443 4.554704 0.051405 0.003094 0.039523 0.971355 -0.234305
14.650000 -3.113289 4.699181 0.105267 0.024535 0.036055 0.994402 -0.096239
14.850000 -2.974136 4.916415 0.148852 -0.045064 -0.057543 0.996533 0.039754
15.450000 -3.295098 5.421480 0.437457 0.105233 -0.040525 0.969005 -0.219801
15.600000 -3.440492 5.484405 0.470319 0.087398 -0.056555 0.913356 -0.393630
15.850000 -3.439976 5.544965 0.475455 0.069845 0.065594 -0.840412 0.533411
16.000000 -3.389303 5.528630 0.486026 0.105552 0.025386 -0.762505 0.637809
16.650000 -3.254017 5.050288 0.357212 0.041683 0.057317 -0.731736 0.677894
17.050000 -3.029975 4.578925 0.251857 0.056841 -0.041394 -0.814891 0.575333
17.450000 -3.012656 4.081981 0.205493 -0.029039 0.043602 0.900396 -0.431905
17.850000 -3.315658 3.670969 0.193347 -0.028800 0.059098 0.941951 -0.329251
18.250000 -3.749746 3.366993 0.222189 -0.019223 0.018490 0.938494 -0.344263
18.600000 -4.238558 3.122920 0.259260 0.058306 -0.045843 0.879638 -0.469826
18.850000 -4.447439 2.988182 0.263906 -0.059230 0.092230 -0.826081 0.552789
19.050000 -4.598454 2.825522 0.245512 -0.008061 0.106680 -0.768116 0.631310
19.450000 -4.773526 2.355953 0.187096 0.002653 0.037488 -0.672610 0.739042
19.800000 -4.902286 1.761075 0.118006 -0.058954 0.066739 -0.643734 0.760050
20.200000 -4.822261 1.154662 0.053586 0.039176 -0.051150 -0.652720 0.754854
20.600000 -4.871234 0.571010 -0.001544 -0.031047 0.014405 -0.687900 0.724998
21.000000 -4.961606 0.012096 0.031488 -0.014499 0.033021 -0.745769 0.665227
21.400000 -4.873005 -0.591546 0.138575 -0.000136 -0.024720 -0.784792 0.619266
21.600000 -4.907238 -0.893275 0.162072 -0.110445 0.063251 -0.787595 0.602906
22.000000 -4.759587 -1.475498 0.128904 0.128540 -0.040433 -0.827711 0.544735
22.400000 -4.874745 -2.091212 0.099457 -0.002504 0.059175 0.923400 -0.379243
22.600000 -5.076034 -2.360486 0.082019 0.045059 0.032748 0.962424 -0.265778
22.800000 -5.207739 -2.635294 0.096066 -0.010938 0.037506 0.985915 -0.162618
23.050000 -5.303684 -2.873296 0.108547 -0.014685 0.068937 0.995678 -0.060476
23.400000 -5.576042 -3.147287 0.144224 0.029205 0.065679 0.988960 0.129585
23.850000 -5.805875 -3.237487 0.191870 -0.037896 0.018027 0.958441 0.282188
24.200000 -6.120332 -3.270252 0.310750 -0.006209 0.032637 0.901666 0.431155
24.600000 -6.430944 -3.184025 0.507950 0.006045 0.116678 0.815874 0.566303
25.000000 -6.524246 -2.804984 0.661715 -0.021842 0.028917 0.732328 0.679987
25.450000 -6.620257 -2.298736 0.722078 -0.003346 0.089913 0.670079 0.736816
25.850000 -6.549862 -1.680806 0.745601 0.107463 -0.118132 0.656672 0.737074
26.250000 -6.500722 -1.390418 0.660836 -0.077047 0.105702 0.666385 0.734045
26.650000 -6.435783 -1.071212 0.571862 0.131778 -0.014172 0.653494 0.745238
27.050000 -6.247081 -0.858633 0.441200 0.023983 0.188091 0.659105 0.727755
27.200000 -5.963644 -0.788107 0.383686 -0.098819 -0.096751 0.640949 0.755022
27.400000 -5.744037 -0.664870 0.301051 0.139095 -0.135444 0.601702 0.774766
27.800000 -5.445335 -0.790547 0.104420 -0.209640 -0.035693 0.546102 0.810277
28.050000 -5.247367 -0.872179 0.181047 -0.267548 -0.205749 0.518520 0.785635
28.250000 -5.350765 -0.848970 0.168783 0.010747 -0.065094 0.541826 0.837897
28.400000 -5.528456 -0.781616 0.168710 0.277756 0.120770 0.522744 0.796872
28.850000 -5.380730 -0.990232 0.424455 0.145017 0.060165 0.534607 0.830389
29.000000 -4.910559 -1.309919 0.407131 -0.294024 -0.045778 0.542062 0.785890
29.450000 -4.634930 -1.559151 0.364449 -0.128517 -0.017799 0.588623 0.797929
29.600000 -4.815051 -1.511061 0.274555 0.081599 0.056951 0.621827 0.776808
29.800000 -4.901421 -1.471741 0.235846 0.007345 0.144309 0.645699 0.749796
30.000000 -4.834041 -1.393875 0.183494 -0.131735 0.085796 0.654120 0.739873
30.200000 -4.758195 -1.204241 0.155488 -0.023598 -0.013254 0.667291 0.744305
30.800000 -4.819767 -0.498258 0.002290 -0.080203 0.060686 0.688639 0.718095
31.000000 -4.817200 -0.191255 -0.005934 -0.016909 -0.019460 0.695838 0.717736
31.400000 -4.830304 0.418489 -0.084306 0.016933 0.026150 0.701845 0.711648
31.800000 -4.809480 0.995581 -0.137936 0.001034 -0.010057 0.700563 0.713519
32.000000 -4.819897 1.306816 -0.147164 0.095125 -0.064283 0.680548 0.723652
32.600000 -4.777527 1.862812 -0.111575 0.025605 -0.005811 0.591159 0.806128
33.000000 -4.706350 1.966162 -0.052800 0.082711 -0.024694 0.442493 0.892608
33.250000 -4.680521 1.900595 -0.018053 0.034975 0.007345 0.345544 0.937722
33.400000 -4.618756 1.813867 0.021611 0.050810 -0.008446 0.225953 0.972775
33.650000 -4.536982 1.701963 0.064307 0.075430 -0.049158 0.090435 0.991824
