0.799989 -0.000378 -0.000435 -0.000133 0.000026 -0.000047 -0.000075 1.000000
0.999989 -0.001182 -0.000578 -0.000349 0.000043 -0.000129 -0.000170 1.000000
1.199989 -0.001968 -0.000702 -0.000641 0.000046 -0.000156 -0.000215 1.000000
1.399989 -0.002423 -0.000698 -0.000801 0.000054 -0.000191 -0.000222 1.000000
1.599989 -0.002780 -0.000682 -0.000840 0.000058 -0.000230 -0.000242 1.000000
1.799989 -0.002763 -0.000590 -0.000719 0.000032 -0.000225 -0.000236 1.000000
1.999989 -0.003107 -0.000586 -0.000693 0.000025 -0.000259 -0.000278 1.000000
2.199989 -0.003023 -0.000561 -0.000609 0.000015 -0.000236 -0.000263 1.000000
2.399989 -0.002970 -0.000563 -0.000617 0.000019 -0.000245 -0.000263 1.000000
2.599989 -0.002807 -0.000570 -0.000636 0.000021 -0.000231 -0.000251 1.000000
2.799989 -0.002661 -0.000580 -0.000643 0.000025 -0.000223 -0.000245 1.000000
2.999989 -0.002647 -0.000601 -0.000625 0.000024 -0.000223 -0.000245 1.000000
3.199989 -0.002586 -0.000587 -0.000583 0.000019 -0.000214 -0.000239 1.000000
3.399989 -0.002739 -0.000573 -0.000601 0.000019 -0.000228 -0.000251 1.000000
3.599989 -0.002884 -0.000572 -0.000638 0.000019 -0.000231 -0.000256 1.000000
3.799989 -0.002890 -0.000583 -0.000667 0.000020 -0.000229 -0.000253 1.000000
3.999989 -0.002864 -0.000593 -0.000672 0.000021 -0.000231 -0.000252 1.000000
4.199989 -0.002800 -0.000599 -0.000644 0.000021 -0.000230 -0.000251 1.000000
4.399989 -0.002782 -0.000592 -0.000625 0.000021 -0.000230 -0.000250 1.000000
4.599989 -0.002772 -0.000578 -0.000621 0.000020 -0.000228 -0.000251 1.000000
4.799989 -0.002794 -0.000576 -0.000629 0.000020 -0.000230 -0.000253 1.000000
4.999989 -0.002856 -0.000579 -0.000650 0.000020 -0.000233 -0.000254 1.000000
5.199989 -0.002903 -0.000590 -0.000666 0.000021 -0.000234 -0.000255 1.000000
5.399989 -0.002806 -0.000585 -0.000648 0.000020 -0.000227 -0.000248 1.000000
5.599989 -0.002821 -0.000581 -0.000646 0.000021 -0.000233 -0.000253 1.000000
5.799989 -0.002876 -0.000583 -0.000650 0.000020 -0.000234 -0.000255 1.000000
5.999989 -0.002943 -0.000597 -0.000660 0.000021 -0.000237 -0.000258 1.000000
6.199989 -0.002789 -0.000583 -0.000639 0.000018 -0.000223 -0.000247 1.000000
6.399989 -0.002789 -0.000578 -0.000640 0.000022 -0.000232 -0.000253 1.000000
6.599989 -0.002805 -0.000585 -0.000642 0.000021 -0.000230 -0.000253 1.000000
6.799989 -0.002773 -0.000587 -0.000631 0.000021 -0.000227 -0.000248 1.000000
6.999989 -0.002775 -0.000591 -0.000631 0.000022 -0.000228 -0.000251 1.000000
7.199989 -0.002760 -0.000586 -0.000629 0.000021 -0.000226 -0.000247 1.000000
7.399989 -0.002822 -0.000585 -0.000651 0.000020 -0.000230 -0.000254 1.000000
7.599989 -0.002919 -0.000597 -0.000675 0.000021 -0.000235 -0.000255 1.000000
7.799989 -0.002807 -0.000582 -0.000653 0.000018 -0.000224 -0.000247 1.000000
7.999989 -0.002869 -0.000576 -0.000654 0.000020 -0.000236 -0.000257 1.000000
8.199989 -0.002939 -0.000582 -0.000661 0.000020 -0.000237 -0.000259 1.000000
8.399989 -0.003083 -0.001555 0.000399 -0.021186 -0.017369 0.000239 0.999625
8.599993 -0.009257 0.004636 0.018434 -0.138225 -0.133320 0.012136 0.981312
8.799992 -0.096282 0.103260 0.011299 -0.065445 -0.092917 0.017115 0.993373
8.999985 -0.292899 0.283315 -0.054864 0.007085 0.109210 0.003876 0.993986
9.199988 -0.413937 0.443535 -0.123704 -0.043775 0.035321 -0.007933 0.998385
9.399991 -0.457538 0.612195 -0.116272 -0.061651 -0.058413 -0.020396 0.996178
9.599989 -0.527496 0.850693 -0.056309 0.000908 -0.109140 -0.049535 0.992791
9.799983 -0.700213 1.119048 0.029503 0.057869 -0.058577 -0.088477 0.992669
9.999969 -0.960411 1.348962 0.119414 0.122415 0.016524 -0.118573 0.985232
10.199980 -1.219407 1.450770 0.189822 0.006232 -0.060602 -0.155912 0.985890
10.399981 -1.469760 1.530002 0.324179 -0.006671 -0.020355 -0.181139 0.983224
10.599962 -1.739369 1.636179 0.439745 0.039149 0.093986 -0.202453 0.973985
10.799956 -1.955065 1.715402 0.558422 0.080758 0.099534 -0.220224 0.966992
10.999966 -2.098832 1.701817 0.682632 0.057092 0.054897 -0.239913 0.967558
11.199977 -2.197873 1.613397 0.781356 -0.000837 0.004054 -0.256871 0.966437
11.399973 -2.300438 1.527366 0.850677 -0.004483 0.096798 -0.263964 0.959652
11.599968 -2.348121 1.431735 0.873734 -0.012129 0.092148 -0.261759 0.960648
11.799992 -2.299377 1.335079 0.858793 -0.192804 -0.163631 -0.227126 0.940460
11.999985 -2.292404 1.399154 0.843880 -0.036674 0.003267 -0.242398 0.969478
12.199978 -2.346285 1.524520 0.794521 0.014924 0.079923 -0.212704 0.973728
12.399985 -2.329747 1.616752 0.754823 -0.022466 -0.064885 -0.178818 0.981483
12.599990 -2.307039 1.706067 0.727147 -0.105504 -0.092451 -0.130224 0.981511
12.799989 -2.358012 1.917675 0.684197 -0.034994 0.019399 -0.081064 0.995905
12.999992 -2.419819 2.165569 0.626392 -0.000556 -0.014445 -0.013109 0.999810
13.199993 -2.457121 2.417068 0.564587 -0.049923 -0.054610 0.058062 0.995567
13.399993 -2.517761 2.704221 0.463722 -0.020736 -0.042415 0.131719 0.990162
13.599994 -2.613173 3.019159 0.345345 0.000012 -0.023643 0.202408 0.979016
13.799994 -2.722901 3.334835 0.198865 0.011944 0.001025 0.267866 0.963382
13.999993 -2.822317 3.640529 0.072470 0.018901 0.081953 0.323436 0.942505
14.199993 -2.839939 3.952325 0.004119 0.028853 0.063756 0.364124 0.928718
14.399992 -2.765095 4.265163 -0.034414 0.029587 -0.022690 0.381142 0.923764
14.599991 -2.692814 4.542315 -0.071809 0.048477 -0.005369 0.381949 0.922896
14.799991 -2.624941 4.774020 -0.081633 0.063300 0.061739 0.363152 0.927525
14.999991 -2.489813 4.975363 -0.052550 0.042872 0.035743 0.324555 0.944219
15.199991 -2.294189 5.153612 0.018412 0.053887 -0.001610 0.270433 0.961228
15.399991 -2.084786 5.295634 0.119021 0.060582 0.030288 0.209615 0.975435
15.599991 -1.851317 5.396453 0.236696 0.047075 0.055417 0.143438 0.986985
15.799992 -1.537836 5.464458 0.373765 0.040164 -0.018773 0.068993 0.996632
15.999993 -1.206223 5.504296 0.510690 0.049243 -0.030230 0.001554 0.998328
16.199993 -0.913657 5.509991 0.624588 0.072333 0.001649 -0.055908 0.995811
16.399994 -0.658326 5.467301 0.701998 0.050923 0.016325 -0.103704 0.993170
16.599994 -0.388115 5.380544 0.738041 -0.013172 0.005094 -0.138493 0.990263
16.799994 -0.104557 5.302350 0.766364 -0.014421 -0.001017 -0.153648 0.988020
16.999994 0.189270 5.240656 0.787067 0.031147 -0.006279 -0.150172 0.988149
17.199992 0.488300 5.163324 0.790565 0.145887 -0.001676 -0.123755 0.981529
17.399993 0.790648 4.977560 0.718518 0.006907 0.004615 -0.089351 0.995966
17.599992 1.107405 4.746052 0.704593 -0.229796 0.002000 -0.042419 0.972312
17.799991 1.423764 4.668150 0.665379 -0.132217 -0.015860 0.018167 0.990927
17.999990 1.742306 4.729224 0.561406 0.067447 -0.034090 0.084624 0.993543
18.199990 2.014030 4.763784 0.444545 0.078907 -0.018847 0.137309 0.987200
18.399989 2.298441 4.693035 0.329322 0.056657 -0.016982 0.178498 0.982161
18.599989 2.577545 4.578833 0.265434 0.047597 -0.039236 0.208966 0.975976
18.799989 2.859129 4.423299 0.241509 -0.115873 0.019341 0.225442 0.967148
18.999988 3.164254 4.351793 0.204505 -0.206097 0.046432 0.218148 0.952775
19.199990 3.502650 4.487205 0.174941 0.056683 -0.071082 0.254494 0.962791
19.399990 3.830959 4.590296 0.130573 0.056460 -0.049641 0.255698 0.963829
19.599987 4.100574 4.565136 0.125278 -0.101291 0.076332 0.221235 0.966938
19.799991 4.417259 4.625218 0.177093 -0.085909 -0.049684 0.154812 0.982947
19.999993 4.746278 4.828542 0.178369 0.125689 -0.221269 0.042838 0.966130
20.199993 4.922906 4.939132 0.178986 0.062385 -0.002312 -0.077510 0.995035
20.399994 5.026751 4.957322 0.156898 -0.013158 -0.016401 -0.257822 0.965964
20.599994 5.192663 5.002941 0.132792 0.064831 -0.129289 -0.432354 0.890029
20.799994 5.316350 5.071259 0.110648 0.100017 -0.018444 -0.583330 0.805843
20.999994 5.392711 5.091883 0.088068 0.090562 0.001830 -0.710657 0.697683
21.199994 5.440982 5.050672 0.080226 0.084097 -0.055254 -0.809448 0.578505
21.399994 5.433459 4.981692 0.079095 0.060978 -0.087142 -0.883010 0.457144
21.599994 5.347836 4.960403 0.069905 -0.029059 0.048439 0.933544 -0.353983
21.799994 5.242735 4.986339 0.064411 -0.006794 0.003853 0.963353 -0.268122
21.999994 5.155114 5.026877 0.068754 -0.068658 0.001615 0.976490 -0.204332
22.199994 5.048383 5.056902 0.086639 -0.102862 0.035028 0.980760 -0.162181
22.399994 4.868909 5.090283 0.111844 -0.086630 0.034003 0.984669 -0.147532
22.599994 4.620308 5.140519 0.133919 -0.052859 0.004404 0.986396 -0.155596
22.799994 4.344083 5.198310 0.157601 -0.044909 -0.022064 0.981847 -0.182955
22.999994 4.062683 5.244344 0.179029 -0.054955 -0.028161 0.972310 -0.225391
23.199994 3.766931 5.267059 0.199219 -0.049856 -0.034018 0.957650 -0.281539
23.399994 3.456633 5.269311 0.212537 -0.032152 -0.056221 0.936402 -0.344902
23.599994 3.149261 5.229036 0.237697 -0.029781 -0.067701 0.907394 -0.413721
23.799994 2.854310 5.127528 0.288115 -0.022959 -0.051041 0.872365 -0.485641
23.999994 2.577443 4.975625 0.372413 0.003721 -0.036588 0.831251 -0.554679
24.199993 2.333667 4.809370 0.481667 0.007826 -0.054116 0.787016 -0.614504
24.399991 2.131999 4.631787 0.599378 0.018435 0.084845 -0.740333 0.666609
24.599991 1.977586 4.404187 0.712790 0.037791 0.084311 -0.693738 0.714276
24.799991 1.863295 4.104009 0.809209 0.015890 0.037132 -0.647932 0.760627
24.999992 1.785819 3.769485 0.876105 -0.024144 0.034191 -0.600761 0.798332
25.199991 1.745818 3.437779 0.905255 -0.022405 0.049642 -0.556418 0.829116
25.399990 1.766160 3.124792 0.901196 -0.015128 0.034272 -0.506656 0.861334
25.599992 1.819229 2.807248 0.872588 -0.025733 0.005355 -0.460350 0.887348
25.799993 1.912300 2.487722 0.819060 -0.085729 0.019821 -0.412328 0.906776
25.999991 2.058210 2.199087 0.738664 -0.102408 0.003925 -0.355903 0.928887
26.199988 2.258472 1.980814 0.631350 -0.016812 0.006314 -0.293883 0.955673
26.399981 2.499006 1.791858 0.492475 0.024221 -0.059403 -0.210369 0.975515
26.599986 2.717244 1.599424 0.307719 -0.068025 -0.041808 -0.115889 0.990048
26.799979 2.888053 1.470634 0.158225 -0.098094 0.085212 -0.019386 0.991333
26.999957 3.151295 1.424348 0.093145 -0.003598 0.014209 0.081019 0.996605
27.199991 3.505972 1.377637 0.036054 -0.058143 -0.210887 0.158703 0.962787
27.399991 3.753319 1.336766 0.007057 -0.035151 -0.154229 0.209929 0.964835
27.599870 3.809046 1.298606 0.014362 0.001889 0.072282 0.238972 0.968331
27.799845 3.894005 1.248617 0.088331 -0.009997 0.023870 0.253512 0.966986
27.999986 4.113476 1.198351 0.167567 -0.010295 -0.137586 0.226424 0.964208
28.199984 4.316321 1.149039 0.196958 0.013373 -0.073859 0.155046 0.985052
28.399982 4.420319 1.104128 0.226808 0.026060 0.015323 0.046157 0.998477
28.599988 4.518710 1.040538 0.270528 0.105162 -0.044805 -0.091114 0.989258
28.799992 4.580907 0.888082 0.288023 0.082870 -0.107777 -0.253103 0.957839
28.999993 4.602595 0.666229 0.275520 -0.007105 -0.141554 -0.405649 0.902973
29.199994 4.587766 0.501262 0.263247 -0.013408 -0.046134 -0.531922 0.845430
29.399994 4.562771 0.405761 0.273815 0.042597 -0.027406 -0.646793 0.760982
29.599994 4.517316 0.318977 0.324731 0.083478 -0.070862 -0.749071 0.653378
29.799994 4.398445 0.206744 0.359998 0.060401 -0.042173 -0.841749 0.534820
29.999994 4.236271 0.065287 0.394923 -0.006758 0.096108 -0.899587 0.425981
30.199994 4.116767 -0.152351 0.428254 0.029729 -0.103937 0.928837 -0.354365
30.399994 4.077923 -0.444209 0.445753 0.019641 -0.034195 0.939834 -0.339348
30.599994 4.103145 -0.758770 0.463060 -0.000016 0.014570 0.930459 -0.366107
30.799994 4.140714 -1.045749 0.475871 -0.001845 -0.014441 0.905938 -0.423161
30.999994 4.199010 -1.322565 0.482986 -0.005314 -0.036908 0.869484 -0.492552
31.199993 4.296928 -1.623105 0.501710 0.001417 0.004435 0.824703 -0.565547
31.399993 4.417021 -1.919114 0.524672 -0.024283 -0.020917 -0.779767 0.625249
31.599992 4.547194 -2.198893 0.519969 0.030952 -0.028512 -0.742033 0.669041
31.799991 4.675234 -2.475942 0.499785 0.112821 -0.042235 -0.711873 0.691899
31.999992 4.745818 -2.806655 0.493960 -0.008138 -0.015258 -0.712733 0.701222
32.199993 4.824087 -3.143477 0.450466 -0.131616 0.047477 -0.702581 0.697713
32.399992 5.042803 -3.417004 0.371159 -0.019485 0.077248 -0.713254 0.696363
32.599992 5.379208 -3.672186 0.277216 0.196361 -0.101274 -0.697561 0.681612
32.799993 5.583069 -3.997744 0.243393 0.175152 -0.204423 -0.704361 0.656817
32.999994 5.567270 -4.367245 0.148611 -0.064043 -0.187402 -0.786936 0.584389
33.199994 5.495454 -4.574724 0.098094 -0.072073 0.008719 -0.850838 0.520389
33.399994 5.527667 -4.680446 0.054069 0.092207 0.071902 -0.906908 0.404780
33.599994 5.596204 -4.872224 0.080054 -0.181190 0.027514 0.936544 -0.298828
33.799994 5.565439 -5.139526 0.131788 -0.083948 0.150359 0.954384 -0.243917
33.999994 5.403886 -5.306081 0.171383 0.015607 0.103603 0.961952 -0.252332
34.199994 5.212206 -5.332023 0.169098 0.003400 0.016979 0.950605 -0.309919
34.399994 5.072450 -5.308180 0.172254 -0.095381 0.033274 0.923429 -0.370235
34.599994 4.914050 -5.314362 0.192738 -0.101852 0.061297 0.898005 -0.423623
34.799994 4.686719 -5.334878 0.221896 -0.007305 0.071354 0.880579 -0.468441
34.999994 4.432818 -5.319731 0.218892 0.039499 -0.015355 0.853432 -0.519479
35.199993 4.232545 -5.281707 0.237436 0.018455 0.068869 -0.822405 0.564417
35.399992 4.089513 -5.286580 0.254873 0.052743 0.032889 -0.784384 0.617154
35.599991 3.956678 -5.341170 0.265155 0.030295 0.013896 -0.739851 0.671945
35.799991 3.828426 -5.417943 0.263282 0.006057 0.031760 -0.687370 0.725587
35.999990 3.730972 -5.503246 0.251049 0.027101 0.080433 -0.629416 0.772420
36.199990 3.702362 -5.632720 0.240707 0.074925 0.045583 -0.574675 0.813669
36.399990 3.713740 -5.843781 0.252236 0.041676 -0.012386 -0.531045 0.846228
36.599991 3.721929 -6.112443 0.260410 -0.002871 -0.021734 -0.504057 0.863392
36.799990 3.735801 -6.347211 0.279061 0.018819 -0.002033 -0.490682 0.871133
36.999990 3.769305 -6.570360 0.304423 0.034306 -0.054040 -0.486727 0.871206
37.199990 3.783719 -6.804565 0.347022 0.027689 -0.158211 -0.475281 0.865049
37.399991 3.703759 -7.015910 0.393291 -0.082067 -0.084721 -0.447028 0.886709
37.599992 3.555907 -7.143251 0.456824 -0.107937 0.137808 -0.403643 0.898015
37.799990 3.581493 -7.185434 0.532933 -0.008744 0.064139 -0.301959 0.951121
37.999992 3.787951 -7.237183 0.595731 0.027586 -0.196049 -0.164412 0.966319
38.199993 3.912766 -7.311022 0.663882 -0.045199 -0.207491 -0.047780 0.976023
38.399992 3.822437 -7.352032 0.723165 -0.027363 0.024781 -0.030493 0.998853
38.599991 3.736732 -7.330030 0.745199 0.009386 -0.026992 -0.111817 0.993318
38.799991 3.688971 -7.296945 0.738954 0.043848 -0.201638 -0.292311 0.933795
38.999990 3.568698 -7.297852 0.663948 0.015834 -0.079059 -0.496829 0.864095
39.199990 3.409232 -7.320339 0.575368 -0.013888 -0.027410 -0.691439 0.721781
39.399992 3.241269 -7.274801 0.477250 0.073388 0.012161 -0.849708 0.521980
39.599992 3.033146 -7.215896 0.393838 0.138212 0.011271 -0.949804 0.280432
39.799993 2.790555 -7.200677 0.321843 -0.100218 0.026641 0.990555 -0.089707
39.999994 2.470622 -7.216932 0.272069 0.003551 0.039631 0.998998 0.020471
40.199994 2.109303 -7.223333 0.225376 0.032700 -0.002225 0.997628 0.060534
40.399993 1.803345 -7.213573 0.187499 -0.039211 -0.028646 0.997458 0.052158
40.599993 1.536214 -7.213356 0.162801 -0.079301 -0.034956 0.996071 0.018241
40.799992 1.240554 -7.227034 0.168583 -0.049327 0.057869 0.996865 -0.021859
40.999992 0.942342 -7.199498 0.151377 -0.026197 -0.009644 0.998038 -0.056045
41.199992 0.641637 -7.167387 0.126849 -0.015898 -0.009341 0.997622 -0.066412
41.399992 0.337191 -7.153687 0.087134 -0.011167 0.103228 0.993708 -0.041994
41.599993 0.041772 -7.070207 0.040225 -0.045454 -0.010941 0.998849 0.010699
41.799993 -0.269712 -6.973282 0.061812 0.022157 -0.124092 0.989684 0.068086
41.999994 -0.543640 -6.988795 0.082191 0.094168 -0.077424 0.986414 0.110113
42.199994 -0.717878 -7.105535 0.085054 0.059349 0.035166 0.987098 0.144496
42.399994 -0.808204 -7.219499 0.101029 0.005721 0.053072 0.985458 0.161320
42.599994 -0.868013 -7.266211 0.108381 -0.010295 0.005237 0.982601 0.185371
42.799994 -0.931624 -7.284510 0.106167 0.024939 -0.017838 0.970891 0.237553
42.999994 -0.965009 -7.328724 0.096488 0.046089 0.030163 0.944336 0.324340
43.199994 -0.925614 -7.382545 0.089659 0.014730 0.065978 0.901797 0.426841
43.399994 -0.820548 -7.391293 0.078927 -0.022127 0.054948 0.844659 0.532017
43.599994 -0.683857 -7.340534 0.061724 -0.026158 0.030719 0.781445 0.622669
43.799994 -0.524543 -7.257867 0.042660 -0.027457 0.017773 0.724496 0.688502
43.999994 -0.351254 -7.163611 0.033628 -0.026868 0.018434 0.687109 0.725824
44.199994 -0.161648 -7.045702 0.028087 -0.042570 -0.015820 0.674630 0.736758
44.399994 0.020110 -6.908494 0.020622 -0.070925 -0.035868 0.686045 0.723205
44.599994 0.171095 -6.745692 0.013933 -0.080802 -0.043859 0.718929 0.688977
44.799994 0.274375 -6.558132 0.004524 -0.074970 -0.048641 0.767051 0.635332
44.999994 0.329005 -6.352281 -0.001894 -0.061278 -0.037970 0.820167 0.567565
45.199994 0.345259 -6.139322 -0.007610 -0.061355 -0.035704 0.871294 0.485600
45.399994 0.329943 -5.937197 -0.015555 -0.043635 -0.019707 0.914566 0.401592
45.599994 0.301799 -5.732513 -0.021904 -0.044778 -0.029094 0.942897 0.328777
45.799994 0.248566 -5.530257 -0.024428 -0.059226 -0.031370 0.959488 0.273662
45.999994 0.169345 -5.337309 -0.027259 -0.086705 -0.049305 0.969189 0.225218
46.199994 0.038693 -5.162565 -0.029805 -0.088830 -0.076840 0.977685 0.174176
46.399993 -0.151319 -5.037266 -0.032199 -0.072123 -0.078418 0.987490 0.116241
46.599992 -0.390941 -4.970728 -0.038453 -0.052739 -0.059714 0.995688 0.047516
46.799991 -0.655302 -4.949113 -0.025321 0.000744 -0.052625 0.998172 -0.029713
46.999991 -0.917643 -4.965985 0.004657 0.033467 -0.028326 0.994293 -0.097262
47.199986 -1.128495 -4.998338 0.064498 -0.073835 0.021258 0.987404 -0.138314
47.399984 -1.333627 -5.014297 0.127699 -0.133722 0.027333 0.980548 -0.141057
47.599986 -1.630611 -5.020440 0.194099 -0.095673 0.019397 0.990026 -0.101586
47.799990 -1.984898 -5.030092 0.210624 0.023934 0.020331 0.998174 -0.051595
47.999992 -2.335126 -5.030416 0.185951 0.039617 0.007225 0.999025 -0.018077
48.199991 -2.615359 -5.013593 0.177168 -0.041430 -0.028899 0.998699 -0.006943
48.399991 -2.881045 -5.013247 0.194864 -0.067958 -0.019229 0.997460 -0.009250
48.599991 -3.173340 -5.028204 0.162225 -0.020954 -0.028868 0.998819 -0.032990
48.799991 -3.485759 -5.061101 0.074375 0.009530 -0.028254 0.995380 -0.091262
48.999990 -3.774584 -5.120780 -0.047041 -0.027450 0.031486 0.987087 -0.154642
49.199991 -4.066538 -5.157620 -0.155094 -0.029104 0.041528 0.979203 -0.196442
49.399992 -4.377983 -5.159029 -0.243944 -0.005014 -0.025958 0.972316 -0.232169
49.599992 -4.683334 -5.178376 -0.285663 -0.040396 -0.083151 0.946084 -0.310450
49.799991 -4.952104 -5.298960 -0.280873 -0.031981 -0.002212 0.895483 -0.443940
49.999991 -5.244706 -5.450918 -0.215924 0.058977 0.135544 0.832737 -0.533571
50.199992 -5.566149 -5.484972 -0.121501 -0.074032 -0.088620 -0.836690 0.535365
50.399993 -5.878336 -5.371072 -0.007047 -0.129134 0.087770 -0.877735 0.452992
50.599992 -6.078842 -5.259403 0.062917 0.046169 -0.137962 0.936502 -0.319060
50.799991 -6.145604 -5.279874 0.078448 0.001736 -0.015147 0.978179 -0.207206
50.999990 -6.164964 -5.349527 0.088894 0.011283 0.050109 0.983334 -0.174404
51.199992 -6.197058 -5.360377 0.116828 0.064613 0.004961 0.962301 -0.264154
51.399992 -6.198421 -5.311340 0.131810 0.039028 -0.069533 0.903578 -0.420938
51.599989 -6.148051 -5.279881 0.145066 -0.021115 -0.087071 0.811454 -0.577508
51.799985 -6.051728 -5.355785 0.138527 0.059358 0.057526 -0.718454 0.690646
51.999987 -5.930865 -5.517393 0.118004 0.027656 -0.004969 -0.662206 0.748795
52.199988 -5.799071 -5.706390 0.087154 -0.006857 -0.029544 -0.660581 0.750142
52.399985 -5.652351 -5.851457 0.051445 0.057837 -0.018736 -0.705576 0.706022
52.599986 -5.532978 -5.986614 0.029993 0.101610 -0.012998 -0.781593 0.615320
52.799990 -5.468109 -6.173701 -0.002404 0.078010 -0.036347 -0.868061 0.488941
52.999992 -5.488231 -6.376185 -0.042261 -0.037346 0.030713 0.939436 -0.339298
53.199994 -5.560861 -6.589564 -0.094215 -0.028946 0.001163 0.984070 -0.175407
53.399994 -5.630708 -6.825401 -0.136394 -0.009096 0.037757 0.999008 -0.021806
53.599994 -5.669155 -7.051694 -0.164811 -0.012833 0.068769 0.989481 0.126627
53.799994 -5.692313 -7.194401 -0.179451 -0.017813 0.076660 0.963035 0.257624
53.999994 -5.706690 -7.251812 -0.191715 -0.010589 0.057896 0.924455 0.376721
54.199994 -5.716446 -7.263494 -0.199975 -0.007519 0.042997 0.875654 0.480963
54.399994 -5.720888 -7.254667 -0.197929 -0.021800 0.048089 0.818144 0.572585
54.599994 -5.710894 -7.230999 -0.194995 -0.045327 0.053697 0.753651 0.653508
54.799994 -5.684869 -7.172734 -0.187845 -0.050419 0.043359 0.684789 0.725701
54.999994 -5.643348 -7.065590 -0.177647 -0.041415 0.030101 0.615225 0.786687
55.199994 -5.592940 -6.901286 -0.176053 -0.037588 0.028495 0.542191 0.838930
55.399994 -5.525429 -6.696194 -0.179753 -0.040311 0.028031 0.472708 0.879850
55.599994 -5.432454 -6.457153 -0.189120 -0.016318 0.022032 0.405498 0.913685
55.799994 -5.322382 -6.184835 -0.187892 -0.014270 -0.006938 0.338123 0.940968
55.999993 -5.205419 -5.914159 -0.190777 -0.009284 -0.024125 0.275310 0.961008
56.199992 -5.102671 -5.662588 -0.200683 0.055889 0.029162 0.219710 0.973526
56.399989 -4.974795 -5.461797 -0.211354 0.073388 0.055071 0.170171 0.981134
56.599989 -4.772933 -5.321144 -0.217557 0.033749 0.003422 0.119984 0.992196
56.799987 -4.534701 -5.203226 -0.211863 0.038926 -0.018352 0.077342 0.996075
56.999982 -4.296287 -5.097053 -0.196092 0.050927 0.029301 0.044381 0.997285
57.199973 -4.029338 -5.020446 -0.164203 0.044934 0.019219 0.014028 0.998707
57.399963 -3.709532 -4.990955 -0.127821 0.038833 -0.020630 -0.011009 0.998972
57.599979 -3.379869 -5.005179 -0.086290 0.014889 -0.026371 -0.028579 0.999133
57.799985 -3.065585 -5.043300 -0.034072 -0.006611 -0.020868 -0.039272 0.998989
57.999988 -2.769931 -5.078379 0.023166 -0.008887 -0.022304 -0.045025 0.998697
58.199989 -2.484313 -5.099381 0.090727 -0.006878 -0.014065 -0.047354 0.998755
58.399991 -2.199512 -5.111799 0.161685 -0.010107 -0.021196 -0.046245 0.998654
58.599991 -1.911878 -5.114467 0.234782 -0.009553 -0.024946 -0.042447 0.998742
58.799992 -1.606259 -5.113669 0.315989 -0.004379 -0.018808 -0.035391 0.999187
58.999992 -1.295301 -5.106125 0.382216 0.001905 -0.017058 -0.026367 0.999505
59.199992 -0.993901 -5.106512 0.462308 -0.000936 -0.039818 -0.024062 0.998917
59.399993 -0.688370 -5.104854 0.535853 0.000051 -0.145397 -0.035817 0.988725
59.599993 -0.459588 -5.099804 0.561404 -0.001403 -0.137939 -0.059468 0.988653
59.799993 -0.340996 -5.086587 0.586345 0.002083 0.008543 -0.102070 0.994738
59.999994 -0.219407 -5.078821 0.598481 0.011469 -0.111834 -0.173924 0.978321
60.199994 -0.130323 -5.071052 0.594636 0.033256 -0.156896 -0.272830 0.948600
60.399994 -0.123127 -5.054299 0.587062 0.010160 -0.030805 -0.379965 0.924432
60.599994 -0.151083 -5.036954 0.553169 0.036684 -0.032580 -0.496115 0.866870
60.799993 -0.160660 -5.042225 0.518176 0.088400 -0.079543 -0.611154 0.782527
60.999991 -0.227855 -5.063081 0.478435 0.075213 -0.067093 -0.727279 0.678901
61.199989 -0.354436 -5.090602 0.404266 0.047923 -0.038496 -0.827413 0.558219
61.399989 -0.538627 -5.074262 0.357033 0.052230 -0.009121 -0.906756 0.418310
61.599986 -0.724045 -5.069450 0.309558 -0.077825 0.003607 0.955870 -0.283272
61.799985 -0.928021 -5.101099 0.250557 -0.094431 0.004704 0.982599 -0.159874
61.999988 -1.188704 -5.154917 0.177781 -0.052646 0.016430 0.997614 -0.041541
62.199991 -1.497388 -5.203624 0.106952 -0.005514 0.017050 0.998461 0.052485
62.399993 -1.815755 -5.223410 0.058527 -0.004527 0.008726 0.992187 0.124368
62.599993 -2.130292 -5.225157 0.037363 -0.039204 0.000595 0.982957 0.179605
62.799994 -2.459822 -5.220618 0.060962 -0.042435 0.001396 0.974277 0.221316
62.999994 -2.806036 -5.206966 0.109571 -0.021635 0.005822 0.966518 0.255618
63.199994 -3.145882 -5.185634 0.176160 -0.018101 0.008690 0.958345 0.284907
63.399994 -3.468219 -5.157431 0.260389 -0.020982 0.030698 0.949719 0.310889
63.599994 -3.779721 -5.108364 0.339480 -0.036249 0.058059 0.940956 0.331536
63.799993 -4.071202 -5.008040 0.386798 -0.054197 0.064688 0.933913 0.347396
63.999992 -4.367304 -4.842478 0.416354 -0.044316 0.038363 0.929271 0.364718
64.199992 -4.675400 -4.640220 0.411372 -0.029445 0.026954 0.921586 0.386117
64.399991 -4.981483 -4.421922 0.377851 -0.037257 0.039603 0.908584 0.414148
64.599990 -5.274788 -4.172395 0.310975 -0.012788 0.066149 0.888628 0.453653
64.799986 -5.538678 -3.884987 0.211441 0.033481 0.047038 0.853398 0.518052
64.999991 -5.761568 -3.565241 0.070795 0.033442 -0.016183 0.792824 0.608318
65.199993 -5.950772 -3.268013 -0.065952 -0.023944 -0.091144 0.728760 0.678254
65.399994 -6.179864 -3.016825 -0.205748 -0.026132 -0.099320 0.690695 0.715816
65.599994 -6.485199 -2.816575 -0.296625 0.026959 0.001509 0.682593 0.730300
65.799994 -6.783177 -2.628646 -0.323359 0.107823 0.058581 0.689068 0.714233
65.999994 -6.965798 -2.447754 -0.339345 0.099247 0.023525 0.718916 0.687573
66.199994 -7.049381 -2.309615 -0.364289 0.008630 0.016101 0.780729 0.624603
66.399992 -7.118407 -2.169293 -0.366128 -0.084325 0.062749 0.838317 0.534955
66.599990 -7.203303 -1.955130 -0.338365 -0.044436 0.071054 0.878978 0.469441
66.799989 -7.284049 -1.673735 -0.308133 0.056327 0.037742 0.887306 0.456170
66.999990 -7.301023 -1.373441 -0.333500 0.064030 0.016748 0.873406 0.482474
67.199990 -7.231235 -1.088562 -0.364765 -0.005711 -0.003962 0.841304 0.540518
67.399991 -7.150947 -0.799228 -0.390675 -0.049626 -0.053868 0.786983 0.612611
67.599992 -7.131559 -0.513935 -0.409715 -0.055066 -0.056125 0.724781 0.684478
67.799993 -7.195223 -0.222707 -0.400799 -0.029726 -0.022380 0.661654 0.748885
67.999994 -7.290972 0.040133 -0.362509 -0.000720 0.010147 0.604399 0.796617
68.199994 -7.382285 0.343756 -0.304209 0.034980 0.039038 0.560256 0.826660
68.399994 -7.401891 0.667545 -0.241946 0.014172 0.009425 0.541766 0.840357
68.599994 -7.356184 0.994059 -0.178155 0.046297 -0.073900 0.516201 0.852017
68.799994 -7.327463 1.278597 -0.131410 0.096583 -0.099302 0.488774 0.861342
68.999994 -7.347201 1.451693 -0.083885 0.107615 -0.055727 0.461436 0.878857
69.199994 -7.375321 1.518294 -0.055741 0.034242 -0.005329 0.419920 0.906899
69.399994 -7.375451 1.559491 -0.042019 0.044903 -0.033861 0.369366 0.927581
69.599994 -7.356735 1.590013 -0.034168 0.083787 -0.063108 0.311435 0.944460
69.799994 -7.354890 1.554716 -0.030745 0.063827 -0.023745 0.258593 0.963583
69.999994 -7.359216 1.456918 -0.041890 0.038551 -0.009678 0.202841 0.978405
70.199994 -7.354616 1.331680 -0.051790 0.069818 -0.023895 0.145220 0.986644
70.399994 -7.348350 1.158732 -0.068784 0.068228 -0.026528 0.090307 0.993220
70.599994 -7.349082 0.926479 -0.099516 0.041016 -0.010757 0.039323 0.998326
70.799994 -7.347812 0.659044 -0.125090 0.037618 0.001057 -0.007955 0.999260
70.999994 -7.333459 0.368145 -0.147973 0.042132 0.001779 -0.050146 0.997851
71.199994 -7.305305 0.045952 -0.175806 0.026669 -0.001056 -0.085699 0.995964
71.399994 -7.271271 -0.294565 -0.204554 0.011580 -0.008338 -0.111712 0.993638
71.599992 -7.232261 -0.631348 -0.232290 0.005724 -0.020506 -0.129017 0.991414
71.799992 -7.197779 -0.955739 -0.262404 0.002119 -0.025526 -0.134142 0.990631
71.999992 -7.175352 -1.270585 -0.288783 -0.011898 0.003764 -0.124222 0.992176
72.199992 -7.142336 -1.573837 -0.318031 -0.020130 0.016703 -0.105491 0.994076
72.399992 -7.078199 -1.847963 -0.335301 -0.032146 0.008624 -0.076331 0.996527
72.599992 -6.988918 -2.049438 -0.341280 -0.046266 0.005521 -0.038725 0.998163
72.799993 -6.882323 -2.212819 -0.340818 -0.047627 0.020690 0.006913 0.998627
72.999993 -6.754064 -2.356873 -0.338201 -0.045807 0.017793 0.059416 0.997023
73.199993 -6.603067 -2.493674 -0.335515 -0.055562 0.013120 0.116175 0.991587
73.399994 -6.433333 -2.617398 -0.332361 -0.053635 0.002753 0.175992 0.982925
73.599994 -6.255960 -2.709337 -0.325922 -0.052866 -0.002176 0.237820 0.969867
73.799994 -6.080966 -2.753016 -0.318081 -0.053422 -0.004866 0.303030 0.951470
73.999994 -5.912964 -2.740693 -0.310373 -0.056011 -0.018626 0.365933 0.928767
74.199994 -5.761312 -2.671967 -0.302086 -0.028638 -0.105027 0.430186 0.896153
74.399994 -5.671682 -2.589337 -0.318981 -0.027863 -0.037301 0.487677 0.871782
74.599993 -5.627655 -2.510832 -0.334873 -0.041821 0.064727 0.539582 0.838399
74.799993 -5.530039 -2.387359 -0.328120 -0.057469 0.027479 0.588616 0.805899
74.999993 -5.408945 -2.205693 -0.304527 -0.050794 -0.040772 0.630932 0.773100
75.199993 -5.329417 -1.993987 -0.289964 0.004939 -0.085501 0.666305 0.740744
75.399991 -5.307667 -1.818368 -0.288780 0.010645 -0.038459 0.693743 0.719116
75.599989 -5.297382 -1.689755 -0.280808 -0.044242 0.014101 0.710820 0.701839
75.799988 -5.270706 -1.545625 -0.258737 -0.070638 -0.004166 0.720914 0.689402
75.999988 -5.257921 -1.355391 -0.236284 -0.057431 -0.019750 0.726367 0.684618
76.199987 -5.285361 -1.129082 -0.212517 -0.020391 0.010686 0.727889 0.685308
76.399987 -5.317792 -0.874302 -0.191837 -0.035118 0.020061 0.722306 0.690390
76.599989 -5.337942 -0.586358 -0.167702 -0.036217 -0.000490 0.711738 0.701510
76.799991 -5.358633 -0.276319 -0.160872 -0.013571 -0.015141 0.697350 0.716442
76.999992 -5.388245 0.043551 -0.170374 -0.012302 0.008374 0.677678 0.735208
77.199993 -5.409329 0.374581 -0.166696 -0.015146 0.000362 0.653136 0.757089
77.399993 -5.422400 0.725013 -0.165393 -0.004171 -0.015418 0.628432 0.777701
77.599994 -5.435527 1.068520 -0.203807 0.020527 -0.013217 0.605857 0.795199
77.799994 -5.438715 1.385526 -0.236021 0.022410 -0.024013 0.588158 0.808079
77.999994 -5.438535 1.678174 -0.280671 0.021820 -0.033649 0.581256 0.812732
78.199994 -5.442029 1.945542 -0.313872 0.034519 -0.046204 0.591405 0.804310
78.399994 -5.448869 2.170512 -0.333185 0.009259 -0.024285 0.622062 0.782536
78.599993 -5.455161 2.366539 -0.385242 -0.087662 0.083390 0.665598 0.736438
78.799993 -5.450771 2.630258 -0.324675 -0.014240 0.020952 0.738632 0.673633
78.999992 -5.398821 2.924318 -0.251552 0.062561 0.004963 0.810149 0.582856
79.199993 -5.300737 3.206594 -0.252795 -0.047186 -0.198345 0.863936 0.460487
79.399993 -5.285156 3.352455 -0.246268 0.037741 -0.100122 0.927782 0.357453
79.599993 -5.342428 3.386634 -0.202232 0.227088 -0.013025 0.931276 0.284580
79.799991 -5.243611 3.349232 -0.231310 0.098904 0.115464 0.947435 0.281519
79.999990 -4.973196 3.387590 -0.285210 -0.082823 0.039867 0.946729 0.308633
80.199992 -4.703708 3.497845 -0.337817 -0.056200 -0.078245 0.923071 0.372371
80.399992 -4.534560 3.543255 -0.375373 0.035701 0.013308 0.893634 0.447177
80.599991 -4.355676 3.513962 -0.361307 -0.017214 0.093387 0.856749 0.506915
80.799990 -4.111431 3.532583 -0.342282 -0.129411 0.070121 0.822003 0.550133
80.999991 -3.915078 3.684653 -0.307865 -0.117522 -0.030087 0.806655 0.578438
81.199992 -3.797450 3.904933 -0.277174 -0.033738 -0.043326 0.816885 0.574180
81.399990 -3.733389 4.083771 -0.283038 -0.010716 0.007698 0.838376 0.544933
81.599987 -3.664368 4.222168 -0.265876 -0.056533 0.028457 0.870581 0.487937
81.799983 -3.602790 4.394623 -0.231311 -0.089651 -0.016058 0.906900 0.411385
81.999982 -3.608833 4.620607 -0.183563 -0.075981 -0.056131 0.943230 0.318423
82.199978 -3.691142 4.839114 -0.141474 -0.060251 -0.037018 0.971538 0.226084
82.399975 -3.827453 5.009658 -0.095317 -0.044549 -0.021457 0.989011 0.139328
82.599965 -3.973251 5.143667 -0.037702 -0.051688 -0.020852 0.995871 0.071651
82.799956 -4.128341 5.248964 0.045038 -0.044062 -0.040569 0.997996 0.020394
82.999994 -4.323633 5.306737 0.125900 0.469432 -0.184208 0.860077 -0.077256
83.199993 -4.345994 5.270890 0.045512 0.346790 -0.021657 0.933303 -0.090621
83.349991 -4.019787 5.211438 -0.050114 -0.139722 0.045891 0.986925 -0.065959
83.575000 -3.568694 5.146881 0.051276 -0.374465 0.115055 0.918431 -0.054974
83.749991 -3.500921 5.137103 0.138553 -0.351867 0.127623 0.926283 -0.043614
83.999983 -3.793914 5.199102 0.097375 0.123085 -0.016633 0.992110 -0.017035
84.199992 -4.050448 5.251125 0.053208 0.263114 -0.051484 0.962902 -0.030647
84.399982 -4.122808 5.245953 -0.003097 0.053275 0.015037 0.998012 -0.030143
84.598649 -4.023747 5.205267 -0.067238 -0.134155 0.042545 0.989782 -0.022871
84.798684 -3.964959 5.188973 -0.083407 -0.105425 0.035615 0.993589 -0.019935
84.999975 -4.004488 5.206592 -0.046669 0.063140 0.002489 0.997892 -0.014816
85.199982 -4.044258 5.231035 -0.017028 0.081500 0.005025 0.996509 -0.017410
85.399939 -4.007071 5.239875 0.027438 -0.024902 0.012717 0.999454 -0.017596
85.599758 -3.944239 5.227808 0.050884 -0.070929 0.018829 0.997154 -0.017291
85.799924 -3.913497 5.213804 0.072997 -0.014546 0.007519 0.999746 -0.015456
