0.799989 -0.000378 -0.000435 -0.000133 0.000026 -0.000047 -0.000075 1.000000
0.999989 -0.001182 -0.000578 -0.000349 0.000043 -0.000129 -0.000170 1.000000
1.199989 -0.001968 -0.000702 -0.000641 0.000046 -0.000156 -0.000215 1.000000
1.399989 -0.002423 -0.000698 -0.000801 0.000054 -0.000191 -0.000222 1.000000
1.599989 -0.002780 -0.000682 -0.000840 0.000058 -0.000230 -0.000242 1.000000
1.799989 -0.002763 -0.000590 -0.000719 0.000032 -0.000225 -0.000236 1.000000
1.999989 -0.003107 -0.000586 -0.000693 0.000025 -0.000259 -0.000278 1.000000
2.199989 -0.003023 -0.000561 -0.000609 0.000015 -0.000236 -0.000263 1.000000
2.399989 -0.002970 -0.000563 -0.000617 0.000019 -0.000245 -0.000263 1.000000
2.599989 -0.002807 -0.000570 -0.000636 0.000021 -0.000231 -0.000251 1.000000
2.799989 -0.002661 -0.000580 -0.000643 0.000025 -0.000223 -0.000245 1.000000
2.999989 -0.002647 -0.000601 -0.000625 0.000024 -0.000223 -0.000245 1.000000
3.199989 -0.002586 -0.000587 -0.000583 0.000019 -0.000214 -0.000239 1.000000
3.399989 -0.002739 -0.000573 -0.000601 0.000019 -0.000228 -0.000251 1.000000
3.599989 -0.002884 -0.000572 -0.000638 0.000019 -0.000231 -0.000256 1.000000
3.799989 -0.002890 -0.000583 -0.000667 0.000020 -0.000229 -0.000253 1.000000
3.999989 -0.002864 -0.000593 -0.000672 0.000021 -0.000231 -0.000252 1.000000
4.199989 -0.002800 -0.000599 -0.000644 0.000021 -0.000230 -0.000251 1.000000
4.399989 -0.002782 -0.000592 -0.000625 0.000021 -0.000230 -0.000250 1.000000
4.599989 -0.002772 -0.000578 -0.000621 0.000020 -0.000228 -0.000251 1.000000
4.799989 -0.002794 -0.000576 -0.000629 0.000020 -0.000230 -0.000253 1.000000
4.999989 -0.002856 -0.000579 -0.000650 0.000020 -0.000233 -0.000254 1.000000
5.199989 -0.002903 -0.000590 -0.000666 0.000021 -0.000234 -0.000255 1.000000
5.399989 -0.002806 -0.000585 -0.000648 0.000020 -0.000227 -0.000248 1.000000
5.599989 -0.002821 -0.000581 -0.000646 0.000021 -0.000233 -0.000253 1.000000
5.799989 -0.002876 -0.000583 -0.000650 0.000020 -0.000234 -0.000255 1.000000
5.999989 -0.002943 -0.000597 -0.000660 0.000021 -0.000237 -0.000258 1.000000
6.199991 -0.002813 -0.003728 0.009103 -0.080470 -0.068751 0.002946 0.994379
6.399994 -0.035986 0.032488 0.026155 -0.158093 -0.172466 0.028056 0.971841
6.599989 -0.194048 0.203221 -0.000995 0.013025 0.029094 0.013180 0.999405
6.799986 -0.378770 0.381362 -0.076546 -0.008923 0.090620 0.005216 0.995832
6.999990 -0.473473 0.540331 -0.089254 -0.051195 -0.066401 -0.002389 0.996476
7.199988 -0.572908 0.739633 -0.037008 0.087399 -0.146821 -0.016531 0.985156
7.399982 -0.807586 0.916921 0.006379 0.129629 -0.008063 -0.030951 0.991047
7.599984 -1.105169 0.977033 -0.008267 -0.008600 0.063356 -0.062347 0.996004
7.799988 -1.321370 1.010527 0.074213 0.011571 -0.081730 -0.091222 0.992404
7.999983 -1.564759 1.072231 0.182799 0.075221 0.005954 -0.118536 0.990079
8.199983 -1.851248 1.093358 0.319905 0.054031 0.124870 -0.141633 0.980524
8.399985 -2.060362 1.035934 0.439147 0.033388 0.035896 -0.173522 0.983609
8.599986 -2.206378 0.934180 0.557388 0.000035 0.026121 -0.197822 0.979890
8.799986 -2.343405 0.826282 0.657976 -0.019798 0.126809 -0.212923 0.968603
8.999985 -2.398495 0.731746 0.714751 0.060346 0.047931 -0.222610 0.971857
9.199985 -2.396442 0.605117 0.762891 0.090180 0.018229 -0.226966 0.969547
9.399987 -2.399952 0.385646 0.762281 -0.028770 0.043928 -0.247136 0.967557
9.599987 -2.376816 0.146362 0.763823 -0.076184 0.051385 -0.264537 0.959987
9.799986 -2.290028 -0.029315 0.766261 -0.038623 0.026606 -0.251117 0.966820
9.999988 -2.158420 -0.158167 0.749460 -0.055424 -0.072150 -0.187890 0.977967
10.199990 -2.062356 -0.241860 0.732183 -0.069070 -0.029785 -0.093382 0.992785
10.399991 -1.995832 -0.267122 0.704075 -0.036724 0.004912 0.030171 0.998858
10.599993 -1.908640 -0.264940 0.670927 -0.040085 -0.004563 0.172400 0.984200
10.799994 -1.789750 -0.242847 0.619704 -0.080097 -0.017855 0.323462 0.942676
10.999994 -1.707875 -0.173716 0.569640 -0.054070 -0.012978 0.466238 0.882910
11.199994 -1.689188 -0.046752 0.521226 -0.045085 0.001705 0.586684 0.808558
11.399993 -1.706268 0.129030 0.468403 -0.047641 0.027085 0.680255 0.730924
11.599993 -1.725883 0.346187 0.433002 -0.060255 0.023993 0.750791 0.657348
11.799993 -1.756423 0.596816 0.401990 -0.049938 0.003975 0.799147 0.599044
11.999993 -1.813504 0.870595 0.376323 -0.025744 -0.007400 0.829505 0.557857
12.199989 -1.896119 1.155931 0.366097 -0.016578 0.002982 0.847670 0.530257
12.399987 -1.991636 1.455805 0.381864 -0.010668 0.000429 0.861641 0.507405
12.599986 -2.093059 1.770219 0.416535 -0.006676 -0.005924 0.875324 0.483454
12.799985 -2.197585 2.091348 0.455653 -0.000659 -0.006388 0.890664 0.454618
12.999984 -2.304204 2.388674 0.476333 -0.005303 0.001772 0.910432 0.413622
13.199981 -2.409837 2.680368 0.474836 -0.013695 0.005738 0.933252 0.358914
13.399973 -2.518872 2.977622 0.460455 -0.042776 -0.010191 0.959586 0.277957
13.599949 -2.657809 3.289529 0.410245 -0.005415 -0.012668 0.985081 0.171539
13.799973 -2.801046 3.602931 0.304316 0.092718 -0.023147 0.993362 0.064025
13.999982 -2.874030 3.902202 0.197196 0.039665 -0.066289 0.996964 -0.009810
14.199984 -2.891334 4.141611 0.134561 0.033642 -0.070739 0.995753 -0.048374
14.399984 -2.878534 4.291990 0.084574 0.019196 -0.049788 0.997276 -0.050931
14.599863 -2.840849 4.381290 0.062819 -0.078732 0.036918 0.995713 -0.031520
14.798780 -2.859538 4.493921 0.082836 -0.077348 0.021113 0.996781 0.000175
14.999966 -2.980443 4.659058 0.113435 0.010548 -0.005380 0.999111 0.040448
15.199986 -3.134290 4.843884 0.129101 0.059699 -0.070374 0.994495 0.049624
15.399979 -3.257681 4.975102 0.113729 0.000286 -0.009681 0.999717 0.021748
15.596429 -3.359146 5.049055 0.133927 -0.091076 0.046407 0.994209 -0.033175
15.799798 -3.492051 5.169600 0.210332 -0.059129 -0.004727 0.994202 -0.089686
15.999986 -3.679052 5.303719 0.297718 0.131299 -0.030943 0.980193 -0.144998
16.199988 -3.821202 5.411488 0.410754 0.129119 -0.048752 0.971793 -0.191235
16.399987 -3.839076 5.499045 0.539062 0.067761 -0.083584 0.963870 -0.243675
16.599983 -3.776498 5.551442 0.644656 -0.011368 -0.076460 0.949617 -0.303730
16.799985 -3.710094 5.546568 0.721527 -0.009934 -0.049124 0.923975 -0.379154
16.999988 -3.663684 5.490936 0.761845 0.043786 -0.051060 0.887092 -0.456665
17.199990 -3.580484 5.406700 0.779154 0.037095 -0.083701 0.847740 -0.522450
17.399990 -3.416878 5.302384 0.784681 0.031208 0.071666 -0.816770 0.571645
17.599988 -3.219280 5.139212 0.774522 0.063660 0.028320 -0.789660 0.609576
17.799989 -3.034670 4.907720 0.759004 0.031102 -0.009924 -0.775673 0.630290
17.999990 -2.870592 4.653543 0.735942 -0.035016 -0.000828 -0.777004 0.628521
18.199988 -2.692003 4.424901 0.706663 0.020474 -0.034270 -0.792430 0.608655
18.399982 -2.516315 4.226219 0.683153 0.064253 -0.072314 -0.817491 0.567760
18.599977 -2.400601 4.044860 0.685733 0.036211 -0.073551 -0.855053 0.512019
18.799967 -2.370138 3.892789 0.691500 0.008116 -0.066535 -0.893044 0.444949
18.999927 -2.385119 3.790188 0.695449 -0.011675 0.039786 0.925448 -0.376598
19.199020 -2.417088 3.721951 0.694305 -0.051137 0.030105 0.947767 -0.313393
19.349986 -2.459654 3.675234 0.689439 -0.064912 0.040196 0.959041 -0.272783
19.549988 -2.569755 3.623994 0.674486 -0.055362 0.043471 0.969391 -0.235216
19.749989 -2.743552 3.600075 0.648248 -0.036541 0.022001 0.974581 -0.219937
19.949989 -2.957218 3.600177 0.613194 -0.035969 -0.010594 0.973016 -0.227669
20.149988 -3.196619 3.595062 0.572501 -0.042160 -0.022345 0.965523 -0.255908
20.399838 -3.527789 3.548357 0.524503 -0.019264 -0.027628 0.948238 -0.315770
20.599947 -3.791703 3.467756 0.488504 0.003781 -0.036870 0.924319 -0.379816
20.799970 -4.040552 3.349905 0.452503 0.018813 -0.033234 0.891094 -0.452209
20.999981 -4.269058 3.222445 0.425521 0.031973 -0.059462 0.846470 -0.528139
21.199986 -4.468250 3.085905 0.383085 0.019474 -0.101035 0.792984 -0.600490
21.399986 -4.613013 2.910154 0.339512 0.006146 0.095314 -0.738122 0.667873
21.599986 -4.706287 2.656990 0.288586 0.008504 0.046487 -0.685381 0.726649
21.799988 -4.779442 2.359277 0.231029 -0.023310 0.024152 -0.645871 0.762709
21.999990 -4.838673 2.065951 0.164621 -0.030179 0.036285 -0.632367 0.773230
22.199991 -4.872842 1.771673 0.103194 -0.025989 0.024765 -0.637445 0.769659
22.399991 -4.874030 1.478777 0.050133 -0.013555 0.010016 -0.649721 0.759986
22.599993 -4.860066 1.186960 0.009636 -0.057020 -0.031022 -0.639314 0.766201
22.799993 -4.855459 0.920916 -0.016115 -0.096651 -0.059693 -0.618320 0.777674
22.999993 -4.851201 0.743949 -0.020838 -0.065916 -0.021064 -0.589848 0.804544
23.199993 -4.834903 0.638546 -0.003705 -0.017051 -0.000793 -0.553542 0.832646
23.399993 -4.817257 0.547194 0.054390 -0.052296 -0.034969 -0.503975 0.861424
23.599993 -4.807285 0.483317 0.115451 -0.091632 -0.056399 -0.446712 0.888184
23.799993 -4.811656 0.502432 0.175468 -0.027731 -0.004417 -0.398969 0.916534
23.999991 -4.828434 0.564092 0.228402 0.111162 0.075104 -0.356994 0.924423
24.199992 -4.834838 0.569326 0.275124 0.070798 0.024041 -0.365375 0.927853
24.399993 -4.836392 0.454089 0.319813 -0.000232 -0.004643 -0.410196 0.911985
24.599992 -4.853789 0.320105 0.362873 0.015153 0.035141 -0.479697 0.876599
24.799992 -4.856749 0.175920 0.401898 0.050742 0.064850 -0.550311 0.830890
24.999993 -4.833351 -0.020089 0.481307 -0.119171 -0.082750 -0.604213 0.783504
25.199993 -4.808245 -0.127973 0.539125 -0.109027 -0.088709 -0.659821 0.738160
25.399992 -4.815121 -0.089603 0.634441 -0.042290 0.030326 -0.692619 0.719424
25.599992 -4.796358 -0.008648 0.719098 0.036411 0.049617 -0.700819 0.710679
25.799992 -4.776681 0.016480 0.791007 -0.032377 -0.080051 -0.691504 0.717193
25.999993 -4.794169 0.049317 0.855557 -0.115354 -0.088518 -0.659110 0.737856
26.199992 -4.819589 0.183042 0.893634 -0.064149 0.010848 -0.608452 0.790919
26.399989 -4.802361 0.381057 0.895353 0.026117 0.007905 -0.525066 0.850624
26.599991 -4.788753 0.577550 0.870373 -0.020378 0.001677 -0.442126 0.896720
26.799988 -4.800297 0.786369 0.839660 0.025987 0.098792 -0.381881 0.918549
26.999978 -4.777481 0.984157 0.833871 0.058849 0.146878 -0.350233 0.923201
27.199991 -4.642045 1.110038 0.816417 -0.033581 -0.071807 -0.349807 0.933462
27.399992 -4.501571 1.210839 0.808632 -0.083051 -0.079178 -0.361542 0.925268
27.599985 -4.442114 1.398087 0.790709 0.031432 0.149713 -0.393227 0.906626
27.799951 -4.311346 1.613809 0.795972 0.136873 0.184382 -0.416778 0.879525
27.999990 -4.058400 1.658261 0.768111 0.016056 -0.127896 -0.458745 0.879169
28.199991 -3.815426 1.641803 0.800445 0.049484 -0.242386 -0.493127 0.834042
28.399990 -3.823348 1.674687 0.807987 0.023195 0.023296 -0.501292 0.864653
28.599987 -3.989916 1.689234 0.797528 -0.089204 0.249979 -0.496158 0.826669
28.799990 -4.003465 1.677719 0.753119 0.007485 0.040221 -0.504259 0.862583
28.999991 -3.865024 1.663565 0.666315 0.048997 -0.070050 -0.501310 0.861035
29.199992 -3.741403 1.633370 0.598958 0.008529 -0.079382 -0.500899 0.861816
29.399993 -3.715434 1.612820 0.548553 -0.092111 -0.034477 -0.494594 0.863541
29.599991 -3.722908 1.652901 0.530339 0.042395 0.055429 -0.494568 0.866333
29.799991 -3.783904 1.686657 0.524311 0.009899 0.079266 -0.495111 0.865150
29.999992 -3.788371 1.669611 0.539424 -0.061533 -0.172986 -0.479271 0.858247
30.199992 -3.823949 1.706099 0.605397 -0.024010 -0.187369 -0.469127 0.862691
30.399990 -3.994472 1.869925 0.664900 -0.010838 0.038993 -0.449702 0.892261
30.599983 -4.216134 2.058318 0.728387 0.009716 0.098311 -0.414407 0.904714
30.799989 -4.369570 2.214185 0.773803 0.004907 0.023852 -0.378129 0.925433
30.999982 -4.472665 2.362174 0.795138 0.137629 0.044074 -0.350046 0.925518
31.199989 -4.591305 2.423153 0.825609 -0.006715 0.090405 -0.330712 0.939368
31.399990 -4.682066 2.429136 0.864074 0.015880 0.088311 -0.337900 0.936895
31.599987 -4.728156 2.413025 0.913837 0.055841 0.091248 -0.358072 0.927545
31.799989 -4.721144 2.338289 0.952769 0.049463 -0.000954 -0.393593 0.917952
31.999990 -4.721309 2.226542 0.985200 0.009749 -0.022084 -0.434461 0.900367
32.199988 -4.769623 2.108156 1.014296 -0.092724 0.128109 -0.468461 0.869215
32.399987 -4.759175 2.013063 1.047125 -0.053683 0.129113 -0.514418 0.846063
32.599982 -4.572822 1.931917 1.053049 0.094356 -0.063906 -0.542211 0.832478
32.799984 -4.414323 1.806287 1.078164 0.103722 -0.224410 -0.565555 0.786784
32.999987 -4.511379 1.689005 1.040982 0.006093 0.051303 -0.552777 0.831726
33.199986 -4.714332 1.568824 1.007837 -0.048090 0.145930 -0.530011 0.833954
33.399989 -4.795785 1.441941 0.978987 -0.037778 0.044385 -0.508125 0.859309
33.599992 -4.755858 1.324968 0.943988 -0.131302 -0.074916 -0.461077 0.874388
33.799991 -4.709324 1.288205 0.902306 -0.069401 -0.082592 -0.425178 0.898658
33.999988 -4.730892 1.377340 0.855393 0.026401 0.059935 -0.396282 0.915790
34.199984 -4.761616 1.462609 0.828668 0.075499 0.075523 -0.357326 0.927855
34.399989 -4.769006 1.463753 0.822355 -0.020191 0.057493 -0.324243 0.944009
34.599992 -4.737625 1.411822 0.828828 -0.130230 -0.069158 -0.275339 0.949972
34.799993 -4.723730 1.508241 0.823239 -0.064952 -0.027663 -0.233686 0.969746
34.999992 -4.754556 1.716641 0.817418 0.022684 0.070793 -0.165047 0.983480
35.199993 -4.762035 1.911852 0.831804 -0.011436 0.045364 -0.062269 0.996962
35.399994 -4.718612 2.091162 0.841985 -0.053927 0.048079 0.070318 0.994905
35.599993 -4.644618 2.338579 0.856384 0.019863 0.070796 0.222251 0.972213
35.799993 -4.514956 2.635758 0.881346 0.067948 0.038612 0.370278 0.925628
35.999992 -4.349561 2.893501 0.897392 0.065742 0.030096 0.519687 0.851292
36.199993 -4.131947 3.106433 0.933756 0.047333 -0.059191 0.638919 0.765531
36.399992 -3.883504 3.301916 0.956996 -0.023401 -0.151427 0.737387 0.657862
36.599992 -3.776672 3.436830 0.958644 0.017034 -0.120389 0.823911 0.553522
36.799991 -3.799622 3.479971 0.947943 0.056037 -0.055542 0.893947 0.441172
36.999985 -3.839437 3.456314 0.907988 0.005213 0.006570 0.947481 0.319701
37.199979 -3.864428 3.451945 0.852042 -0.068578 -0.023864 0.978666 0.192196
37.399983 -3.921732 3.484696 0.801788 -0.076750 -0.090061 0.991022 0.062237
37.599982 -4.059856 3.478422 0.739722 -0.030565 -0.104623 0.991472 -0.071440
37.799983 -4.243387 3.382049 0.680805 0.020478 -0.067367 0.976779 -0.202350
37.999983 -4.409149 3.190081 0.610497 0.030956 -0.038598 0.945171 -0.322805
38.199982 -4.538933 2.952098 0.546037 0.003018 -0.047655 0.902652 -0.427715
38.399984 -4.656887 2.695581 0.485106 0.005279 -0.078957 0.853279 -0.515415
38.599987 -4.771944 2.410372 0.427943 -0.031266 0.069584 -0.803963 0.589766
38.799989 -4.850259 2.111042 0.375714 -0.044007 0.036220 -0.760163 0.647228
38.999990 -4.886223 1.814967 0.321719 -0.028125 0.010278 -0.724587 0.688532
39.199991 -4.898330 1.523722 0.274160 -0.015784 0.017211 -0.699148 0.714596
39.399992 -4.897072 1.226936 0.218837 -0.011657 0.028551 -0.684425 0.728431
39.599992 -4.885282 0.916131 0.174435 -0.013248 0.023600 -0.678966 0.733670
39.799993 -4.869278 0.602879 0.139532 -0.017043 0.014523 -0.682492 0.730550
39.999993 -4.849906 0.289094 0.104240 -0.008481 0.009219 -0.691859 0.721924
40.199993 -4.832879 -0.027201 0.081138 0.000737 0.007906 -0.705320 0.708845
40.399992 -4.824353 -0.341301 0.086929 0.003459 0.000313 -0.721525 0.692380
40.599993 -4.814258 -0.648386 0.107438 0.007986 -0.007598 -0.739226 0.673367
40.799993 -4.807238 -0.945994 0.122616 0.006798 -0.011756 -0.760983 0.648629
40.999994 -4.799909 -1.228537 0.149473 0.007576 -0.012240 -0.792274 0.609995
41.199994 -4.801237 -1.499747 0.178754 0.043046 -0.031981 -0.835725 0.546524
41.399994 -4.844243 -1.770276 0.193360 0.066710 -0.027515 -0.888728 0.452721
41.599993 -4.960611 -2.027964 0.192285 -0.052896 0.018897 0.945110 -0.321890
41.799992 -5.140621 -2.339423 0.184824 -0.028191 0.024553 0.986498 -0.159448
41.999987 -5.329802 -2.632258 0.175422 -0.046072 0.070157 0.996398 0.012142
42.199981 -5.514420 -2.864081 0.140404 0.073953 0.110805 0.970354 0.201661
42.399990 -5.683710 -2.986897 0.064083 0.136007 0.137225 0.924417 0.328822
42.599948 -5.713124 -3.074201 0.080451 0.063701 0.406527 0.856239 0.312301
42.799991 -5.564719 -2.898066 0.023461 -0.145508 -0.202215 0.926336 0.282558
42.999992 -5.540442 -2.709824 0.111299 -0.103702 -0.293151 0.917523 0.247912
43.199992 -5.746169 -2.751048 0.168318 -0.013069 -0.213407 0.944805 0.248254
43.399989 -6.029174 -3.125537 0.141879 0.059071 0.132256 0.938457 0.313557
43.599852 -6.222361 -3.507577 0.227186 -0.032676 0.356621 0.864884 0.351751
43.799984 -6.279307 -3.614914 0.319686 -0.128929 0.202506 0.842384 0.482449
43.999993 -6.313310 -3.431769 0.371263 0.019368 -0.086453 0.793348 0.602287
44.199994 -6.395012 -3.182265 0.398550 0.132640 -0.028026 0.729990 0.669877
44.399994 -6.478930 -3.044695 0.410209 0.123232 0.054897 0.675388 0.725018
44.599994 -6.468915 -2.982103 0.403493 0.057234 0.075452 0.632533 0.768722
44.799994 -6.370191 -2.920529 0.373178 0.011138 -0.030978 0.564716 0.824629
44.999994 -6.274475 -2.872466 0.340178 0.073259 -0.014821 0.467755 0.880692
45.199994 -6.195971 -2.877672 0.306075 0.056868 0.048883 0.346489 0.935052
45.399994 -6.086238 -2.969355 0.263289 0.016857 0.041893 0.199185 0.978921
45.599992 -5.922062 -3.113282 0.225405 0.038452 -0.012259 0.032424 0.998659
45.799989 -5.759387 -3.334448 0.203582 0.062225 0.001887 -0.138280 0.988435
45.999986 -5.634537 -3.599299 0.184064 0.009335 0.009202 -0.304638 0.952378
46.199986 -5.489672 -3.901471 0.174233 0.015283 -0.000376 -0.448543 0.893631
46.399989 -5.332042 -4.170840 0.176650 0.031686 -0.022641 -0.566299 0.823279
46.599991 -5.175212 -4.446690 0.190412 0.033800 -0.040033 -0.656177 0.752786
46.799991 -5.075007 -4.728576 0.211136 -0.044251 -0.092850 -0.723026 0.683121
46.999991 -5.032916 -4.969719 0.224873 -0.076388 -0.122349 -0.759971 0.633750
47.199990 -5.020707 -5.094707 0.231059 -0.013246 0.002967 -0.770694 0.637061
47.399987 -4.981808 -5.184996 0.229299 0.078858 0.075679 -0.744405 0.658723
47.599987 -4.921751 -5.379478 0.234826 0.042375 -0.004120 -0.710323 0.702587
47.799988 -4.892668 -5.629781 0.226411 -0.031676 -0.064181 -0.699029 0.711503
47.999990 -4.893300 -5.822478 0.214190 -0.024983 -0.002756 -0.766098 0.642232
48.199991 -4.892628 -5.951788 0.186791 0.029517 0.064396 -0.872842 0.482833
48.399993 -4.893957 -6.154303 0.177117 -0.057701 -0.016954 0.953456 -0.295475
48.599994 -4.909816 -6.448588 0.176604 -0.091560 0.073975 0.984365 -0.131034
48.799994 -4.998809 -6.710214 0.200138 -0.063164 0.094632 0.993481 0.007147
48.999994 -5.161392 -6.871605 0.224835 0.004189 0.072873 0.988242 0.134349
49.199994 -5.323387 -6.966313 0.253415 0.110173 0.078755 0.958061 0.252546
49.399994 -5.377282 -7.037557 0.279356 0.055498 0.094674 0.929830 0.351244
49.599994 -5.333867 -7.074756 0.293785 -0.039640 0.086027 0.890193 0.445628
49.799994 -5.298494 -7.036830 0.305611 -0.044705 0.056809 0.834182 0.546732
49.999994 -5.295288 -6.947009 0.309458 0.017339 0.066294 0.766838 0.638172
50.199994 -5.268997 -6.847750 0.303658 0.001068 0.085100 0.693270 0.715635
50.399994 -5.178646 -6.736306 0.298693 -0.063948 0.065248 0.611763 0.785748
50.599994 -5.058997 -6.563212 0.302624 -0.066899 0.014945 0.525863 0.847803
50.799994 -4.960590 -6.322414 0.307482 -0.011976 -0.000668 0.443047 0.896418
50.999994 -4.877822 -6.050462 0.309194 -0.014554 0.032763 0.359352 0.932513
51.199993 -4.789327 -5.755711 0.311143 -0.004004 0.037179 0.280688 0.959070
51.399992 -4.663127 -5.482766 0.313521 0.032022 0.026687 0.215589 0.975594
51.599990 -4.509572 -5.254855 0.312583 0.059085 0.040632 0.161507 0.984263
51.799987 -4.316484 -5.084811 0.310348 0.029702 0.070258 0.118675 0.989999
51.999986 -4.065053 -4.933772 0.321481 0.043608 0.026484 0.082539 0.995281
52.199982 -3.780280 -4.790251 0.340575 0.048770 0.023961 0.056000 0.996951
52.399974 -3.477778 -4.678383 0.362023 0.034424 0.015067 0.036757 0.998617
52.599951 -3.151551 -4.614629 0.376478 0.032869 -0.031835 0.022796 0.998692
52.799974 -2.838342 -4.596663 0.375693 0.023402 -0.034045 0.016069 0.999017
52.999981 -2.552643 -4.616755 0.377823 0.002948 -0.030357 0.033639 0.998969
53.199987 -2.307308 -4.646049 0.375258 0.013483 -0.095677 0.060572 0.993476
53.399990 -2.117162 -4.685663 0.346922 0.003823 -0.123558 0.104488 0.986814
53.599987 -2.018471 -4.730709 0.320909 -0.011799 -0.039772 0.161364 0.986023
53.799985 -1.962592 -4.778208 0.314483 -0.023549 -0.035569 0.221085 0.974321
53.999989 -1.916309 -4.823501 0.310401 -0.042418 -0.118455 0.290361 0.948609
54.199985 -1.950942 -4.862947 0.314672 -0.019273 -0.039580 0.348077 0.936432
54.399981 -2.042526 -4.898940 0.331223 -0.038280 -0.008254 0.407554 0.912341
54.599988 -2.137123 -4.916442 0.358320 -0.072664 -0.052680 0.467385 0.879486
54.799989 -2.280373 -4.901850 0.403652 -0.067120 -0.051105 0.524100 0.847468
54.999989 -2.479162 -4.860262 0.457252 -0.049356 -0.028367 0.575157 0.816060
55.199987 -2.729030 -4.806405 0.522592 -0.047373 0.013399 0.616643 0.785702
55.399985 -2.997310 -4.731883 0.593467 0.090643 0.080217 0.636755 0.761506
55.599984 -3.196102 -4.655611 0.654022 0.120234 0.077248 0.645418 0.750341
55.799984 -3.277471 -4.616623 0.680815 0.045089 0.054770 0.648283 0.758088
55.999984 -3.275518 -4.586196 0.678779 0.005482 -0.004343 0.621579 0.783320
56.199978 -3.263104 -4.558942 0.658385 0.059707 0.043903 0.568523 0.819322
56.399960 -3.228013 -4.558360 0.631732 0.052206 0.076917 0.499910 0.861074
56.599922 -3.131358 -4.584753 0.579468 0.017525 0.060378 0.412518 0.908777
56.799951 -2.979158 -4.602056 0.518748 0.015684 0.013679 0.314585 0.949001
56.999920 -2.809929 -4.628730 0.455547 0.024650 0.056515 0.220767 0.973376
57.199957 -2.614384 -4.674512 0.391018 0.000958 0.063392 0.130916 0.989364
57.399981 -2.372496 -4.712955 0.331045 -0.004141 0.015636 0.055076 0.998351
57.599987 -2.103544 -4.737435 0.270441 -0.006916 0.000014 -0.004989 0.999964
57.799990 -1.835859 -4.749778 0.231399 -0.005939 -0.004845 -0.047539 0.998840
57.999993 -1.568039 -4.754787 0.200976 0.004032 -0.135736 -0.057068 0.989092
58.199993 -1.372390 -4.764939 0.152496 -0.012912 -0.094894 -0.052323 0.994028
58.399991 -1.287781 -4.764832 0.147145 -0.014620 0.028269 -0.013235 0.999406
58.599991 -1.192096 -4.757615 0.168612 -0.010525 -0.052900 0.051575 0.997212
58.799992 -1.110272 -4.741769 0.171162 -0.013417 -0.154254 0.142263 0.977644
58.999990 -1.125556 -4.730308 0.158621 -0.012044 -0.060546 0.244361 0.967717
59.199988 -1.207197 -4.729758 0.156954 0.003083 -0.012466 0.356048 0.934379
59.399990 -1.310353 -4.734035 0.164951 -0.023686 -0.077491 0.464605 0.881803
59.599991 -1.438372 -4.733356 0.183001 -0.029921 -0.079031 0.576293 0.812863
59.799991 -1.635850 -4.737834 0.207816 -0.018119 -0.039125 0.675402 0.736188
59.999993 -1.871111 -4.762450 0.238143 -0.031618 -0.017942 0.756195 0.653336
60.199993 -2.125009 -4.795385 0.270265 -0.054558 -0.003596 0.819433 0.570561
60.399994 -2.411770 -4.808553 0.296541 -0.055538 0.009530 0.866384 0.496190
60.599994 -2.725043 -4.794315 0.329762 -0.033147 0.036392 0.899562 0.434010
60.799994 -3.043889 -4.746928 0.363268 -0.023393 0.061590 0.919013 0.388684
60.999993 -3.362863 -4.642437 0.383838 -0.029478 0.067082 0.926768 0.368419
61.199993 -3.624187 -4.486218 0.396755 -0.020052 0.056285 0.926699 0.371024
61.399992 -3.782874 -4.296234 0.399576 0.013378 0.057614 0.916520 0.395593
61.599992 -3.926380 -4.076284 0.387842 0.033828 0.058318 0.893949 0.443070
61.799991 -4.075201 -3.837195 0.358786 0.006477 0.072354 0.858207 0.508137
61.999989 -4.268193 -3.563805 0.323132 -0.010908 0.060757 0.812216 0.580082
62.199989 -4.483198 -3.254675 0.282429 0.029524 0.014435 0.765679 0.642383
62.399991 -4.674812 -2.948355 0.240675 0.065674 0.008765 0.726918 0.683521
62.599991 -4.805057 -2.678191 0.197221 0.045131 0.048020 0.705234 0.705906
62.799991 -4.845126 -2.429036 0.157958 -0.000886 0.067749 0.698094 0.712793
62.999992 -4.809282 -2.151402 0.133077 0.013751 0.006962 0.697762 0.716164
63.199993 -4.737922 -1.859022 0.133872 0.112000 -0.085019 0.692350 0.707728
63.399992 -4.646525 -1.646785 0.131355 -0.029576 -0.118925 0.700088 0.703462
63.599989 -4.654075 -1.512868 0.128507 -0.068345 0.020743 0.707669 0.702925
63.799986 -4.736725 -1.361661 0.134103 -0.034118 0.079564 0.727267 0.680873
63.999987 -4.825290 -1.143447 0.151984 0.036865 0.009680 0.771698 0.634846
64.199987 -4.862532 -0.913890 0.153858 0.049564 -0.044337 0.837105 0.542985
64.399982 -4.835980 -0.743660 0.159716 0.018069 -0.017993 0.911418 0.410691
64.599982 -4.809206 -0.600680 0.160979 -0.019076 0.015949 0.969561 0.243583
64.799990 -4.760449 -0.419126 0.155394 -0.001869 -0.013837 0.997240 0.072925
64.999993 -4.730183 -0.250750 0.153662 0.003794 -0.060813 0.990773 -0.121059
65.199994 -4.710674 -0.111423 0.153986 -0.003698 -0.045752 0.953171 -0.298929
65.399994 -4.754238 -0.030390 0.157747 -0.018984 -0.046200 0.883610 -0.465552
65.599994 -4.817948 0.004890 0.169684 -0.036029 -0.051309 0.812206 -0.579992
65.799993 -4.855715 0.000717 0.179395 0.028240 0.043592 -0.781441 0.621814
65.999993 -4.869695 -0.020013 0.184681 0.018896 0.037055 -0.791559 0.609676
66.199994 -4.857021 -0.056307 0.180823 0.025622 0.042589 -0.814414 0.578151
66.399994 -4.832162 -0.130046 0.174683 -0.021662 -0.044951 -0.828640 0.557554
66.599994 -4.823729 -0.206767 0.153859 0.076768 0.173889 -0.812168 0.551591
66.799994 -4.802996 -0.381103 0.139596 0.064233 0.061393 -0.799989 0.593399
66.999993 -4.800949 -0.653286 0.115591 -0.000845 -0.018059 -0.761360 0.648077
67.199993 -4.811122 -0.958457 0.068783 -0.009373 0.014543 -0.707813 0.706188
67.399992 -4.834575 -1.248855 0.037080 0.026304 0.028662 -0.648202 0.760474
67.599991 -4.831534 -1.542256 0.013099 0.027137 0.027132 -0.587470 0.808336
67.799992 -4.808108 -1.882274 0.006209 -0.010364 0.004597 -0.526775 0.849929
67.999992 -4.776575 -2.200382 0.000739 -0.018438 0.022277 -0.464020 0.885352
68.199992 -4.735364 -2.493054 0.003268 -0.008959 0.028820 -0.406284 0.913248
68.399991 -4.675200 -2.776070 0.012195 -0.008125 0.023163 -0.352491 0.935493
68.599991 -4.597397 -3.064171 0.023229 -0.017924 0.025288 -0.305162 0.951796
68.799990 -4.497626 -3.348219 0.032642 -0.027949 0.037929 -0.262305 0.963834
68.999990 -4.365809 -3.608187 0.042844 -0.037072 0.037774 -0.224154 0.973116
69.199989 -4.199917 -3.815063 0.047797 -0.051719 0.031229 -0.189702 0.979981
69.399989 -3.974356 -4.006736 0.052065 -0.064942 0.028122 -0.154911 0.985390
69.599987 -3.700606 -4.201203 0.051346 -0.062268 0.027581 -0.126435 0.989634
69.799985 -3.395302 -4.394351 0.054136 -0.053546 0.013330 -0.101960 0.993257
69.999985 -3.078131 -4.560287 0.061818 -0.044136 -0.002513 -0.080672 0.995760
70.199987 -2.766109 -4.682013 0.068221 -0.042401 -0.008070 -0.067533 0.996783
70.399988 -2.474460 -4.749644 0.087406 -0.032974 -0.008225 -0.065210 0.997293
70.599989 -2.198512 -4.772488 0.118052 -0.022582 -0.007254 -0.076379 0.996797
70.799991 -1.933599 -4.772749 0.160824 -0.016127 -0.009126 -0.100203 0.994794
70.999992 -1.675714 -4.772920 0.205959 -0.013617 -0.010545 -0.134162 0.990810
71.199993 -1.428394 -4.780224 0.241209 -0.007328 -0.008222 -0.175864 0.984353
71.399994 -1.191786 -4.793071 0.264402 -0.002462 -0.008660 -0.222399 0.974914
71.599994 -0.990880 -4.798917 0.285413 -0.001929 -0.011036 -0.273246 0.961879
71.799994 -0.775446 -4.796120 0.291768 -0.008271 -0.013871 -0.324693 0.945682
71.999994 -0.563643 -4.773934 0.275317 0.023446 0.007388 -0.383292 0.923300
72.199994 -0.366478 -4.753992 0.234049 0.050000 0.007779 -0.444059 0.894567
72.399994 -0.152737 -4.775955 0.178695 0.032175 -0.078379 -0.503537 0.859809
72.599994 0.024895 -4.808705 0.132297 -0.030920 -0.089314 -0.554471 0.826818
72.799993 0.151711 -4.778979 0.086395 -0.001486 -0.022236 -0.618416 0.785535
72.999991 0.265603 -4.707374 0.072925 0.082107 -0.002344 -0.712804 0.696537
73.199987 0.369830 -4.686492 0.081220 0.154763 -0.028653 -0.794078 0.587084
73.399988 0.408093 -4.737415 0.102261 0.096730 -0.072206 -0.848471 0.515293
73.599989 0.349277 -4.813850 0.117679 0.003980 -0.048386 -0.860842 0.506552
73.799991 0.247626 -4.860498 0.141850 -0.013372 0.030433 -0.832199 0.553480
73.999989 0.179384 -4.911400 0.161289 0.087472 0.030111 -0.780524 0.618242
74.199989 0.109584 -5.030943 0.168044 0.075931 0.020608 -0.737513 0.670735
74.399991 0.021903 -5.237811 0.178034 -0.014421 0.013023 -0.725846 0.687583
74.599992 -0.048050 -5.461937 0.194833 -0.047513 0.046696 -0.745160 0.663550
74.799991 -0.052968 -5.668138 0.205104 -0.025820 0.060386 -0.792560 0.606247
74.999987 -0.007965 -5.894653 0.202877 0.050365 -0.006184 -0.851487 0.521915
75.199989 0.014166 -6.163140 0.187425 0.053999 -0.079727 -0.902148 0.420543
75.399991 -0.028937 -6.419670 0.190458 0.020369 0.086976 0.947359 -0.307461
75.599991 -0.132186 -6.601636 0.216483 0.043735 0.061412 0.981518 -0.175890
75.799992 -0.202535 -6.701416 0.269902 -0.041946 0.022575 0.998511 -0.026578
75.999994 -0.255287 -6.782177 0.369642 -0.113424 0.005928 0.982857 0.145229
76.199994 -0.400641 -6.885937 0.478199 0.003398 -0.013892 0.949262 0.314160
76.399994 -0.565546 -6.996669 0.613272 0.110714 -0.006773 0.887758 0.446746
76.599994 -0.651952 -7.147959 0.751396 0.032625 0.068336 0.841440 0.535019
76.799994 -0.653631 -7.295154 0.860904 -0.106690 0.117121 0.797940 0.581543
76.999993 -0.645207 -7.326101 0.947222 -0.090978 0.103735 0.766314 0.627475
77.199993 -0.657296 -7.225182 0.991363 0.041235 0.049061 0.744179 0.664898
77.399993 -0.629632 -7.105196 0.994634 0.035892 0.068840 0.718308 0.691380
77.599992 -0.527623 -7.015581 0.953276 -0.059416 0.090278 0.685416 0.720087
77.799994 -0.374619 -6.881713 0.886084 -0.106750 0.012826 0.638598 0.761992
77.999994 -0.249466 -6.667392 0.806327 -0.017286 -0.037302 0.592636 0.804421
78.199993 -0.172304 -6.429784 0.721981 -0.018432 0.017701 0.532052 0.846326
78.399993 -0.105956 -6.192248 0.638526 -0.058660 0.039292 0.464849 0.882570
78.599993 -0.029931 -5.899422 0.557959 -0.025392 0.009698 0.393479 0.918932
78.799990 0.063986 -5.563345 0.481373 0.038706 0.001680 0.319725 0.946718
78.999989 0.171663 -5.260029 0.420323 0.060979 0.053140 0.245688 0.965968
79.199990 0.327214 -5.026466 0.355583 0.036808 0.050801 0.170007 0.983444
79.399991 0.538589 -4.832602 0.297034 0.046942 -0.002010 0.091363 0.994709
79.599992 0.767495 -4.666660 0.241949 0.047103 0.003654 0.019324 0.998696
79.799993 1.003683 -4.538498 0.176626 0.019719 0.033923 -0.048029 0.998075
79.999994 1.270027 -4.428580 0.132670 0.037141 0.026830 -0.108668 0.993022
80.199994 1.548480 -4.356877 0.103510 0.055230 -0.008337 -0.162496 0.985127
80.399994 1.814333 -4.331573 0.072681 0.035549 -0.007136 -0.204934 0.978104
80.599994 2.095771 -4.340570 0.084718 0.008007 0.007883 -0.226945 0.973843
80.799994 2.405248 -4.365298 0.108513 0.027567 0.003652 -0.229302 0.972958
80.999993 2.723087 -4.401449 0.130587 0.083770 0.013072 -0.213414 0.973276
81.199993 3.031456 -4.520621 0.185729 -0.069977 -0.025819 -0.199213 0.977113
81.399993 3.348266 -4.630155 0.196687 -0.172263 -0.046249 -0.168135 0.969493
81.599991 3.649883 -4.573368 0.205903 -0.007927 -0.001513 -0.167953 0.985762
81.799989 3.936033 -4.456490 0.249114 0.061087 -0.089645 -0.189620 0.975846
81.999989 4.157464 -4.408113 0.317769 -0.016598 -0.155180 -0.223081 0.962226
82.199989 4.270179 -4.384243 0.387649 -0.060914 -0.016090 -0.263059 0.962721
82.399986 4.370365 -4.310385 0.445147 0.020968 0.001576 -0.311946 0.949867
82.599981 4.484743 -4.221677 0.519076 0.088767 -0.087667 -0.372258 0.919706
82.799984 4.519965 -4.162813 0.598387 0.045925 -0.088101 -0.444315 0.890344
82.999988 4.455237 -4.129634 0.651392 0.001125 -0.018146 -0.519678 0.854169
83.199989 4.371253 -4.103241 0.692204 0.045532 -0.006793 -0.593183 0.803751
83.399990 4.277055 -4.096382 0.724740 0.086688 -0.008554 -0.656594 0.749197
83.599991 4.138393 -4.145328 0.743604 0.063663 -0.016808 -0.709605 0.701517
83.799992 3.952516 -4.239955 0.753117 0.012487 0.012725 -0.745478 0.666291
83.999992 3.756605 -4.355320 0.744350 0.008435 0.053576 -0.758530 0.649377
84.199991 3.586737 -4.499985 0.722495 0.022289 0.072041 -0.751034 0.655943
84.399991 3.444163 -4.701792 0.684258 -0.005443 0.061628 -0.723710 0.687326
84.599990 3.332707 -4.949216 0.635429 -0.028619 0.057877 -0.675621 0.734416
84.799990 3.259075 -5.210173 0.571463 -0.027002 0.045890 -0.610610 0.790139
84.999990 3.235096 -5.475391 0.501860 -0.037847 0.015569 -0.525363 0.849893
85.199991 3.212606 -5.720095 0.418002 -0.068948 0.002768 -0.423696 0.903172
85.399992 3.273980 -5.926832 0.364520 -0.089465 0.012586 -0.321105 0.942724
85.599991 3.362669 -6.085063 0.323701 -0.018902 0.059574 -0.246551 0.967112
85.799991 3.489153 -6.239859 0.305279 -0.007029 0.046119 -0.186776 0.981294
85.999992 3.669676 -6.403150 0.284229 -0.035666 -0.105772 -0.130641 0.985126
86.199993 3.806909 -6.517892 0.278472 -0.039128 -0.165200 -0.099919 0.980405
86.399992 3.787626 -6.576919 0.308453 -0.053591 0.006492 -0.098581 0.993664
86.599992 3.745233 -6.581480 0.330641 -0.039491 0.014080 -0.098664 0.994237
86.799992 3.748160 -6.561983 0.354510 -0.043062 -0.121010 -0.079370 0.988536
86.999992 3.701905 -6.517718 0.356085 -0.065610 -0.078567 -0.060349 0.992915
87.199992 3.561474 -6.431375 0.385026 -0.058710 0.054111 -0.031765 0.996301
87.399992 3.451476 -6.291160 0.403603 -0.045496 0.031826 0.025340 0.998136
87.599992 3.387127 -6.118716 0.413588 -0.066085 -0.009854 0.095419 0.993192
87.799991 3.335849 -5.906649 0.413114 -0.052470 0.036609 0.168770 0.983577
87.999988 3.268478 -5.656241 0.405219 -0.016146 0.082423 0.251822 0.964122
88.199984 3.245369 -5.367002 0.389530 -0.016789 0.051645 0.337907 0.939612
88.399989 3.275011 -5.055486 0.366175 -0.001019 0.033414 0.417787 0.907930
88.599990 3.338612 -4.738470 0.336252 0.015555 0.045084 0.490287 0.870255
88.799990 3.454867 -4.407107 0.302290 0.014663 0.036666 0.559068 0.828181
88.999990 3.615699 -4.079814 0.260532 -0.010389 0.011285 0.619182 0.785098
89.199990 3.779740 -3.753549 0.219784 -0.019496 -0.006040 0.671267 0.740935
89.399989 3.922814 -3.428402 0.178706 -0.023901 -0.010892 0.715339 0.698284
89.599988 4.044731 -3.102203 0.144120 -0.003851 -0.020970 0.750207 0.660860
89.799990 4.161554 -2.784781 0.112272 -0.075628 -0.032446 0.763238 0.640855
89.999991 4.244229 -2.480692 0.112513 -0.080815 -0.028906 0.764358 0.639054
90.199992 4.262326 -2.207780 0.111433 -0.053218 -0.033401 0.783843 0.617771
90.399992 4.226504 -1.911833 0.103796 -0.037705 -0.031121 0.830179 0.555349
90.599992 4.164754 -1.642749 0.072486 -0.043016 -0.010634 0.882639 0.467958
90.799992 4.087904 -1.401269 0.045709 -0.056563 -0.007104 0.922542 0.381662
90.999991 3.950852 -1.128414 0.027367 -0.075357 0.032473 0.946226 0.312927
91.199988 3.754519 -0.822473 0.014554 -0.062959 0.018361 0.956478 0.284341
91.399990 3.522207 -0.489591 0.013211 -0.018152 0.006503 0.955433 0.294576
91.599990 3.284709 -0.173698 0.012738 -0.001961 0.009279 0.944788 0.327545
91.799990 3.068224 0.114974 -0.013523 -0.041832 0.012866 0.929781 0.365503
91.999989 2.841249 0.393023 -0.018640 -0.070685 0.004052 0.913276 0.401141
92.199989 2.563283 0.684812 -0.023202 -0.051732 0.001190 0.901071 0.430573
92.399989 2.242493 0.980537 -0.026891 -0.031879 0.009986 0.887321 0.459940
92.599987 1.915644 1.270112 -0.024114 -0.027570 0.017004 0.867444 0.496480
92.799982 1.602420 1.559449 -0.022188 -0.034676 0.016558 0.843430 0.535863
92.999888 1.294780 1.851535 -0.008268 -0.018329 0.015635 0.818294 0.574294
93.199981 0.981810 2.150733 0.097090 0.384227 -0.022297 0.707267 0.592997
93.399979 0.828417 2.294682 0.165585 0.346503 0.001008 0.704099 0.619822
93.599966 0.900491 2.162110 0.109105 0.144466 0.008108 0.757782 0.636263
93.799915 1.246587 1.894250 0.063451 -0.347522 0.077007 0.727671 0.586339
93.999967 1.455803 1.807701 0.060674 -0.219050 -0.055411 0.764964 0.603139
94.199980 1.407677 1.888037 0.016251 0.047563 -0.040803 0.798896 0.598196
94.399964 1.251983 1.923177 0.005607 0.135550 0.046295 0.785669 0.601837
94.591667 1.204136 1.860579 0.037784 -0.049050 0.129423 0.792419 0.594068
94.799937 1.301806 1.838006 0.027989 -0.169169 0.001264 0.784705 0.596337
94.999982 1.365557 1.885332 0.009301 -0.022418 -0.079892 0.798219 0.596625
95.199958 1.354875 1.888594 -0.011353 0.050853 0.019694 0.794951 0.604218
95.399865 1.332218 1.824401 -0.012354 -0.017158 0.066130 0.794827 0.602978
95.599806 1.347261 1.784509 0.005857 -0.086441 0.038668 0.793462 0.601207
95.799966 1.359760 1.813924 0.007096 -0.049759 -0.027459 0.796589 0.601844
95.999959 1.340461 1.850657 0.005649 -0.001769 -0.005801 0.796467 0.604652
96.199890 1.318752 1.850831 0.006559 -0.018594 0.034180 0.794051 0.606605
96.399867 1.324117 1.835164 0.010679 -0.048695 0.032518 0.792960 0.606453
96.599928 1.344122 1.833661 0.001998 -0.043012 0.005187 0.793825 0.606601
96.799948 1.352528 1.838350 -0.007585 -0.023424 0.000278 0.794672 0.606586
96.999896 1.345326 1.834295 -0.013098 -0.024215 0.017359 0.794152 0.606988
97.199860 1.337752 1.826432 -0.003517 -0.036404 0.023749 0.793715 0.606735
97.399887 1.338150 1.825820 0.001162 -0.036446 0.014279 0.794282 0.606287
97.599941 1.341838 1.830787 0.003568 -0.030126 0.008567 0.794597 0.606329
97.799895 1.343421 1.833990 0.004641 -0.028476 0.012010 0.794317 0.606717
97.999894 1.343652 1.830367 0.002469 -0.030856 0.015815 0.794288 0.606551
98.199894 1.343199 1.827471 0.000355 -0.031519 0.014716 0.794187 0.606677
98.399880 1.342584 1.828236 -0.003090 -0.029592 0.012864 0.794229 0.606761
98.599880 1.343203 1.829778 -0.004049 -0.029016 0.013702 0.794211 0.606794
98.799880 1.343897 1.830952 -0.005996 -0.028821 0.014203 0.794198 0.606809
98.999880 1.344227 1.831484 -0.007498 -0.028627 0.014218 0.794107 0.606937
99.199881 1.344372 1.831199 -0.007804 -0.028243 0.014226 0.794068 0.607006
99.399881 1.344713 1.830125 -0.007547 -0.028322 0.014200 0.794136 0.606914
99.599881 1.344916 1.828946 -0.007513 -0.028426 0.014253 0.794177 0.606854
99.799881 1.344872 1.828745 -0.007322 -0.028430 0.014281 0.794175 0.606856
99.999881 1.344848 1.829074 -0.006761 -0.028481 0.014363 0.794175 0.606852
100.199881 1.344790 1.829505 -0.006419 -0.028520 0.014304 0.794174 0.606852
100.399881 1.344783 1.829485 -0.006383 -0.028450 0.014313 0.794148 0.606890
