0.800000 -0.000378 -0.000435 -0.000133 0.000026 -0.000047 -0.000075 1.000000
8.600000 -0.009257 0.004636 0.018434 -0.138225 -0.133320 0.012136 0.981312
9.050000 -0.295107 0.286193 -0.048541 0.016412 0.050418 0.005454 0.998578
9.200000 -0.460645 0.447255 -0.091469 -0.033879 -0.058982 0.004114 0.997675
9.650000 -0.892310 0.790120 -0.067535 0.073809 0.033017 0.027645 0.996342
10.000000 -1.325655 0.996158 0.037782 -0.048576 -0.084611 0.040964 0.994386
10.450000 -1.800412 1.204839 0.292708 -0.002322 0.071079 0.036776 0.996790
10.650000 -2.038510 1.324799 0.444136 -0.119636 0.130379 0.004583 0.984209
10.800000 -2.154132 1.544329 0.516230 0.035288 -0.010898 -0.032378 0.998793
11.050000 -2.246688 1.770725 0.557503 0.192669 0.006203 -0.076195 0.978281
11.250000 -2.359345 1.816704 0.637372 0.006031 0.067259 -0.136695 0.988309
11.450000 -2.439098 1.727183 0.702531 -0.205879 -0.030064 -0.196530 0.958168
11.850000 -2.499911 2.084767 0.680323 0.006138 0.063240 -0.343865 0.936867
12.250000 -2.441707 2.634481 0.578464 -0.040967 -0.099802 -0.375809 0.920396
12.650000 -2.593450 3.256066 0.442750 0.031970 -0.008702 -0.275112 0.960841
13.000000 -2.771198 3.861498 0.242172 -0.006991 0.091538 -0.104230 0.990307
13.450000 -2.701673 4.436641 0.148015 0.021108 -0.040089 0.024113 0.998682
13.650000 -2.590199 4.723367 0.087528 0.134948 -0.047218 0.038815 0.988966
13.800000 -2.551919 4.910725 0.009680 0.051625 0.143965 0.042962 0.987301
14.250000 -2.164648 5.156085 -0.048698 0.030695 -0.052285 -0.054107 0.996693
14.650000 -1.718950 5.375651 -0.036311 0.061568 -0.108733 -0.195585 0.972694
15.050000 -1.667819 5.453556 -0.025316 0.029480 0.004946 -0.388806 0.920835
15.200000 -1.654579 5.474932 -0.000138 0.075808 -0.041858 -0.508944 0.856433
15.400000 -1.681184 5.446166 0.026793 0.064899 -0.059967 -0.635016 0.767429
15.600000 -1.807850 5.369993 0.066892 0.026824 -0.045308 -0.759227 0.648693
15.850000 -1.999914 5.320800 0.117682 0.023825 -0.008696 -0.854412 0.518976
16.050000 -2.153852 5.341826 0.174224 -0.055325 0.003744 0.923848 -0.378722
16.200000 -2.304651 5.365337 0.234484 -0.070067 0.018142 0.965046 -0.251887
16.400000 -2.464328 5.372701 0.292907 -0.048768 0.024513 0.988317 -0.142306
16.800000 -2.943213 5.271025 0.409401 -0.006580 -0.008275 0.999893 -0.010074
17.200000 -3.490729 5.218155 0.470350 -0.012015 0.002810 0.999659 0.023007
17.600000 -4.118374 5.305959 0.448811 0.005356 0.005582 0.999502 0.030603
18.000000 -4.718752 5.312704 0.391849 0.109823 0.003639 0.989283 0.096151
18.400000 -5.053738 5.263635 0.354470 0.039092 -0.000217 0.971718 0.232884
18.800000 -5.201004 5.298726 0.372407 0.042043 0.024209 0.900197 0.432772
19.000000 -5.256050 5.324333 0.393763 0.061290 0.046435 0.834640 0.545401
19.200000 -5.252551 5.343771 0.421035 0.044426 0.048525 0.743933 0.665008
19.400000 -5.190660 5.333084 0.454283 0.024460 0.039580 0.626647 0.777913
19.600000 -5.068047 5.335085 0.481788 0.018289 0.044819 0.485519 0.872885
19.800000 -4.919722 5.327476 0.500930 0.027790 0.058585 0.313431 0.947395
20.000000 -4.742223 5.333300 0.507652 0.013778 0.060102 0.145068 0.987498
20.200000 -4.520714 5.349774 0.511496 0.008477 0.032700 -0.024523 0.999128
20.450000 -4.251646 5.360103 0.501822 0.017451 0.015802 -0.183710 0.982699
20.650000 -3.935928 5.375110 0.482707 0.032544 0.001666 -0.332910 0.942396
20.850000 -3.633089 5.353461 0.453776 0.042913 -0.014633 -0.460475 0.886514
21.000000 -3.388110 5.276658 0.417837 0.057645 -0.025609 -0.569545 0.819536
21.250000 -3.202798 5.139611 0.376653 0.064306 -0.015368 -0.662927 0.745759
21.400000 -3.064720 4.981575 0.328843 0.063749 -0.009131 -0.740575 0.668881
21.800000 -3.000623 4.637082 0.255519 0.055583 -0.016221 -0.849622 0.524205
22.250000 -3.012085 4.270780 0.198469 -0.042358 0.035271 0.907635 -0.416125
22.850000 -3.206570 3.708921 0.154234 -0.042711 0.041809 0.935772 -0.347505
23.400000 -3.875659 3.365199 0.141007 -0.005916 -0.006299 0.916815 -0.399219
23.800000 -4.366134 3.128462 0.134604 0.050032 -0.039807 0.880156 -0.470359
24.200000 -4.652241 2.859457 0.096577 0.022012 0.087378 -0.808583 0.581441
24.600000 -4.830309 2.383786 0.074493 -0.020862 0.034918 -0.688299 0.724286
25.000000 -4.919318 1.825025 0.054987 0.012301 0.031268 -0.568777 0.821805
25.400000 -4.891818 1.217656 0.045770 -0.014426 0.000858 -0.521061 0.853397
25.800000 -4.859159 0.624979 -0.004780 0.009788 -0.004532 -0.531850 0.846770
26.200000 -4.859763 0.023937 -0.043536 0.018044 -0.000383 -0.574724 0.818148
26.600000 -4.871181 -0.590087 -0.042117 -0.002046 0.008453 -0.636121 0.771540
27.000000 -4.851743 -1.170383 -0.024521 0.011604 -0.008759 -0.718898 0.694964
27.450000 -4.886514 -1.699140 -0.002063 0.040292 -0.016893 -0.855996 0.515134
27.600000 -4.947052 -1.940505 -0.002293 0.041842 0.068617 0.930008 -0.358644
27.850000 -5.038714 -2.221619 -0.006403 0.076338 0.103742 0.977490 -0.167100
28.000000 -5.061938 -2.394057 -0.013648 -0.002120 0.033678 0.999400 0.007778
28.200000 -5.038328 -2.468902 -0.022670 -0.061063 -0.028523 0.986273 0.150744
29.000000 -5.640096 -2.654193 -0.004862 0.061545 -0.048908 0.958347 0.274573
29.450000 -5.920713 -2.734768 0.049402 -0.073477 0.059443 0.907288 0.409752
29.800000 -6.187378 -2.634480 0.227703 0.092515 0.024938 0.824286 0.558007
30.650000 -6.031655 -2.451726 0.553614 -0.022843 0.003948 0.770942 0.636483
31.000000 -5.819282 -2.351378 0.672921 0.058803 0.065836 0.745887 0.660198
31.400000 -5.441199 -2.249625 0.768598 -0.083598 0.033473 0.725695 0.682098
31.800000 -5.092575 -1.893354 0.820567 -0.023322 -0.011406 0.708797 0.704934
32.450000 -4.837643 -1.169812 0.855324 -0.014453 -0.013983 0.672330 0.739978
32.850000 -4.788472 -0.541389 0.827365 0.000561 0.006959 0.643544 0.765378
33.200000 -4.749385 0.070202 0.772720 0.003937 -0.008228 0.603500 0.797311
33.600000 -4.753103 0.612165 0.708887 0.015577 -0.002378 0.539132 0.842074
34.050000 -4.736259 1.138236 0.640469 0.051572 0.111752 0.435244 0.891860
34.450000 -4.554958 1.745055 0.549436 0.013653 -0.040178 0.299652 0.953104
34.800000 -4.427388 2.364863 0.502442 0.041502 0.051306 0.173743 0.982577
35.200000 -4.240252 2.880352 0.441166 0.054250 0.014552 0.071810 0.995836
35.850000 -3.804639 3.330727 0.276112 0.008920 -0.004577 -0.066447 0.997740
36.200000 -3.446183 3.496571 0.148427 0.038926 0.024731 -0.174099 0.983648
36.650000 -3.123653 3.482892 0.013764 0.024323 0.008108 -0.289968 0.956693
37.050000 -2.683573 3.271324 -0.067388 0.048187 -0.040489 -0.397089 0.915620
37.400000 -2.338217 2.922884 -0.064116 0.033867 -0.016417 -0.523472 0.851211
37.600000 -2.278724 2.705261 0.012055 -0.251778 0.032304 -0.567750 0.783087
37.850000 -2.168632 2.581448 0.109431 -0.174124 -0.070370 -0.646611 0.739340
38.050000 -1.954700 2.624513 0.090120 0.111436 -0.084714 -0.742626 0.654914
38.450000 -1.700980 2.657098 0.155508 -0.107641 -0.026050 -0.818913 0.563131
38.650000 -1.695558 2.611979 0.133345 -0.224332 0.050930 -0.761122 0.606444
38.850000 -1.523505 2.682610 0.140883 -0.051659 0.147304 -0.715508 0.680942
39.050000 -1.191489 2.754291 0.164378 0.104848 -0.079475 -0.584694 0.800514
39.250000 -0.923395 2.774433 0.213632 -0.092159 -0.050868 -0.441043 0.891291
39.400000 -0.741242 2.801944 0.290397 -0.155839 0.045206 -0.273577 0.948064
39.650000 -0.511659 2.921131 0.368004 -0.065022 0.033431 -0.106056 0.991669
39.850000 -0.208049 3.078426 0.404637 -0.040348 -0.101013 0.068488 0.991705
40.050000 0.080390 3.211293 0.439314 -0.105330 -0.046425 0.200255 0.972959
40.250000 0.329624 3.386306 0.452605 -0.003498 0.022312 0.298307 0.954203
40.450000 0.597935 3.587867 0.490733 0.111690 -0.098271 0.343323 0.927360
40.850000 1.070665 3.674350 0.592927 -0.035273 0.030817 0.314147 0.948218
41.250000 1.456180 3.711611 0.694103 0.119239 -0.079172 0.112319 0.983310
41.450000 1.588481 3.625325 0.706079 0.048493 -0.007974 -0.025655 0.998462
41.650000 1.708649 3.481683 0.714267 -0.088023 -0.017195 -0.160508 0.982951
41.850000 1.842324 3.385025 0.742384 -0.153525 -0.153649 -0.250585 0.943414
42.050000 1.918200 3.450919 0.748441 0.009400 0.000990 -0.335292 0.942067
42.250000 1.950483 3.550274 0.717308 0.112498 0.161129 -0.346782 0.917128
42.450000 2.038158 3.511062 0.720082 0.112794 0.023835 -0.335798 0.934853
42.650000 2.135050 3.345225 0.706297 0.015691 -0.083109 -0.296726 0.951210
42.850000 2.166978 3.188710 0.709714 -0.000719 0.050341 -0.229139 0.972091
43.050000 2.190759 3.045658 0.724612 0.077249 0.177203 -0.153423 0.969068
43.250000 2.299034 2.841421 0.696772 0.016008 -0.001364 -0.092855 0.995550
43.650000 2.644857 2.392967 0.573375 -0.033245 0.116154 0.015856 0.992548
43.850000 2.920370 2.249633 0.488981 0.001095 0.009420 0.073497 0.997250
44.000000 3.275748 2.127572 0.437963 -0.063432 -0.240505 0.142661 0.958009
44.250000 3.462362 2.011680 0.381913 -0.028956 -0.078631 0.191101 0.977987
44.450000 3.472957 1.903791 0.335881 -0.010886 0.057260 0.251596 0.966076
44.800000 3.623435 1.718818 0.267539 -0.091795 -0.128483 0.376053 0.913044
45.050000 3.617213 1.673602 0.220879 -0.019745 -0.035883 0.434539 0.899721
45.450000 3.478687 1.636200 0.221290 -0.029776 0.046709 0.547129 0.835214
45.850000 3.473079 1.747750 0.374869 -0.105272 -0.099498 0.630120 0.762868
46.200000 3.167416 1.903803 0.558760 -0.042276 0.007269 0.682124 0.729978
46.600000 2.699037 2.175999 0.777268 -0.060987 0.019217 0.708208 0.703103
47.000000 2.245459 2.626875 0.931279 0.029251 0.060119 0.698953 0.712036
47.400000 1.943281 3.135360 1.013930 0.022733 0.044890 0.651945 0.756595
47.800000 1.838304 3.658294 1.019196 0.056342 0.031199 0.549998 0.832679
48.050000 1.834858 3.920792 1.020550 0.036818 0.044869 0.456688 0.887732
48.450000 1.976498 4.312979 1.003610 0.029632 0.037479 0.272402 0.960997
48.650000 2.084403 4.474914 0.990956 0.006527 0.067301 0.173908 0.982438
49.050000 2.445847 4.778653 0.906170 0.023213 0.034839 0.007975 0.999092
49.400000 3.006020 5.017755 0.768793 0.066052 0.009457 -0.108144 0.991893
49.800000 3.631199 5.084927 0.527369 0.017423 0.003191 -0.103213 0.994502
50.200000 4.242592 5.013011 0.214836 0.042903 -0.010703 0.076664 0.996076
50.400000 4.546960 4.905449 0.054209 0.008877 -0.012241 0.217349 0.975977
50.600000 4.832476 4.769766 -0.101298 -0.004979 -0.007265 0.374508 0.927182
50.850000 5.115868 4.638499 -0.225356 -0.009906 -0.012049 0.521134 0.853332
51.000000 5.405158 4.512426 -0.306847 -0.084742 -0.083627 0.624273 0.772080
51.250000 5.646123 4.397925 -0.325637 -0.146981 -0.066760 0.707950 0.687565
51.400000 5.762785 4.321121 -0.311917 -0.091212 -0.053189 0.786435 0.608582
51.800000 5.785438 4.183638 -0.205353 -0.076446 0.057287 0.885285 0.455132
52.200000 5.711153 4.231213 -0.016228 -0.120075 -0.018467 0.947904 0.294479
52.600000 5.338100 4.340862 0.155157 -0.033304 0.019522 0.989797 0.137158
53.000000 4.837550 4.444684 0.275724 -0.077430 0.004085 0.996748 -0.021919
53.400000 4.215962 4.608951 0.325389 -0.014807 -0.020011 0.984817 -0.171802
53.800000 3.579513 4.699083 0.316997 -0.016909 -0.023753 0.950404 -0.309649
54.250000 2.947397 4.655506 0.333181 -0.003889 -0.036931 0.896382 -0.441725
54.650000 2.323451 4.489214 0.414847 -0.009447 0.067437 -0.827695 0.557032
55.050000 1.866146 4.162156 0.504390 -0.000765 0.056350 -0.754175 0.654250
55.450000 1.537367 3.667162 0.561430 -0.010623 0.047980 -0.675982 0.735278
55.850000 1.380157 3.069240 0.581310 -0.023361 0.040942 -0.591294 0.805077
56.250000 1.396629 2.459334 0.543437 -0.025683 0.042977 -0.507976 0.859915
56.650000 1.591433 1.873348 0.435935 -0.022969 0.041402 -0.430267 0.901459
57.050000 1.955034 1.284024 0.288281 0.017506 -0.002733 -0.375224 0.926765
57.450000 2.283603 0.689932 0.080985 0.000766 -0.013389 -0.411529 0.911298
57.850000 2.546538 0.076296 -0.004409 0.004386 -0.000924 -0.530667 0.847569
58.250000 2.877225 -0.568355 0.038120 0.010644 -0.095971 -0.671609 0.734587
58.450000 3.043895 -0.833554 0.086608 0.049885 -0.150248 -0.736743 0.657379
58.600000 3.066496 -1.010509 0.121217 -0.020793 -0.015164 -0.805241 0.592389
58.850000 3.082113 -1.156282 0.148776 -0.048530 0.111884 -0.833890 0.538289
59.050000 3.205069 -1.388015 0.184116 0.030826 0.026781 -0.845253 0.532803
59.250000 3.327460 -1.697049 0.263832 0.057548 -0.186777 -0.809736 0.553291
59.600000 3.212362 -1.941895 0.486274 -0.045113 -0.047327 -0.790544 0.608905
59.850000 3.119898 -1.880489 0.590529 0.039353 0.047055 -0.801944 0.594241
60.050000 3.046172 -1.873482 0.638620 -0.083606 0.149687 -0.780346 0.601385
60.200000 3.063880 -1.975755 0.679071 -0.040923 0.008027 -0.794615 0.605679
61.250000 3.619168 -2.401249 0.709506 -0.006601 0.045570 -0.829526 0.556567
61.650000 4.061480 -2.756114 0.666028 0.060122 0.022822 -0.831305 0.552083
62.050000 4.412171 -3.285340 0.626694 0.051366 0.003884 -0.850012 0.524238
62.450000 4.634715 -3.897844 0.560498 -0.070668 0.048510 0.918340 -0.386398
62.800000 4.652304 -4.462207 0.472636 -0.025986 0.084129 0.973546 -0.210842
63.400000 4.445927 -5.026267 0.404645 -0.058527 0.035126 0.991329 -0.112284
64.050000 3.874668 -5.354371 0.390631 0.012575 -0.032058 0.953585 -0.299149
64.200000 3.639566 -5.446826 0.338088 0.038458 -0.036653 0.909398 -0.412520
64.600000 3.355415 -5.725866 0.163399 -0.119808 -0.087008 -0.816285 0.558349
65.000000 3.288664 -5.748007 -0.085253 -0.053345 -0.002386 -0.742834 0.667343
65.200000 3.278925 -5.584522 -0.154231 0.077644 0.020878 -0.674076 0.734273
65.450000 3.254046 -5.500593 -0.166531 0.030392 -0.018050 -0.586134 0.809443
65.800000 3.184700 -5.513796 -0.205788 0.016676 0.072094 -0.456827 0.886473
66.400000 3.303645 -5.762519 -0.269210 0.022251 -0.001815 -0.596827 0.802059
66.800000 3.324329 -6.027976 -0.249546 0.031179 0.005219 -0.678024 0.734359
67.200000 3.309000 -6.445380 -0.126196 -0.028968 -0.015222 -0.597511 0.801193
67.400000 3.292129 -6.644231 -0.075570 -0.102302 -0.039602 -0.483553 0.868414
67.650000 3.299734 -6.766225 -0.006391 -0.065054 -0.017381 -0.349615 0.934471
67.850000 3.326192 -6.835418 0.051251 0.035280 0.103626 -0.202807 0.973081
68.050000 3.397660 -6.963290 0.124230 -0.000608 0.056317 -0.052201 0.997047
68.200000 3.527751 -7.146220 0.206644 -0.120062 -0.161588 0.093026 0.975100
68.400000 3.589208 -7.256212 0.252427 -0.066739 -0.141653 0.206993 0.965730
68.650000 3.452252 -7.276682 0.292562 0.010894 0.010842 0.288421 0.957380
69.000000 3.158015 -7.310070 0.385638 -0.107882 -0.058525 0.454319 0.882344
69.400000 2.842415 -7.291130 0.457594 -0.000189 -0.015823 0.625530 0.780040
69.600000 2.594551 -7.302239 0.469940 -0.019220 0.038417 0.706224 0.706684
69.800000 2.351745 -7.281736 0.468278 -0.058530 0.022043 0.785587 0.615582
70.050000 2.091008 -7.195134 0.433513 -0.036441 -0.016869 0.855004 0.517064
70.250000 1.765828 -7.115076 0.391848 0.030699 -0.026021 0.916803 0.397306
70.450000 1.418713 -7.100809 0.353439 0.042879 0.001518 0.958538 0.281718
70.600000 1.114429 -7.121951 0.303668 -0.010216 0.024413 0.984590 0.172864
70.850000 0.830153 -7.105366 0.229198 -0.031864 0.005591 0.996907 0.071625
71.200000 0.331404 -6.996264 0.072814 0.103518 -0.025708 0.994128 -0.018231
71.800000 0.059976 -7.163769 -0.093949 -0.049519 0.002293 0.996757 0.063390
72.200000 -0.194079 -7.256333 0.015127 -0.042435 0.036877 0.981297 0.184109
72.400000 -0.458637 -7.259920 0.084976 0.121865 0.096996 0.953838 0.256777
72.800000 -0.584203 -7.132380 0.230920 0.017370 0.098622 0.927261 0.360776
73.200000 -0.404566 -6.798901 0.268626 0.005239 0.022485 0.878692 0.476831
73.600000 -0.285731 -6.386657 0.209647 0.015671 0.076877 0.805583 0.587266
74.000000 0.064768 -5.888332 0.109125 0.042376 -0.019608 0.719653 0.692762
74.400000 0.506687 -5.466685 0.051434 0.052929 0.022695 0.608234 0.791666
74.850000 1.079378 -5.167831 0.013785 0.034203 -0.027874 0.501578 0.863986
75.200000 1.688423 -5.042736 0.025871 0.022039 0.003821 0.427199 0.903881
75.600000 2.240554 -5.052247 0.077028 -0.004710 -0.012517 0.399115 0.916803
76.050000 2.868635 -5.051017 0.145161 -0.046100 0.003849 0.428284 0.902459
76.400000 3.485154 -4.977880 0.225993 -0.085234 -0.014678 0.497495 0.863145
76.800000 3.933219 -4.727948 0.311256 -0.067876 -0.012295 0.591377 0.803439
77.200000 4.185354 -4.337483 0.386114 -0.089541 -0.005997 0.690593 0.717655
77.650000 4.301150 -3.797410 0.474933 -0.048356 -0.034622 0.783746 0.618228
78.050000 4.284674 -3.257929 0.573964 -0.054395 -0.034680 0.850611 0.521824
78.450000 4.032087 -2.730078 0.653259 -0.048269 -0.054631 0.896918 0.436147
78.600000 3.798777 -2.493858 0.691594 0.250262 -0.107082 0.889282 0.367532
78.850000 3.673959 -2.373943 0.687078 0.270860 -0.076002 0.930191 0.235803
79.000000 3.855835 -2.438328 0.631643 -0.035148 0.027951 0.998684 0.024754
79.200000 4.099042 -2.534433 0.623000 -0.275711 0.133498 0.919373 -0.246810
79.450000 4.215221 -2.483099 0.635192 -0.186346 0.057375 0.857379 -0.476325
79.650000 4.067071 -2.355494 0.622379 -0.014643 0.082014 -0.779357 0.621017
79.800000 3.827220 -2.279877 0.661341 -0.072981 0.112327 -0.702299 0.699166
80.000000 3.691474 -2.236985 0.702291 0.073607 -0.098269 -0.643838 0.755247
80.450000 3.223043 -2.217734 0.812431 -0.066674 0.174001 -0.570549 0.799845
80.650000 2.988638 -2.207017 0.824610 0.053207 0.300620 -0.553263 0.775047
80.850000 3.028576 -2.334795 0.786686 0.093517 0.005342 -0.500528 0.860638
81.050000 3.081365 -2.632131 0.743768 -0.206695 -0.284456 -0.436755 0.828014
81.250000 2.973880 -2.756197 0.759988 -0.163746 -0.055207 -0.396100 0.901801
81.400000 2.838940 -2.679095 0.706358 0.126080 0.161802 -0.355915 0.911728
81.600000 2.775340 -2.610809 0.708333 0.180684 0.209466 -0.242808 0.929796
81.850000 2.902094 -2.725214 0.637639 -0.163612 -0.078501 -0.203934 0.962019
82.200000 3.032692 -2.653794 0.683590 -0.043495 0.091262 -0.245094 0.964214
82.400000 3.136495 -2.435820 0.736496 0.098804 0.074864 -0.283722 0.950860
82.650000 3.351145 -2.274798 0.799592 -0.008217 -0.172504 -0.373130 0.911564
82.850000 3.426901 -2.190692 0.825607 -0.076504 0.111173 -0.442499 0.886557
83.050000 3.548727 -2.071235 0.812610 0.054741 0.219632 -0.531869 0.816015
83.250000 3.834097 -2.041972 0.770368 0.181800 0.011690 -0.597945 0.780560
83.450000 4.062353 -2.192385 0.729523 0.056994 -0.170533 -0.684295 0.706690
83.650000 4.143690 -2.347523 0.695732 -0.058823 -0.077701 -0.762557 0.639538
83.850000 4.173653 -2.376427 0.670654 -0.060073 0.084029 -0.812469 0.573781
84.050000 4.316808 -2.367252 0.650294 0.079726 0.101066 -0.848678 0.513006
84.250000 4.476017 -2.438072 0.642241 -0.091115 0.016123 0.878083 -0.469476
84.450000 4.561981 -2.577782 0.637464 0.021741 0.020212 0.909750 -0.414093
84.850000 4.736593 -2.820421 0.645953 -0.085559 -0.076094 0.968267 -0.222143
85.050000 4.835433 -3.039059 0.653207 -0.144804 0.003797 0.984529 -0.098589
85.250000 4.825777 -3.320593 0.664104 -0.078896 0.096101 0.992072 0.018257
85.650000 4.637703 -3.661614 0.683401 -0.003447 0.021026 0.978758 0.203907
86.050000 4.492547 -3.823698 0.701638 0.016802 -0.006152 0.952676 0.303462
86.400000 4.428279 -4.065676 0.731529 0.048797 0.069956 0.881627 0.464176
86.650000 4.444497 -4.151273 0.754719 -0.004666 0.126298 0.825089 0.550686
86.850000 4.533876 -4.166044 0.759975 -0.106994 0.080249 0.765045 0.629935
87.050000 4.638665 -4.105346 0.770510 -0.048465 -0.023370 0.708103 0.704057
87.850000 4.636265 -3.646728 0.758558 0.024089 0.059327 0.827525 0.557766
88.000000 4.697337 -3.494652 0.745121 -0.024337 0.032051 0.911200 0.409995
88.250000 4.804141 -3.297544 0.739649 -0.041801 -0.080061 0.962516 0.255746
88.450000 4.865920 -3.149390 0.737753 -0.074147 -0.089704 0.983529 0.138294
88.650000 4.845679 -3.086472 0.723312 -0.071995 0.041504 0.995183 0.052011
89.050000 4.670953 -2.837090 0.695260 -0.011931 0.099458 0.989895 -0.100367
89.250000 4.611304 -2.587749 0.674201 -0.092263 0.003701 0.973661 -0.208464
89.450000 4.497394 -2.341093 0.665168 -0.123769 -0.074602 0.937259 -0.317271
89.600000 4.289869 -2.177567 0.654781 -0.084570 -0.052775 0.893795 -0.437256
89.850000 4.034948 -2.127016 0.638476 0.007060 0.009577 -0.834749 0.550502
90.000000 3.782548 -2.110065 0.638942 -0.060199 0.038046 -0.764305 0.640910
90.250000 3.292303 -2.091034 0.645201 -0.013785 0.097692 -0.693831 0.713348
90.450000 3.208906 -2.075203 0.680564 0.063367 0.072781 -0.624363 0.775150
90.800000 2.999911 -2.227794 0.695556 -0.122480 0.012634 -0.525033 0.842128
91.250000 2.912383 -2.323780 0.622755 0.004673 0.174868 -0.510110 0.842132
91.400000 3.017712 -2.399450 0.573011 0.048988 -0.032668 -0.536728 0.841698
91.850000 3.240564 -2.576882 0.473969 -0.084439 0.060691 -0.609303 0.786089
92.050000 3.389188 -2.589324 0.431394 0.003612 0.120361 -0.662578 0.739250
92.250000 3.634596 -2.622191 0.393025 0.101831 0.018048 -0.709468 0.697108
92.650000 4.030521 -2.851311 0.334345 -0.000689 -0.030462 -0.805164 0.592269
93.050000 4.299939 -3.110845 0.279661 -0.106282 -0.050812 0.873387 -0.472564
93.400000 4.457768 -3.633649 0.235668 -0.040854 0.057717 0.929947 -0.360829
93.850000 4.392121 -4.119420 0.187733 -0.039545 -0.001440 0.965539 -0.257231
94.400000 4.076286 -4.719357 0.130904 -0.064998 0.059846 0.987636 -0.129498
94.800000 3.600893 -5.015356 0.073822 -0.020458 0.025484 0.997476 -0.063033
95.200000 3.002769 -5.274873 0.029280 -0.012180 0.050489 0.998610 -0.008962
95.600000 2.339334 -5.394757 0.003526 0.025477 0.035878 0.998720 0.024953
96.000000 1.816005 -5.421475 -0.008691 0.044139 0.026039 0.997684 0.044720
96.400000 1.427256 -5.424258 -0.025230 -0.077121 0.049499 0.994469 0.051313
97.050000 0.665368 -5.202145 0.014662 -0.001822 -0.008003 0.998602 0.052222
97.400000 0.086491 -5.115092 0.033539 -0.027598 0.006148 0.998810 0.039733
97.800000 -0.504515 -5.037218 0.058255 0.009076 -0.008544 0.999650 0.023318
98.250000 -1.093425 -5.025342 0.074284 -0.009890 0.022770 0.999672 0.006370
98.650000 -1.693641 -4.988071 0.127948 -0.004076 0.002018 0.999933 -0.010642
99.000000 -2.340203 -4.938474 0.199773 -0.009041 0.000308 0.999387 -0.033813
99.450000 -3.025468 -4.913252 0.269745 -0.005052 -0.007012 0.996820 -0.079211
99.800000 -3.674058 -4.931089 0.288394 0.000796 -0.015327 0.985323 -0.170007
100.200000 -4.270106 -4.998882 0.224756 -0.007185 0.013471 0.938520 -0.344887
100.400000 -4.532665 -5.033572 0.192735 0.013224 0.048615 0.886898 -0.459210
100.650000 -4.827047 -5.034832 0.143851 -0.007535 -0.025055 -0.828437 0.559471
101.050000 -5.462315 -5.076526 0.053172 -0.009439 0.135683 -0.739619 0.659139
101.400000 -5.797888 -5.464945 0.022448 -0.023531 -0.014720 -0.665107 0.746232
101.800000 -6.074184 -5.843108 -0.010910 -0.006848 0.135739 -0.563551 0.814824
102.000000 -6.084838 -6.092907 0.031628 -0.012559 -0.027844 -0.485538 0.873682
102.200000 -6.065449 -6.371537 0.104216 -0.159258 -0.088178 -0.380013 0.906891
102.600000 -6.108404 -6.538095 0.262412 -0.006069 0.061186 -0.231810 0.970816
102.850000 -6.062517 -6.578076 0.336939 -0.055331 -0.051206 -0.144257 0.986664
103.200000 -6.002059 -6.611988 0.527570 -0.045636 0.011436 0.047180 0.997778
103.450000 -6.005040 -6.523087 0.591533 -0.043734 0.004788 0.152836 0.987272
103.600000 -5.996048 -6.419549 0.659671 -0.095454 0.004121 0.261072 0.960579
103.800000 -5.994171 -6.253385 0.711808 -0.079201 -0.001327 0.369221 0.925960
104.050000 -6.000757 -6.035097 0.730281 -0.072289 -0.015245 0.470818 0.879132
104.250000 -6.042634 -5.788395 0.718222 -0.099151 -0.014255 0.561926 0.821100
104.600000 -6.258327 -5.232317 0.573400 -0.038761 -0.031351 0.699837 0.712561
105.000000 -6.607149 -4.594394 0.325658 0.014888 0.037228 0.776972 0.628257
105.400000 -6.832669 -3.983556 0.073685 0.003624 0.015631 0.803214 0.595474
105.800000 -7.038777 -3.365725 -0.110505 -0.011910 0.014513 0.794905 0.606443
106.250000 -7.235108 -2.772392 -0.151511 -0.014691 0.012790 0.765514 0.643124
106.600000 -7.432895 -2.159341 -0.078183 0.113105 -0.013814 0.713979 0.690833
106.850000 -7.471214 -1.898568 -0.031077 0.438500 -0.291767 0.572782 0.628101
107.050000 -7.447048 -1.957624 -0.170338 0.122440 -0.080437 0.685507 0.713175
107.200000 -7.388320 -2.342226 -0.280733 -0.227665 0.155343 0.669860 0.689438
107.600000 -7.378822 -2.494225 -0.223941 0.006318 -0.088353 0.710566 0.698032
107.800000 -7.447140 -2.332616 -0.151545 0.177293 -0.115581 0.698070 0.684037
108.000000 -7.485160 -2.319028 -0.098594 0.097362 0.066958 0.708882 0.695358
108.200000 -7.404953 -2.403325 -0.052392 -0.120174 0.127880 0.708264 0.683789
108.400000 -7.301882 -2.375082 -0.020339 -0.153229 -0.018968 0.706334 0.690835
108.650000 -7.318686 -2.263387 -0.036842 0.020745 -0.095633 0.718001 0.689129
108.850000 -7.416250 -2.222804 -0.088997 0.106785 0.019820 0.710332 0.695437
109.000000 -7.439893 -2.300103 -0.134249 -0.020342 0.099742 0.714841 0.691838
