0.799993 -0.000118 -0.000473 -0.000175 -0.000016 -0.000057 -0.000042 1.000000
0.999993 -0.000321 -0.000668 -0.000403 -0.000022 -0.000101 -0.000077 1.000000
1.199993 -0.000483 -0.000867 -0.000671 -0.000017 -0.000130 -0.000102 1.000000
1.399993 -0.000408 -0.001030 -0.000769 -0.000009 -0.000145 -0.000097 1.000000
1.599993 -0.000254 -0.000969 -0.000740 -0.000012 -0.000158 -0.000098 1.000000
1.799993 -0.000614 -0.000948 -0.000769 -0.000016 -0.000199 -0.000212 1.000000
1.999993 -0.000503 -0.000648 -0.000699 -0.000026 -0.000143 -0.000154 1.000000
2.199993 -0.000272 -0.000419 -0.000692 -0.000028 -0.000144 -0.000123 1.000000
2.399993 -0.000133 -0.000399 -0.000749 -0.000024 -0.000142 -0.000113 1.000000
2.599993 -0.000135 -0.000548 -0.000794 -0.000020 -0.000137 -0.000114 1.000000
2.799993 -0.000098 -0.000746 -0.000732 -0.000017 -0.000127 -0.000080 1.000000
2.999993 -0.000070 -0.000833 -0.000674 -0.000017 -0.000124 -0.000076 1.000000
3.199993 -0.000064 -0.000776 -0.000673 -0.000015 -0.000122 -0.000078 1.000000
3.399993 -0.000128 -0.000647 -0.000692 -0.000022 -0.000125 -0.000100 1.000000
3.599993 -0.000253 -0.000555 -0.000767 -0.000018 -0.000135 -0.000127 1.000000
3.799993 -0.000304 -0.000569 -0.000814 -0.000017 -0.000136 -0.000131 1.000000
3.999993 -0.000181 -0.000664 -0.000771 -0.000017 -0.000125 -0.000099 1.000000
4.199993 -0.000098 -0.000780 -0.000733 -0.000011 -0.000129 -0.000084 1.000000
4.399993 -0.000046 -0.000804 -0.000698 -0.000013 -0.000124 -0.000075 1.000000
4.599993 -0.000090 -0.000788 -0.000693 -0.000011 -0.000125 -0.000082 1.000000
4.799993 -0.000141 -0.000691 -0.000690 -0.000019 -0.000126 -0.000095 1.000000
4.999993 -0.000259 -0.000604 -0.000743 -0.000018 -0.000139 -0.000126 1.000000
5.199993 -0.000306 -0.000597 -0.000793 -0.000017 -0.000138 -0.000130 1.000000
5.399993 -0.000214 -0.000664 -0.000761 -0.000018 -0.000130 -0.000106 1.000000
5.599993 -0.000130 -0.000759 -0.000728 -0.000012 -0.000132 -0.000086 1.000000
5.799993 -0.000058 -0.000782 -0.000703 -0.000012 -0.000125 -0.000077 1.000000
5.999993 -0.000055 -0.000755 -0.000690 -0.000013 -0.000125 -0.000075 1.000000
6.199993 -0.000151 -0.000691 -0.000692 -0.000020 -0.000130 -0.000102 1.000000
6.399993 -0.000245 -0.000634 -0.000729 -0.000016 -0.000138 -0.000116 1.000000
6.599993 -0.000259 -0.000634 -0.000767 -0.000015 -0.000136 -0.000118 1.000000
6.799993 -0.000163 -0.000676 -0.000756 -0.000016 -0.000126 -0.000097 1.000000
6.999993 -0.000114 -0.000766 -0.000728 -0.000012 -0.000130 -0.000083 1.000000
7.199993 -0.000078 -0.000775 -0.000708 -0.000012 -0.000126 -0.000078 1.000000
7.399993 -0.000079 -0.000747 -0.000700 -0.000012 -0.000125 -0.000078 1.000000
7.599993 -0.000146 -0.000683 -0.000696 -0.000021 -0.000129 -0.000100 1.000000
7.799993 -0.000231 -0.000634 -0.000733 -0.000016 -0.000138 -0.000115 1.000000
7.999993 -0.000458 -0.000546 -0.000671 0.000067 -0.001598 -0.000089 0.999999
8.199994 -0.000307 -0.001476 0.003366 0.003268 -0.070244 0.000534 0.997524
8.399995 -0.044369 -0.007066 0.015410 0.005917 -0.125735 0.003702 0.992039
8.599994 -0.194193 -0.017606 0.005648 0.010687 0.006211 0.012318 0.999848
8.799994 -0.366748 -0.035028 0.024559 0.003091 -0.005015 0.025942 0.999646
8.999995 -0.524338 -0.055306 0.033639 0.001641 -0.100817 0.045741 0.993852
9.199995 -0.746304 -0.078055 0.051759 0.054321 -0.065905 0.062313 0.994396
9.399995 -1.045477 -0.143315 0.067640 0.039987 0.003855 0.056916 0.997570
9.599995 -1.344481 -0.256957 0.073471 -0.044173 -0.012188 0.027722 0.998565
9.799996 -1.639487 -0.357777 0.046128 -0.097633 -0.007298 -0.006882 0.995172
9.999995 -1.924674 -0.369578 0.017266 -0.000326 0.088988 -0.041216 0.995179
10.199995 -2.147085 -0.336603 0.074097 0.056147 0.085441 -0.060849 0.992897
10.399995 -2.265014 -0.370326 0.171420 0.051937 -0.036654 -0.086624 0.994211
10.599995 -2.390660 -0.473759 0.283457 0.053150 0.045841 -0.100933 0.992414
10.799995 -2.504776 -0.628323 0.384906 0.001019 0.091822 -0.112445 0.989406
10.999996 -2.532979 -0.800086 0.466547 -0.098245 -0.112191 -0.101659 0.983578
11.199996 -2.584157 -0.883811 0.591686 -0.024078 -0.207232 -0.071295 0.975393
11.399995 -2.802260 -0.893801 0.654446 0.175206 0.230211 -0.005415 0.957223
11.599993 -2.927837 -1.010875 0.781188 0.165231 0.305235 0.077018 0.934665
11.799997 -2.755941 -1.259940 0.800848 -0.180356 -0.003094 0.109467 0.977486
11.999997 -2.482227 -1.447585 0.812940 -0.158435 -0.213084 0.216913 0.939384
12.199997 -2.396093 -1.504286 0.810288 -0.052707 -0.093376 0.289241 0.951232
12.399997 -2.516913 -1.523623 0.761768 0.039800 0.143840 0.365086 0.918933
12.599997 -2.507190 -1.532888 0.717345 -0.060230 0.092951 0.450012 0.886127
12.799997 -2.366252 -1.482620 0.653923 -0.150938 -0.016734 0.512662 0.845053
12.999997 -2.280651 -1.313694 0.572758 -0.000897 -0.114667 0.591853 0.797847
13.199997 -2.279360 -1.148370 0.491096 0.021673 0.036279 0.639300 0.767795
13.399996 -2.275392 -1.039941 0.425517 -0.069011 0.101425 0.678578 0.724212
13.599997 -2.207014 -0.854307 0.379345 -0.117505 0.036877 0.699961 0.703483
13.799997 -2.156689 -0.557066 0.312808 -0.033197 -0.072133 0.727033 0.681995
13.999997 -2.164970 -0.242398 0.257528 0.029659 -0.011017 0.739924 0.671946
14.199997 -2.184139 0.028396 0.226966 -0.020092 0.030822 0.751692 0.658488
14.399997 -2.174840 0.301821 0.207297 -0.051457 0.008963 0.765653 0.641130
14.599997 -2.174653 0.616318 0.194442 0.000682 -0.024055 0.787886 0.615350
14.799996 -2.190690 0.933857 0.176075 0.045943 -0.008490 0.806450 0.589454
14.999995 -2.172002 1.221543 0.158947 -0.026423 0.010775 0.819355 0.572575
15.199995 -2.134100 1.515755 0.122718 -0.114508 -0.019391 0.815840 0.566495
15.399995 -2.169879 1.843454 0.120506 -0.067158 -0.047644 0.819632 0.566942
15.599995 -2.300951 2.183740 0.130430 0.034811 -0.021218 0.827358 0.560194
15.799995 -2.432769 2.457962 0.144939 0.048750 0.003204 0.849202 0.525804
15.999993 -2.518619 2.675588 0.147764 -0.088021 0.034336 0.892005 0.442042
16.199990 -2.618633 2.929395 0.182200 -0.069545 0.033988 0.943598 0.321917
16.399978 -2.750619 3.259567 0.158710 0.016664 -0.001886 0.983221 0.181646
16.599991 -2.873180 3.620588 0.075638 0.067196 -0.044735 0.996161 0.033866
16.799992 -2.930613 3.950202 0.028397 0.048292 -0.018607 0.993154 -0.104720
16.999987 -2.929198 4.216376 -0.002850 0.018701 0.041624 0.966604 -0.252181
17.199991 -2.893118 4.463069 0.001643 -0.016664 0.041833 0.913104 -0.405232
17.399991 -2.873170 4.739550 0.023568 -0.147209 -0.011958 0.850257 -0.505223
17.599992 -2.955666 4.952007 0.025060 0.141172 0.042658 -0.871315 0.468040
17.799991 -3.131763 5.073957 0.010087 -0.009438 -0.024676 -0.956897 0.289225
17.999991 -3.267484 5.199784 -0.026826 0.091995 0.016022 0.991683 -0.088571
18.199991 -3.369037 5.342520 -0.067433 -0.012496 -0.070665 0.997385 0.008581
18.399983 -3.407403 5.453642 -0.033296 -0.136244 -0.080891 0.987078 0.023887
18.599931 -3.555007 5.467316 0.050438 -0.117433 -0.012914 0.992589 -0.028452
18.799952 -3.828903 5.409387 0.150803 -0.024249 0.053314 0.994006 -0.092310
18.999982 -4.139137 5.365045 0.246192 0.048674 0.018138 0.988244 -0.143793
19.199994 -4.431286 5.353961 0.318063 0.129754 -0.038930 0.969813 -0.202758
19.399994 -4.618759 5.356477 0.373611 0.082345 -0.029584 0.965106 -0.246810
19.599992 -4.693278 5.346802 0.415360 0.022032 0.003109 0.956185 -0.291917
19.799992 -4.731514 5.322601 0.443124 0.021222 0.010194 0.940269 -0.339616
19.999993 -4.778272 5.296400 0.459432 0.064178 -0.014609 0.918241 -0.390514
20.199994 -4.800487 5.282296 0.466247 0.076380 -0.032608 0.892195 -0.443949
20.399994 -4.760133 5.280595 0.463051 0.054227 -0.024349 0.865903 -0.496667
20.599995 -4.663981 5.282862 0.448714 0.031660 -0.016061 0.837240 -0.545682
20.799995 -4.527699 5.287842 0.433749 -0.029757 0.024260 -0.807960 0.587985
20.999995 -4.354681 5.281334 0.415197 -0.028326 0.042134 -0.779723 0.624063
21.199996 -4.137691 5.250554 0.393609 -0.002514 0.034116 -0.756136 0.653520
21.399996 -3.889529 5.194582 0.372298 -0.029746 -0.021990 -0.737603 0.674220
21.599996 -3.641848 5.154469 0.351957 -0.009848 -0.021849 -0.729173 0.683910
21.799996 -3.399552 5.156382 0.326646 0.048104 0.012507 -0.728477 0.683265
21.999996 -3.172112 5.141818 0.292107 0.077470 0.005990 -0.736512 0.671947
22.199995 -3.020320 5.061294 0.249600 0.068533 -0.030425 -0.756733 0.649410
22.399995 -2.939905 4.950960 0.201456 0.051010 -0.031448 -0.782014 0.620373
22.599995 -2.913186 4.842519 0.147777 0.044841 -0.007122 -0.810306 0.584246
22.799994 -2.897874 4.730090 0.099533 0.061407 -0.002523 -0.838242 0.541823
22.999993 -2.877681 4.589892 0.061057 0.067720 -0.013482 -0.865564 0.496016
23.199991 -2.868332 4.415899 0.031215 0.054081 -0.014139 -0.891030 0.450490
23.399989 -2.881473 4.215863 0.017957 -0.053492 0.039973 0.910537 -0.407999
23.599981 -2.942303 4.018899 0.008084 -0.053956 0.054859 0.924267 -0.373911
23.799976 -3.083737 3.840617 -0.001801 -0.044142 0.051437 0.934070 -0.350598
23.999975 -3.296558 3.691079 -0.005033 -0.032561 0.040516 0.939693 -0.338046
24.199972 -3.548388 3.564478 0.000664 -0.032337 0.041001 0.937514 -0.344007
24.399972 -3.824733 3.452577 0.013802 -0.008943 0.030241 0.925926 -0.376387
24.599989 -4.112755 3.346783 0.031963 0.051190 -0.006163 0.901252 -0.430216
24.799993 -4.362370 3.245385 0.055636 0.070279 -0.051210 0.866614 -0.491343
24.999991 -4.536515 3.137595 0.058181 0.011836 -0.099416 0.830680 -0.547674
25.199989 -4.648560 2.979238 0.075868 0.036261 0.062852 -0.787233 0.612371
25.399991 -4.746456 2.739427 0.092665 -0.011773 0.020019 -0.737891 0.674520
25.599994 -4.847856 2.457426 0.111645 -0.055839 0.028800 -0.686552 0.724361
25.799995 -4.917302 2.188711 0.137470 -0.037628 0.075056 -0.653383 0.752357
25.999995 -4.918560 1.904272 0.162939 0.020157 0.058538 -0.635439 0.769665
26.199995 -4.861793 1.572731 0.182417 0.016983 -0.052826 -0.625357 0.778363
26.399996 -4.822204 1.238794 0.180897 0.015868 -0.158645 -0.629986 0.760064
26.599996 -4.903419 0.959265 0.160494 -0.075731 0.029537 -0.648530 0.756836
26.799996 -5.001975 0.705959 0.106937 -0.035669 0.123863 -0.669837 0.731234
26.999996 -4.973237 0.416808 0.115168 0.041496 -0.001494 -0.683633 0.728644
27.199996 -4.896319 0.079911 0.152735 -0.053251 -0.005398 -0.681791 0.729586
27.399996 -4.833122 -0.239702 0.161523 -0.039274 -0.054759 -0.658265 0.749764
27.599995 -4.760338 -0.510356 0.162209 0.076106 -0.069652 -0.622391 0.775878
27.799995 -4.768777 -0.798463 0.134867 0.061424 -0.081973 -0.591935 0.799450
27.999996 -4.897221 -1.104628 0.117338 -0.056444 -0.015803 -0.578749 0.813397
28.199996 -5.038434 -1.398501 0.092217 -0.121603 -0.021575 -0.537947 0.833883
28.399996 -5.104904 -1.617812 0.072847 -0.067692 -0.022662 -0.523995 0.848724
28.599996 -5.131537 -1.778151 0.063441 0.024593 -0.011261 -0.523831 0.851393
28.799996 -5.184269 -1.951406 0.051484 0.022448 -0.014289 -0.562741 0.826205
28.999996 -5.284426 -2.174236 0.079958 -0.090444 -0.031708 -0.603623 0.791489
29.199996 -5.381724 -2.356611 0.099933 -0.153436 -0.041595 -0.655930 0.737891
29.399996 -5.417239 -2.418153 0.077484 -0.076752 0.041119 -0.736813 0.670467
29.599997 -5.364108 -2.434767 0.042532 0.027940 0.091219 -0.790916 0.604442
29.799997 -5.273967 -2.541934 0.026048 0.040234 -0.007728 -0.800576 0.597829
29.999997 -5.229973 -2.713022 0.049342 -0.094806 -0.112094 -0.776657 0.612578
30.199997 -5.216688 -2.806980 0.061626 -0.120266 -0.058208 -0.732835 0.667159
30.399996 -5.168595 -2.772182 0.086341 -0.031210 -0.002467 -0.701942 0.711545
30.599996 -5.072668 -2.696233 0.120904 0.007909 -0.024354 -0.685324 0.727788
30.799996 -4.980267 -2.642525 0.179147 -0.053186 -0.093316 -0.679505 0.725766
30.999997 -4.926971 -2.545518 0.238200 -0.088784 -0.075320 -0.697819 0.706748
31.199997 -4.886999 -2.360778 0.288354 -0.041120 -0.023574 -0.726062 0.685994
31.399997 -4.833031 -2.129858 0.330592 -0.009883 -0.022496 -0.752477 0.658161
31.599997 -4.771653 -1.898288 0.374203 -0.010352 -0.069331 -0.780563 0.621134
31.799997 -4.725978 -1.638978 0.420449 0.002940 -0.090709 -0.821851 0.562428
31.999997 -4.727285 -1.333935 0.454438 0.007398 -0.053252 -0.872727 0.485240
32.199997 -4.778937 -0.991182 0.490559 -0.063801 0.037462 -0.918017 0.389578
32.399997 -4.799254 -0.666049 0.521270 0.016006 -0.002522 0.959490 -0.281275
32.599997 -4.783070 -0.350986 0.559118 -0.064879 0.045465 0.985543 -0.149761
32.799996 -4.800533 -0.023882 0.592825 -0.044914 0.054782 0.997484 -0.002768
32.999995 -4.863046 0.335660 0.625999 0.025554 0.033626 0.987463 0.152093
33.199994 -4.893723 0.719045 0.656267 0.028132 0.016973 0.953055 0.301008
33.399994 -4.837126 1.112051 0.683753 -0.023720 0.003923 0.894240 0.446941
33.599994 -4.796292 1.465379 0.702846 -0.044858 0.004882 0.817633 0.573969
33.799996 -4.806043 1.817002 0.721701 0.123628 -0.143906 0.719557 0.668016
33.999997 -4.822125 2.123232 0.828965 0.268360 -0.218552 0.652192 0.674436
34.199997 -4.828768 2.205856 0.862275 0.167990 -0.171166 0.658100 0.713713
34.399993 -4.840243 1.991963 0.888126 -0.257995 0.267944 0.638102 0.674144
34.599991 -4.840967 1.822044 1.028357 -0.266231 0.273708 0.614298 0.690538
34.799993 -4.816571 1.981605 1.037437 -0.233558 0.219003 0.602980 0.730687
34.999997 -4.762928 2.491705 0.984869 0.161625 -0.199685 0.612042 0.747936
35.199997 -4.769921 2.893518 0.965549 0.284335 -0.183905 0.509797 0.790848
35.399997 -4.815834 3.014876 0.864882 0.106776 0.036516 0.484216 0.867641
35.599997 -4.799616 2.957272 0.743500 -0.120192 0.137939 0.402053 0.897151
35.799997 -4.697713 2.933702 0.662638 -0.032686 -0.137231 0.306153 0.941472
35.999997 -4.645045 2.895412 0.602751 -0.199657 -0.036349 0.156315 0.966634
36.199995 -4.723143 2.859258 0.520644 0.279238 0.048793 0.081246 0.955534
36.399993 -4.769227 2.828952 0.512612 0.275454 -0.070233 -0.067584 0.956360
36.599997 -4.840085 2.436671 0.483690 -0.303525 -0.045364 -0.157718 0.938584
36.799997 -4.952428 2.130522 0.555320 -0.364485 -0.011720 -0.196684 0.910126
36.999996 -5.009587 2.068091 0.545084 -0.108564 0.052580 -0.323858 0.938384
37.199966 -4.931942 2.186307 0.524360 0.270313 0.061612 -0.368454 0.887342
37.399918 -4.834938 2.192511 0.590109 0.250412 -0.022826 -0.448628 0.857616
37.599995 -4.860844 1.945412 0.571072 -0.126097 -0.114023 -0.546999 0.819689
37.799996 -4.951190 1.712533 0.633333 -0.298714 -0.059634 -0.534475 0.788384
37.999995 -4.977278 1.704376 0.675391 -0.154681 0.042467 -0.572909 0.803770
38.199991 -4.850583 1.831940 0.668152 0.088786 0.019523 -0.555593 0.826470
38.399991 -4.704374 1.927639 0.708823 0.021460 -0.156442 -0.517880 0.840753
38.599996 -4.685537 2.003304 0.732494 -0.182355 -0.149001 -0.455258 0.858653
38.799995 -4.768442 2.204746 0.732321 -0.153192 0.079294 -0.409420 0.895891
38.999994 -4.765670 2.518580 0.716797 -0.037736 -0.052393 -0.310003 0.948541
39.199995 -4.710262 2.869675 0.704595 -0.090905 -0.098910 -0.215132 0.967301
39.399995 -4.698830 3.281729 0.709816 -0.143569 -0.017980 -0.123501 0.981739
39.599996 -4.729174 3.785159 0.684149 -0.090400 0.037257 -0.039972 0.994405
39.799996 -4.744910 4.368880 0.645995 -0.083451 0.003385 0.046625 0.995415
39.999997 -4.766983 5.013993 0.601899 -0.109817 0.000489 0.119944 0.986688
40.199997 -4.807040 5.724252 0.540661 -0.082294 0.019010 0.170834 0.981673
40.399997 -4.846833 6.514623 0.490552 -0.059491 0.038944 0.221898 0.972474
40.599997 -4.862742 7.339380 0.423593 -0.062191 0.050144 0.257094 0.963079
40.799997 -4.849803 8.209009 0.337899 0.027187 0.021439 0.269794 0.962295
40.999995 -4.804455 9.115945 0.316158 0.320490 -0.151695 0.197771 0.913872
41.199997 -4.793950 9.815795 0.194502 -0.205067 0.014335 0.229387 0.951380
41.399996 -4.876292 10.498347 0.090466 -0.533324 0.261606 0.172919 0.785638
41.599997 -4.862797 11.611357 -0.184245 0.047821 0.045153 0.196598 0.978276
41.799996 -4.684906 13.000077 -0.368868 0.211448 -0.113657 0.171979 0.955403
41.999995 -4.585151 14.160439 -0.559401 0.265927 -0.128669 0.165991 0.940837
42.199996 -4.583599 14.977599 -0.722732 -0.023304 0.070779 0.179532 0.980926
42.399997 -4.517376 15.699199 -0.847687 -0.313555 0.123413 0.111308 0.934913
42.599997 -4.385737 16.604024 -0.892461 -0.247619 -0.166007 0.128126 0.945891
42.799996 -4.334409 17.719032 -1.044499 0.048597 -0.122608 0.019915 0.991065
42.999992 -4.433392 18.835882 -1.192178 0.080770 0.091888 -0.066305 0.990271
43.199996 -4.515288 19.846960 -1.318830 -0.064848 0.033841 -0.165281 0.983530
43.399997 -4.515929 20.842392 -1.459643 -0.031908 -0.071098 -0.251896 0.964611
43.599995 -4.565100 21.846525 -1.579225 -0.008508 0.012290 -0.339887 0.940348
43.799995 -4.639195 22.850081 -1.673826 -0.059688 0.045831 -0.426849 0.901186
43.999993 -4.679977 23.839785 -1.760156 -0.041034 0.027069 -0.495907 0.866983
44.199992 -4.677107 24.813157 -1.864609 -0.059835 -0.011658 -0.557213 0.828129
44.399991 -4.677867 25.814948 -1.964196 -0.078100 -0.007858 -0.610889 0.787815
44.599993 -4.674158 26.842929 -2.075807 -0.151347 0.001203 -0.649214 0.745395
