0.800000 -0.000378 -0.000435 -0.000133 0.000026 -0.000047 -0.000075 1.000000
8.600000 -0.001546 -0.007220 0.021967 -0.142665 -0.127130 0.011512 0.981505
9.050000 -0.292433 0.287601 -0.089591 0.156227 0.173829 0.018095 0.972136
9.200000 -0.444145 0.464841 -0.161933 0.035008 -0.013346 0.008454 0.999262
9.450000 -0.513270 0.511716 -0.170257 -0.029866 -0.162496 0.010539 0.986201
9.650000 -0.756315 0.591887 -0.107694 0.103629 -0.025878 0.014987 0.994166
9.850000 -1.066288 0.626885 -0.029936 0.049145 0.140048 0.017448 0.988770
10.000000 -1.245476 0.591946 0.046771 0.002325 0.007667 0.003155 0.999963
10.250000 -1.337096 0.563295 0.159614 0.062630 -0.100892 -0.000883 0.992924
10.650000 -1.756484 0.383411 0.386122 -0.006827 0.064112 -0.000212 0.997919
11.050000 -2.056766 0.113899 0.497719 0.140536 -0.039166 -0.008370 0.989265
11.450000 -2.337989 -0.335014 0.644646 -0.054585 0.117711 -0.007663 0.991517
11.850000 -2.377333 -0.777492 0.788905 -0.027320 -0.094461 0.065556 0.992992
12.050000 -2.376235 -0.935874 0.841317 -0.073010 0.011947 0.136475 0.987877
12.450000 -2.367341 -1.096919 0.894151 -0.051575 0.024754 0.323163 0.944612
12.650000 -2.294096 -1.127525 0.893844 -0.054541 -0.010720 0.425384 0.903304
12.800000 -2.265429 -1.118322 0.878940 -0.022603 0.003844 0.516550 0.855950
13.200000 -2.237609 -0.981860 0.824809 -0.053249 0.053937 0.649375 0.756682
13.600000 -2.154327 -0.603845 0.724695 -0.028687 0.006166 0.728971 0.683915
14.250000 -2.151436 0.134349 0.531350 -0.034420 0.010091 0.772224 0.634337
14.650000 -2.198087 0.764900 0.401721 -0.016329 -0.009474 0.782052 0.622927
15.050000 -2.281173 1.391805 0.318964 -0.001089 -0.011285 0.792655 0.609565
15.450000 -2.367060 1.989212 0.323146 -0.013047 -0.002060 0.818994 0.573649
15.800000 -2.475530 2.609038 0.357548 -0.015978 -0.016696 0.868493 0.495162
16.250000 -2.597458 3.192142 0.400956 -0.048058 -0.007091 0.947683 0.315496
16.650000 -2.807395 3.828759 0.375025 -0.028114 -0.013086 0.982785 0.182131
17.000000 -2.968794 4.459660 0.314263 0.092390 0.031688 0.967660 0.232582
17.450000 -3.026853 5.022917 0.227970 -0.074324 -0.063808 0.984142 0.147880
17.650000 -3.058631 5.293392 0.232267 -0.119483 -0.085995 0.988154 0.043366
17.800000 -3.245002 5.497167 0.260039 -0.062891 -0.065199 0.992609 -0.080758
18.450000 -3.865934 5.669220 0.438949 -0.041498 -0.028533 0.979088 -0.197106
18.800000 -4.370531 5.601590 0.582303 -0.023962 -0.004219 0.985862 -0.165782
19.200000 -5.015721 5.507090 0.689386 0.005910 0.005548 0.997519 -0.069929
19.600000 -5.599810 5.405951 0.723810 0.056404 0.009319 0.990949 0.121456
19.800000 -5.810921 5.368764 0.713193 0.054815 0.021452 0.966044 0.251582
20.000000 -5.961427 5.347498 0.682158 0.037970 0.034891 0.918227 0.392684
20.250000 -6.083002 5.343868 0.650932 0.035122 0.037399 0.849825 0.524561
20.400000 -6.176942 5.343212 0.615166 0.033830 0.038725 0.760579 0.647206
20.600000 -6.236304 5.329143 0.580161 0.028118 0.040994 0.642576 0.764607
20.850000 -6.238423 5.305759 0.558926 0.020553 0.045968 0.518013 0.853889
21.000000 -6.185262 5.298502 0.538456 0.007326 0.047219 0.360168 0.931663
21.200000 -6.096168 5.313753 0.520370 0.004472 0.047344 0.221749 0.973944
21.450000 -5.975033 5.330809 0.507984 0.000699 0.049357 0.092036 0.994531
21.600000 -5.811332 5.342508 0.512041 -0.011098 0.047305 -0.027838 0.998431
21.800000 -5.585416 5.361376 0.521599 -0.008907 0.038033 -0.135670 0.989984
22.200000 -4.983655 5.411885 0.538185 0.003607 0.015515 -0.319993 0.947286
22.600000 -4.390512 5.425200 0.542916 0.025650 -0.002239 -0.466597 0.884095
23.000000 -3.871753 5.349584 0.545822 0.056658 -0.013591 -0.588724 0.806232
23.400000 -3.427433 5.147900 0.540944 0.063434 -0.014227 -0.696349 0.714753
23.850000 -3.122120 4.849283 0.522991 0.060354 -0.007460 -0.783508 0.618399
24.250000 -2.986515 4.453575 0.493081 0.044949 -0.042067 -0.851088 0.521401
24.850000 -3.181268 3.903289 0.414237 -0.052371 0.041746 0.913441 -0.401423
25.450000 -3.734126 3.501890 0.299246 -0.015407 0.017115 0.922199 -0.386029
25.800000 -4.204491 3.319976 0.217026 0.008792 -0.038908 0.875103 -0.482290
26.200000 -4.609414 3.051277 0.069845 -0.008596 0.114653 -0.761964 0.637332
26.400000 -4.722858 2.880217 0.022437 0.039659 0.099687 -0.681651 0.723769
26.650000 -4.789479 2.612765 -0.035618 0.033235 0.020583 -0.592331 0.804746
27.000000 -4.936180 2.013110 -0.094874 -0.020355 0.068622 -0.478747 0.875031
27.400000 -4.898965 1.405956 -0.116637 -0.001060 -0.016913 -0.467679 0.883736
27.800000 -4.848409 0.802626 -0.093767 -0.104580 -0.064524 -0.449384 0.884847
28.600000 -4.854723 0.423131 -0.013376 -0.081264 -0.001795 -0.320954 0.943600
29.000000 -4.854331 0.577664 0.038260 -0.017140 -0.009240 -0.210185 0.977468
29.200000 -4.860814 0.680845 0.061567 0.148405 0.043309 -0.169321 0.973360
29.600000 -4.831917 0.581413 0.025803 -0.016168 -0.019244 -0.190645 0.981337
30.000000 -4.834804 0.425904 0.081080 0.075747 0.039045 -0.307337 0.947777
30.400000 -4.851572 0.086575 0.114727 0.014955 -0.002046 -0.468043 0.883577
30.800000 -4.847378 -0.354982 0.167466 0.020126 0.042292 -0.597953 0.800162
31.250000 -4.778636 -0.896867 0.226065 -0.004227 -0.021795 -0.722402 0.691117
31.600000 -4.831565 -1.411438 0.256086 -0.000976 -0.001767 -0.801457 0.598049
32.000000 -4.871355 -1.968653 0.238040 -0.037077 0.024443 0.879744 -0.473368
32.250000 -4.934790 -2.252906 0.230985 -0.057079 0.030191 0.931857 -0.357033
32.400000 -5.081979 -2.568605 0.215312 -0.033976 0.018932 0.978403 -0.203016
32.650000 -5.271665 -2.883231 0.172668 -0.021973 0.038822 0.998254 -0.038726
32.800000 -5.468398 -3.147243 0.133773 -0.033389 0.055024 0.989065 0.132697
33.000000 -5.669461 -3.358519 0.094702 -0.009512 0.084027 0.953305 0.289927
33.200000 -5.892994 -3.518160 0.058984 0.043452 0.072233 0.902298 0.422792
33.400000 -6.104857 -3.619763 0.017007 0.010314 0.027698 0.856563 0.515195
34.000000 -6.657348 -3.789223 -0.096508 0.021052 0.097692 0.800634 0.590761
34.850000 -6.858666 -3.339910 0.118123 0.014050 0.058408 0.734542 0.675898
35.200000 -6.773200 -2.926736 0.420222 -0.013406 0.027973 0.649463 0.759760
35.400000 -6.676683 -2.653294 0.602871 -0.054522 -0.175559 0.597457 0.780546
35.650000 -6.673092 -2.399796 0.738162 0.069839 -0.118371 0.561975 0.815656
35.850000 -6.777358 -2.236055 0.786832 0.030555 0.144839 0.521361 0.840399
36.000000 -6.778142 -2.159208 0.814996 -0.210583 0.243190 0.470069 0.821918
36.200000 -6.645217 -1.899360 0.768448 -0.024097 -0.095246 0.472964 0.875587
36.450000 -6.542264 -1.482664 0.737072 0.213783 -0.226014 0.402656 0.860861
36.600000 -6.586280 -1.237167 0.713622 0.181502 -0.020107 0.386203 0.904157
36.800000 -6.633721 -1.208717 0.612611 -0.044282 0.140284 0.356000 0.922835
37.050000 -6.556351 -1.205835 0.539701 -0.080958 -0.069976 0.302195 0.947221
37.200000 -6.508750 -1.128560 0.453830 0.145061 -0.100770 0.228416 0.957408
37.400000 -6.583622 -1.118095 0.380746 0.084355 0.100158 0.165633 0.977455
37.650000 -6.606240 -1.236675 0.286338 -0.127524 0.077361 0.099400 0.983805
37.800000 -6.502036 -1.390440 0.232713 -0.157419 -0.121274 0.082490 0.976579
38.050000 -6.471446 -1.413580 0.165337 0.048392 -0.014023 0.069013 0.996343
38.250000 -6.525012 -1.383826 0.167694 0.169515 0.069329 0.090830 0.978881
38.400000 -6.527192 -1.465874 0.180614 0.047906 0.016633 0.117847 0.991736
38.650000 -6.471616 -1.647756 0.173728 -0.165996 -0.026330 0.154412 0.973606
39.000000 -6.477368 -1.570714 0.145192 0.011756 0.008966 0.224652 0.974327
39.400000 -6.526213 -1.247575 0.062842 -0.089855 0.038831 0.336176 0.936698
39.800000 -6.568898 -0.773879 -0.029031 -0.022552 0.012097 0.496067 0.867907
40.250000 -6.612246 -0.234334 -0.149834 -0.045089 0.022869 0.648585 0.759461
40.600000 -6.647948 0.411437 -0.200637 0.012704 -0.027540 0.740579 0.671285
41.000000 -6.701520 0.908641 -0.174460 -0.013837 0.037960 0.741275 0.669985
41.400000 -6.750911 1.602130 -0.100197 0.089096 -0.050884 0.652759 0.750585
41.800000 -6.756993 2.021720 -0.047342 0.045887 -0.028229 0.524043 0.849986
42.200000 -6.759456 2.189042 0.013066 0.074949 -0.038299 0.378938 0.921587
42.600000 -6.748943 2.179890 0.065689 0.046771 -0.002613 0.248183 0.967580
43.000000 -6.744139 1.969031 0.113528 0.061873 -0.005779 0.127757 0.989857
43.400000 -6.746175 1.547018 0.133706 0.037892 0.007641 0.026148 0.998910
43.800000 -6.714713 0.972118 0.137954 0.015831 0.021413 -0.053747 0.998199
44.200000 -6.631905 0.311282 0.138107 -0.001093 -0.019027 -0.105067 0.994283
44.600000 -6.595089 -0.339577 0.139590 -0.014015 -0.008623 -0.126287 0.991857
45.000000 -6.588491 -0.958436 0.152888 -0.035092 0.018617 -0.090473 0.995106
45.450000 -6.504797 -1.490922 0.193089 -0.058078 0.045621 -0.037034 0.996581
46.050000 -6.131705 -2.082550 0.263817 -0.053766 0.031739 0.064540 0.995960
46.600000 -5.569224 -2.247377 0.285585 0.081250 -0.031445 0.149465 0.984921
47.200000 -5.097936 -2.602496 0.198591 0.032687 -0.035451 0.069457 0.996419
47.650000 -4.887333 -3.075006 0.173495 0.027584 -0.022027 -0.137442 0.989881
47.850000 -4.830510 -3.384872 0.158795 0.010094 -0.022019 -0.258895 0.965602
48.050000 -4.803085 -3.734288 0.147161 0.008848 -0.018092 -0.384121 0.923063
48.250000 -4.778838 -4.076809 0.125044 0.010350 -0.014285 -0.492332 0.870229
48.400000 -4.765831 -4.372606 0.125203 -0.019176 -0.039025 -0.588571 0.807276
48.600000 -4.780263 -4.646069 0.138081 -0.034063 0.015023 -0.677229 0.734830
48.850000 -4.798833 -4.902464 0.127378 0.004571 0.049718 -0.750144 0.659387
49.200000 -4.800951 -5.565032 0.070830 -0.026930 0.048210 0.864284 -0.499964
49.450000 -4.847301 -5.859543 0.059542 0.019843 0.025503 0.916579 -0.398547
49.600000 -4.910871 -6.116399 0.047882 0.000744 0.002506 0.961167 -0.275954
49.800000 -4.962613 -6.403255 0.080118 -0.081011 0.078458 0.981162 -0.156855
50.250000 -5.290993 -6.875261 0.228370 0.069144 0.078683 0.994498 0.001534
51.000000 -5.539029 -7.171902 0.425384 0.010105 0.055246 0.986430 0.154277
51.400000 -5.530258 -7.106604 0.398631 0.038691 0.093045 0.935865 0.337642
51.600000 -5.442480 -6.985298 0.354846 -0.009018 0.067828 0.891190 0.448440
51.800000 -5.319901 -6.789412 0.305789 -0.032681 0.030789 0.821064 0.569068
52.000000 -5.196195 -6.564651 0.254746 -0.014174 0.025749 0.731102 0.681635
52.200000 -5.066677 -6.330898 0.202490 -0.021987 0.041399 0.624541 0.779584
52.450000 -4.947500 -6.067914 0.158371 -0.006961 0.025886 0.511005 0.859160
52.600000 -4.814501 -5.782138 0.120790 0.025192 0.009987 0.397678 0.917125
52.850000 -4.671490 -5.491055 0.094027 0.020983 -0.040599 0.283250 0.957957
53.000000 -4.535832 -5.238922 0.065372 0.049333 -0.028244 0.186545 0.980801
53.200000 -4.431195 -5.046528 0.068800 0.065599 0.141111 0.114219 0.981192
53.400000 -4.225396 -4.906430 0.092407 -0.025448 -0.070301 0.071051 0.994667
53.600000 -3.989213 -4.759371 0.135636 -0.030453 -0.201854 0.049776 0.977676
53.800000 -3.950685 -4.569004 0.170804 0.075694 0.044286 0.047605 0.995009
54.000000 -3.970995 -4.392325 0.218751 0.162222 0.259174 0.086575 0.948165
54.250000 -3.794516 -4.356944 0.251146 0.056045 0.115405 0.076369 0.988791
54.400000 -3.451975 -4.422071 0.235420 -0.016117 -0.099854 0.084544 0.991273
54.850000 -2.900327 -4.552850 0.233395 0.074154 0.149794 0.142566 0.975570
55.050000 -2.589634 -4.641226 0.268335 -0.053399 -0.025838 0.164927 0.984520
55.450000 -1.975657 -4.771050 0.316078 -0.005595 0.002430 0.214917 0.976613
55.800000 -1.472676 -4.888589 0.367388 -0.114101 -0.165892 0.312312 0.928397
56.050000 -1.335111 -4.892248 0.350273 -0.021886 -0.097123 0.367349 0.924739
56.400000 -1.264901 -4.906193 0.325644 -0.065774 -0.045208 0.468174 0.880024
56.800000 -1.265369 -4.893371 0.327642 -0.018147 -0.049343 0.585128 0.809235
57.000000 -1.360678 -4.883440 0.339501 0.134034 0.187420 0.615896 0.753380
57.200000 -1.330140 -4.886099 0.273443 0.018967 0.125769 0.667019 0.734104
57.400000 -1.141346 -4.873672 0.214172 -0.068278 -0.001456 0.669430 0.739729
57.650000 -0.946271 -4.794215 0.185047 -0.000021 -0.093940 0.639716 0.762850
57.850000 -0.812052 -4.749595 0.142398 0.061131 0.017078 0.570621 0.818757
58.050000 -0.652449 -4.767633 0.151687 -0.031878 0.080435 0.466076 0.880504
58.200000 -0.460522 -4.760485 0.166847 -0.034136 -0.027243 0.325869 0.944406
58.450000 -0.276886 -4.743032 0.180909 0.033733 -0.052520 0.156624 0.985684
58.650000 -0.129064 -4.745376 0.214135 0.020849 0.004437 -0.026396 0.999424
58.800000 0.000156 -4.778102 0.250562 -0.005849 -0.008118 -0.211350 0.977359
59.000000 0.154389 -4.805503 0.281596 0.017853 -0.049991 -0.380832 0.923119
59.200000 0.294049 -4.829568 0.294569 0.093569 -0.028864 -0.527644 0.843803
59.400000 0.396474 -4.890689 0.288354 0.107505 0.008632 -0.656167 0.746869
59.600000 0.457576 -5.035470 0.285693 0.077138 -0.016266 -0.764865 0.639349
59.850000 0.482873 -5.238569 0.285718 0.043195 -0.003066 -0.841615 0.538339
60.000000 0.480938 -5.476037 0.287422 -0.024193 -0.023843 0.897624 -0.439451
60.450000 0.512047 -5.994590 0.306099 0.004054 0.072222 0.947599 -0.311165
61.000000 0.719365 -6.399669 0.390403 -0.108504 -0.024397 0.981657 -0.154856
61.400000 0.693769 -6.654112 0.508414 -0.055647 0.025926 0.997659 0.030124
61.800000 0.475588 -6.922925 0.579040 -0.038706 0.038320 0.976682 0.207667
62.200000 0.277800 -6.966900 0.614766 0.029644 0.079779 0.942129 0.324267
63.200000 0.409397 -6.266211 0.752606 -0.015515 0.033364 0.925437 0.377110
63.600000 0.532014 -5.735916 0.801746 -0.079663 -0.034821 0.936541 0.339606
64.000000 0.465062 -5.236200 0.859700 -0.041934 -0.057905 0.955609 0.285833
64.600000 0.028247 -4.754840 0.929242 -0.061836 -0.063303 0.974940 0.204109
65.000000 -0.482430 -4.638322 0.951912 -0.045002 -0.051389 0.983891 0.165202
65.400000 -1.130126 -4.668761 0.944630 -0.029856 -0.019039 0.987651 0.152618
65.800000 -1.848694 -4.761396 0.913842 -0.027837 0.011552 0.984814 0.170979
66.200000 -2.629242 -4.815865 0.857809 -0.011523 0.020086 0.974750 0.222094
66.650000 -3.390874 -4.811807 0.819419 -0.021376 0.040717 0.954505 0.294626
67.050000 -4.105639 -4.691734 0.811258 -0.028639 0.058201 0.921573 0.382746
67.450000 -4.674494 -4.384339 0.834066 0.000918 0.047701 0.882178 0.468493
67.850000 -5.046557 -3.922962 0.846805 -0.023331 0.045402 0.835104 0.547718
68.200000 -5.349410 -3.333970 0.887555 0.026317 -0.013819 0.792632 0.608976
68.600000 -5.541493 -2.819488 0.916602 0.015018 -0.003681 0.758296 0.651727
69.200000 -5.643012 -2.072278 0.939656 -0.026167 -0.001418 0.730161 0.682772
69.600000 -5.694126 -1.513066 0.937277 -0.033128 0.002347 0.720907 0.692235
70.000000 -4.892294 -0.941408 0.718161 -0.029786 0.001488 0.703342 0.710226
70.450000 -4.918617 -0.361659 0.697117 -0.034875 -0.009783 0.682856 0.729655
70.800000 -4.923332 0.174561 0.676249 -0.037634 -0.010900 0.651118 0.757964
71.250000 -4.955854 0.787502 0.666872 -0.036570 -0.015470 0.600706 0.798483
71.650000 -4.845627 1.509635 0.686261 -0.007348 0.017615 0.516998 0.855774
72.050000 -4.801964 2.169437 0.693818 0.018454 0.007192 0.411043 0.911401
72.400000 -4.619664 2.710569 0.706444 0.046231 0.013363 0.276269 0.959875
72.850000 -4.258753 3.100093 0.730036 0.050953 0.001997 0.126190 0.990695
73.250000 -3.789994 3.385330 0.753435 0.031951 0.004387 -0.021250 0.999254
73.600000 -3.207056 3.576555 0.744369 0.008376 -0.028147 -0.129179 0.991186
74.050000 -2.575330 3.710130 0.686107 -0.007383 -0.017441 -0.158911 0.987111
74.450000 -1.944850 3.873590 0.609305 -0.022219 -0.020205 -0.127593 0.991372
74.850000 -1.329348 4.130233 0.550777 -0.052030 -0.020590 -0.052324 0.997061
75.050000 -1.049902 4.333431 0.538549 0.063069 -0.002887 -0.008098 0.997972
75.450000 -0.464780 4.589105 0.644104 0.006796 -0.024361 0.066853 0.997442
75.850000 0.172365 4.794276 0.712733 -0.143752 0.002820 0.110474 0.983424
76.050000 0.485496 5.031035 0.674383 0.159281 -0.041865 0.135832 0.976947
76.400000 1.095384 5.197808 0.414911 0.018691 -0.059832 0.125671 0.990090
76.800000 1.568743 5.206429 0.151987 0.091912 -0.041253 0.067654 0.992609
77.400000 2.124589 4.981487 -0.046974 0.007663 -0.096612 -0.050339 0.994019
78.050000 2.381313 4.707550 -0.252624 0.049053 -0.095505 0.174595 0.978769
78.200000 2.330373 4.505305 -0.260306 0.045281 -0.051286 0.316012 0.946285
78.400000 2.271216 4.251533 -0.232665 0.017429 -0.049432 0.450818 0.891076
78.650000 2.202015 4.019876 -0.180151 0.001013 -0.036660 0.569014 0.821509
78.800000 2.124901 3.779591 -0.131439 0.001246 -0.006337 0.663922 0.747774
79.250000 1.981179 3.267554 -0.023883 -0.021964 0.009461 0.750668 0.660247
79.850000 1.957687 2.709071 0.100188 -0.050422 0.042938 0.718840 0.692013
80.050000 1.968134 2.647970 0.126859 0.068330 -0.003540 0.692070 0.718581
80.600000 2.295930 2.277407 0.250642 0.001616 0.012945 0.631328 0.775406
81.250000 2.878975 1.896269 0.401505 0.041618 0.020218 0.629055 0.775983
81.650000 3.526217 1.526397 0.594604 -0.035552 -0.015981 0.658147 0.751880
82.050000 4.107645 1.279517 0.736347 -0.053904 0.010699 0.718152 0.693713
82.250000 4.395983 1.291031 0.828357 0.000478 -0.094065 0.771453 0.629295
82.650000 4.868768 1.132667 0.964604 -0.041920 -0.049628 0.853038 0.517790
83.250000 5.227480 0.671754 0.923109 0.009700 -0.077789 0.822633 0.563142
83.650000 5.315386 0.187501 0.744631 -0.062787 -0.058345 0.779218 0.620864
84.050000 5.290490 -0.345797 0.458742 -0.011469 -0.063511 0.873682 0.482197
84.200000 5.179307 -0.646147 0.300940 0.039687 -0.043059 0.932365 0.356745
84.450000 5.067484 -0.922907 0.156642 0.016014 0.025142 0.973451 0.226945
84.650000 5.022566 -1.225230 0.071355 -0.022005 0.038646 0.992111 0.117208
84.850000 4.983817 -1.515155 0.016852 -0.012881 0.001536 0.999914 -0.001756
85.000000 4.924286 -1.813948 -0.012481 0.028299 -0.060789 0.987331 -0.143809
85.200000 4.889621 -2.112636 -0.009609 0.028526 -0.049179 0.955533 -0.289350
85.400000 4.872843 -2.444064 0.030576 0.052768 0.009245 0.911649 -0.407462
85.800000 5.026325 -2.968710 0.072865 0.032561 0.006121 0.950021 -0.310422
86.000000 5.158241 -3.160472 0.120573 -0.016245 -0.058670 0.991047 -0.118822
86.200000 5.295333 -3.419255 0.171654 -0.155472 -0.072683 0.982785 0.068401
86.400000 5.353061 -3.750864 0.191868 -0.135422 0.011403 0.973046 0.186311
86.800000 5.241664 -4.272890 0.227775 0.000627 0.000138 0.988103 0.153794
87.000000 5.238814 -4.508375 0.228325 -0.091058 0.000334 0.995805 0.008985
87.250000 5.187468 -4.718213 0.225390 -0.106257 0.030419 0.980617 -0.161787
87.400000 5.030373 -4.906265 0.226063 -0.061305 0.049406 0.941421 -0.327913
87.650000 4.747581 -5.034208 0.194613 -0.005191 0.022286 0.885982 -0.463154
87.800000 4.464939 -5.123346 0.147822 0.002687 0.033495 -0.822321 0.568031
88.200000 4.082237 -5.445977 0.065720 0.017961 0.069018 -0.705284 0.705329
88.600000 3.904206 -5.893006 -0.000892 0.016517 0.032686 -0.571906 0.819501
88.800000 3.864968 -6.122770 -0.027912 0.052640 0.058293 -0.483833 0.871628
89.050000 3.647225 -6.413517 -0.030100 0.022621 -0.019218 -0.402663 0.914867
89.400000 3.662408 -6.970901 0.019929 -0.176279 -0.010288 -0.232223 0.956500
89.600000 3.706975 -7.060984 0.058911 -0.044279 -0.057362 -0.156811 0.984967
89.850000 3.741169 -7.083933 0.070277 0.030493 0.043173 -0.095672 0.994009
90.000000 3.773727 -7.127445 0.122902 0.002188 0.160134 -0.047168 0.985965
90.250000 3.965296 -7.203749 0.166736 -0.007890 -0.055839 -0.017817 0.998250
90.800000 4.451095 -7.346215 0.311095 -0.170767 -0.415529 0.137140 0.882818
91.050000 4.263583 -7.280510 0.200623 0.052136 0.041154 0.135885 0.988496
91.200000 3.914466 -7.218570 0.196907 -0.004737 0.248922 0.197448 0.948172
