0.800000 -0.000378 -0.000435 -0.000133 0.000026 -0.000047 -0.000075 1.000000
8.600000 -0.009257 0.004636 0.018434 -0.138225 -0.133320 0.012136 0.981312
9.000000 -0.295021 0.285738 -0.050390 0.010537 0.113625 0.004255 0.993459
9.450000 -0.438138 0.602077 -0.070489 -0.069009 -0.093035 -0.009833 0.993220
9.850000 -0.731664 1.128056 0.022459 -0.011473 -0.002159 -0.107378 0.994150
10.000000 -1.055444 1.433889 0.095592 0.035362 0.116107 -0.183096 0.975574
10.450000 -1.392917 1.924750 0.294229 -0.034045 -0.177669 -0.348187 0.919805
10.850000 -1.932975 2.562569 0.588335 -0.050617 0.157684 -0.459648 0.872524
11.250000 -2.438707 3.179806 0.777586 0.036698 -0.004899 -0.479964 0.876506
11.450000 -2.614458 3.435180 0.812852 0.082742 0.094418 -0.462746 0.877556
11.850000 -2.852155 3.734660 0.834038 -0.048204 0.000461 -0.440865 0.896278
12.250000 -2.926332 4.033104 0.680481 0.017377 0.100516 -0.395898 0.912611
12.400000 -2.889014 4.136866 0.568459 -0.001706 -0.005852 -0.358733 0.933420
12.850000 -2.815783 4.350997 0.308765 -0.040320 0.016276 -0.258665 0.964988
13.200000 -2.707370 4.682031 -0.019919 -0.107470 -0.004226 -0.120192 0.986907
13.600000 -2.561001 5.240168 -0.164395 0.126151 0.167574 -0.023259 0.977478
14.000000 -2.122852 5.422167 -0.130394 -0.017384 -0.064025 -0.087134 0.993985
14.450000 -1.632941 5.554561 0.043488 0.043936 0.125242 -0.218842 0.966691
14.850000 -1.082128 5.604832 0.331904 -0.002524 -0.052085 -0.332927 0.941510
15.250000 -0.641994 5.549484 0.586043 -0.000022 0.087243 -0.374232 0.923222
15.650000 -0.088548 5.551880 0.698545 -0.000101 -0.045971 -0.352122 0.934824
16.000000 0.435137 5.481980 0.642492 0.033476 0.028725 -0.244872 0.968551
16.450000 0.992263 5.313125 0.461052 -0.024735 -0.052715 -0.096788 0.993600
16.650000 1.226755 5.255530 0.334015 0.009718 0.063268 -0.024927 0.997638
17.050000 1.775603 5.083565 0.104776 -0.005144 -0.039612 0.085831 0.995509
17.450000 2.441059 4.964632 -0.051909 0.104004 0.000038 0.131963 0.985783
17.850000 3.065189 4.798690 -0.057251 -0.158938 0.086189 0.127868 0.975172
18.000000 3.435436 4.820018 -0.040848 -0.022403 -0.147961 0.125417 0.980753
18.400000 3.838514 4.891663 -0.028715 -0.038868 0.032801 0.031630 0.998205
18.800000 4.046378 5.004240 0.069684 0.009921 -0.156930 -0.092899 0.983181
19.000000 4.109938 5.118897 0.074626 0.037458 -0.051590 -0.175405 0.982430
19.450000 4.048088 5.295835 0.116937 0.044625 -0.047758 -0.345046 0.936307
19.800000 3.858481 5.357857 0.148782 0.038137 -0.023002 -0.499615 0.865102
20.200000 3.471834 5.288172 0.190738 0.067830 -0.001115 -0.622964 0.779304
20.600000 2.972476 5.115990 0.221278 0.001073 0.041203 -0.707358 0.705653
21.050000 2.507417 4.813919 0.263122 -0.007240 0.083557 -0.744815 0.661979
21.450000 2.235530 4.299583 0.322439 -0.015144 0.047342 -0.735242 0.675980
21.850000 2.100857 3.679424 0.361713 -0.043336 0.034882 -0.679340 0.731711
22.250000 2.142785 3.099128 0.365269 -0.030504 0.000000 -0.573179 0.818862
22.650000 2.329491 2.562274 0.262768 -0.056822 0.073274 -0.385880 0.917877
22.850000 2.485195 2.337144 0.216473 -0.036847 0.088007 -0.253769 0.962548
23.050000 2.677325 2.126617 0.173735 -0.028554 0.007205 -0.094487 0.995090
23.250000 2.842517 1.945734 0.138241 -0.055605 0.052239 0.040967 0.996243
23.650000 3.273616 1.671343 0.131012 0.052990 -0.023825 0.162748 0.984956
24.050000 3.836037 1.268875 0.177980 0.065599 -0.104754 0.102185 0.987057
24.400000 4.071839 0.694574 0.341532 -0.002160 0.015270 -0.092420 0.995601
24.650000 4.158731 0.380137 0.417317 0.015213 -0.060849 -0.229359 0.971319
24.850000 4.220877 0.052593 0.482559 0.026419 -0.042686 -0.369315 0.927947
25.050000 4.278693 -0.292808 0.527076 0.007290 -0.013122 -0.511943 0.858888
25.200000 4.311048 -0.626030 0.547552 -0.010021 -0.032378 -0.634357 0.772297
25.450000 4.287701 -0.928149 0.560625 -0.019098 -0.142113 -0.732980 0.664965
25.650000 4.216991 -1.120185 0.551987 -0.029382 -0.120484 -0.823562 0.553504
25.850000 4.095315 -1.204151 0.543194 0.026889 0.043932 0.897328 -0.438349
26.050000 3.957690 -1.280389 0.536884 -0.007632 0.007171 0.949825 -0.312605
26.250000 3.831825 -1.383576 0.534805 -0.033288 0.060156 0.979276 -0.190506
26.450000 3.687643 -1.464279 0.541346 -0.020393 0.100533 0.992069 -0.072631
26.650000 3.508490 -1.458109 0.532388 -0.017641 0.081472 0.995999 0.032202
27.050000 3.031887 -1.217396 0.485457 -0.057322 0.002429 0.979587 0.192658
27.450000 2.366538 -0.952479 0.468031 0.015089 0.025378 0.957820 0.285849
27.800000 1.742334 -0.635392 0.432844 -0.024421 0.028834 0.948608 0.314191
28.250000 1.114713 -0.212805 0.387753 -0.003983 -0.000207 0.944880 0.327393
28.650000 0.645110 0.216134 0.344065 -0.011571 0.025170 0.940803 0.337821
29.050000 0.144692 0.691304 0.301104 -0.002916 0.006998 0.938424 0.345401
29.450000 -0.559256 1.194074 0.253932 -0.017912 0.029903 0.950597 0.308464
29.850000 -1.209732 1.765398 0.254201 0.005001 0.001140 0.971636 0.236426
30.250000 -1.793935 2.410265 0.294440 0.003713 -0.025560 0.986484 0.161811
30.650000 -2.400344 2.941765 0.323971 0.001001 -0.050481 0.996064 0.072856
31.000000 -3.027276 3.290156 0.330307 0.073343 -0.103146 0.990608 -0.051745
31.250000 -3.303504 3.375369 0.386748 0.226812 0.060567 0.967391 -0.095093
31.400000 -3.388152 3.458778 0.380218 0.083054 -0.038788 0.989816 -0.108916
31.650000 -3.355315 3.598793 0.372742 -0.053682 -0.108936 0.987141 -0.103942
32.050000 -3.464074 3.577362 0.314698 0.083388 0.027146 0.996024 -0.015667
32.200000 -3.535812 3.504757 0.264372 -0.025274 0.028793 0.997114 0.065537
32.650000 -3.697968 3.494200 0.191084 -0.077245 -0.020251 0.971023 0.225250
33.050000 -4.128787 3.508035 0.076842 0.031187 -0.021249 0.966322 0.254555
33.400000 -4.484253 3.409682 0.036133 0.037709 0.084363 0.974291 0.205471
34.000000 -4.835624 3.616932 0.021889 0.154644 -0.093221 0.967783 0.175473
34.250000 -4.864489 3.668000 0.024760 0.066063 0.000258 0.981912 0.177441
35.050000 -4.716039 3.419171 0.084340 -0.147970 0.167095 0.962780 0.152443
35.250000 -4.724299 3.459937 0.157375 0.226497 -0.028641 0.953759 0.195507
35.600000 -4.343658 3.473020 0.438398 -0.020368 0.062730 0.943626 0.324376
35.850000 -4.031305 3.450397 0.602446 -0.123844 0.093066 0.881939 0.445179
36.000000 -3.814613 3.514880 0.737476 -0.015118 0.029104 0.805197 0.592100
36.250000 -3.640859 3.622229 0.853479 0.124820 0.046406 0.670900 0.729492
36.450000 -3.346499 3.691536 0.925690 0.042346 0.063073 0.514647 0.854030
36.650000 -2.980512 3.723938 0.959710 -0.112505 0.004161 0.347723 0.930814
36.850000 -2.628483 3.836370 0.953796 -0.055480 -0.048759 0.198943 0.977224
37.050000 -2.339286 4.011303 0.917535 0.007793 0.032752 0.076024 0.996537
37.450000 -1.762959 4.332856 0.832029 -0.058130 -0.005687 -0.048934 0.997093
37.850000 -1.152995 4.757710 0.794283 -0.007050 -0.010905 -0.053412 0.998488
38.000000 -0.867261 4.964286 0.803989 -0.174299 -0.083143 -0.017697 0.981017
38.250000 -0.650618 5.261547 0.757990 -0.014958 -0.066407 0.017686 0.997524
38.450000 -0.509333 5.607923 0.687730 0.190651 -0.034280 0.034378 0.980457
38.850000 -0.317642 5.785656 0.575451 -0.008137 0.001992 0.073278 0.997276
39.650000 0.082002 5.662059 0.521896 -0.014592 0.007456 -0.069389 0.997455
39.850000 0.182527 5.571208 0.549557 -0.037529 0.027449 -0.197986 0.979101
40.050000 0.295914 5.530505 0.576791 -0.016742 0.020759 -0.354360 0.934729
40.200000 0.388874 5.503797 0.598422 -0.013759 0.005350 -0.515960 0.856485
40.450000 0.529557 5.432047 0.628888 -0.030063 -0.011959 -0.671874 0.739958
40.650000 0.645083 5.369783 0.656252 -0.044195 -0.019999 -0.799794 0.598312
40.800000 0.787675 5.368860 0.669903 0.042190 0.017830 0.895618 -0.442459
41.050000 0.936160 5.413204 0.676492 -0.010926 0.018865 0.949207 -0.313896
41.200000 1.100056 5.458632 0.674380 -0.103308 0.008238 0.971933 -0.211203
41.650000 1.245649 5.437446 0.678210 -0.036522 0.005386 0.994661 -0.096367
42.850000 0.748501 5.042178 0.657174 -0.029808 0.004108 0.989625 -0.140491
43.250000 0.295802 4.803999 0.709591 -0.023832 0.004094 0.985883 -0.165678
43.650000 -0.320528 4.561674 0.825870 0.014081 -0.004848 0.985819 -0.167152
44.050000 -0.963163 4.274477 0.957118 -0.002861 0.017327 0.987795 -0.154770
44.400000 -1.521946 4.035349 1.022665 0.010578 0.030275 0.988516 -0.147675
44.800000 -2.146821 3.861817 1.007299 -0.014198 0.018535 0.985744 -0.166625
45.200000 -2.907637 3.713836 0.918569 0.020721 0.004702 0.970611 -0.239712
45.650000 -3.558857 3.576162 0.775104 0.031308 -0.022222 0.936777 -0.347816
46.000000 -4.077868 3.394996 0.605117 0.040768 -0.052173 0.879099 -0.472018
46.400000 -4.467679 3.141076 0.442855 0.016473 0.074308 -0.809161 0.582636
46.850000 -4.736099 2.727374 0.369145 -0.121952 -0.049315 -0.723534 0.677639
47.250000 -4.856111 2.472337 0.324515 -0.065217 0.025684 -0.637637 0.767142
47.600000 -4.834493 2.494994 0.293926 -0.062978 -0.016138 -0.501103 0.862942
48.050000 -4.767817 2.687457 0.294676 -0.035954 0.097917 -0.316988 0.942676
48.200000 -4.651127 2.838352 0.299098 -0.024791 0.051130 -0.195230 0.979110
48.400000 -4.480547 2.993693 0.299015 -0.028247 0.025835 -0.062613 0.997304
48.600000 -4.303953 3.167554 0.294041 0.004438 0.076265 0.075455 0.994219
48.850000 -4.089143 3.351429 0.309466 0.037374 0.043044 0.215840 0.974763
49.000000 -3.822323 3.488761 0.325234 0.015910 -0.014904 0.359625 0.932842
49.250000 -3.574374 3.589795 0.340849 -0.008120 -0.022256 0.488455 0.872268
49.450000 -3.362433 3.701294 0.351899 -0.021568 -0.018288 0.598213 0.800838
49.650000 -3.194300 3.835608 0.373057 -0.037217 -0.024544 0.694796 0.717824
49.800000 -3.052106 3.979678 0.401648 -0.052537 -0.024992 0.772762 0.632024
50.050000 -2.947542 4.129919 0.430453 -0.046901 -0.017058 0.837650 0.543923
50.250000 -2.889176 4.287894 0.456240 -0.044425 -0.009651 0.888659 0.456310
50.600000 -2.891964 4.638868 0.542247 -0.049321 -0.008942 0.954751 0.293151
51.050000 -3.057176 5.005196 0.672828 -0.046145 -0.015119 0.985948 0.159841
51.600000 -3.521453 5.384041 0.855704 -0.047531 -0.027854 0.997159 0.051374
52.000000 -4.005424 5.518725 0.893180 0.180064 -0.037377 0.982944 -0.000567
52.400000 -4.190506 5.584506 0.801402 -0.037302 -0.076378 0.992662 -0.086012
52.800000 -4.350163 5.430668 0.702341 0.018185 -0.059481 0.966804 -0.247835
53.200000 -4.544589 5.049050 0.618027 0.000099 -0.054292 0.908020 -0.415393
53.650000 -4.581700 4.726066 0.546187 0.059924 0.119012 -0.808644 0.573010
53.800000 -4.661081 4.702514 0.593772 0.145940 0.414772 -0.702885 0.559123
54.050000 -4.639296 4.601585 0.677194 -0.327161 -0.618937 0.631796 -0.332740
