0.799989 -0.000378 -0.000435 -0.000133 0.000026 -0.000047 -0.000075 1.000000
0.999989 -0.001182 -0.000578 -0.000349 0.000043 -0.000129 -0.000170 1.000000
1.199989 -0.001968 -0.000702 -0.000641 0.000046 -0.000156 -0.000215 1.000000
1.399989 -0.002423 -0.000698 -0.000801 0.000054 -0.000191 -0.000222 1.000000
1.599989 -0.002780 -0.000682 -0.000840 0.000058 -0.000230 -0.000242 1.000000
1.799989 -0.002763 -0.000590 -0.000719 0.000032 -0.000225 -0.000236 1.000000
1.999989 -0.003107 -0.000586 -0.000693 0.000025 -0.000259 -0.000278 1.000000
2.199989 -0.003023 -0.000561 -0.000609 0.000015 -0.000236 -0.000263 1.000000
2.399989 -0.002970 -0.000563 -0.000617 0.000019 -0.000245 -0.000263 1.000000
2.599989 -0.002807 -0.000570 -0.000636 0.000021 -0.000231 -0.000251 1.000000
2.799989 -0.002661 -0.000580 -0.000643 0.000025 -0.000223 -0.000245 1.000000
2.999989 -0.002647 -0.000601 -0.000625 0.000024 -0.000223 -0.000245 1.000000
3.199989 -0.002586 -0.000587 -0.000583 0.000019 -0.000214 -0.000239 1.000000
3.399989 -0.002739 -0.000573 -0.000601 0.000019 -0.000228 -0.000251 1.000000
3.599989 -0.002884 -0.000572 -0.000638 0.000019 -0.000231 -0.000256 1.000000
3.799989 -0.002890 -0.000583 -0.000667 0.000020 -0.000229 -0.000253 1.000000
3.999989 -0.002864 -0.000593 -0.000672 0.000021 -0.000231 -0.000252 1.000000
4.199989 -0.002800 -0.000599 -0.000644 0.000021 -0.000230 -0.000251 1.000000
4.399989 -0.002782 -0.000592 -0.000625 0.000021 -0.000230 -0.000250 1.000000
4.599989 -0.002772 -0.000578 -0.000621 0.000020 -0.000228 -0.000251 1.000000
4.799989 -0.002794 -0.000576 -0.000629 0.000020 -0.000230 -0.000253 1.000000
4.999989 -0.002856 -0.000579 -0.000650 0.000020 -0.000233 -0.000254 1.000000
5.199989 -0.002903 -0.000590 -0.000666 0.000021 -0.000234 -0.000255 1.000000
5.399989 -0.002806 -0.000585 -0.000648 0.000020 -0.000227 -0.000248 1.000000
5.599989 -0.002821 -0.000581 -0.000646 0.000021 -0.000233 -0.000253 1.000000
5.799989 -0.002876 -0.000583 -0.000650 0.000020 -0.000234 -0.000255 1.000000
5.999989 -0.002943 -0.000597 -0.000660 0.000021 -0.000237 -0.000258 1.000000
6.199989 -0.002789 -0.000583 -0.000639 0.000018 -0.000223 -0.000247 1.000000
6.399989 -0.002789 -0.000578 -0.000640 0.000022 -0.000232 -0.000253 1.000000
6.599989 -0.002805 -0.000585 -0.000642 0.000021 -0.000230 -0.000253 1.000000
6.799989 -0.002773 -0.000587 -0.000631 0.000021 -0.000227 -0.000248 1.000000
6.999989 -0.002775 -0.000591 -0.000631 0.000022 -0.000228 -0.000251 1.000000
7.199989 -0.002760 -0.000586 -0.000629 0.000021 -0.000226 -0.000247 1.000000
7.399989 -0.002822 -0.000585 -0.000651 0.000020 -0.000230 -0.000254 1.000000
7.599989 -0.002919 -0.000597 -0.000675 0.000021 -0.000235 -0.000255 1.000000
7.799989 -0.002807 -0.000582 -0.000653 0.000018 -0.000224 -0.000247 1.000000
7.999989 -0.002869 -0.000576 -0.000654 0.000020 -0.000236 -0.000257 1.000000
8.199989 -0.002939 -0.000582 -0.000661 0.000020 -0.000237 -0.000259 1.000000
8.399989 -0.002836 -0.000583 -0.000647 0.000018 -0.000228 -0.000249 1.000000
8.599993 -0.001546 -0.007220 0.021967 -0.142665 -0.127130 0.011512 0.981505
8.799994 -0.064310 0.058009 0.018533 -0.169614 -0.194288 0.042045 0.965254
8.999978 -0.292433 0.287601 -0.089590 0.156227 0.173829 0.018095 0.972136
9.199986 -0.444145 0.464841 -0.161933 0.035008 -0.013346 0.008454 0.999262
9.399992 -0.513270 0.511716 -0.170257 -0.029866 -0.162496 0.010539 0.986201
9.599986 -0.756315 0.591887 -0.107694 0.103629 -0.025878 0.014987 0.994166
9.799986 -1.066288 0.626885 -0.029936 0.049145 0.140048 0.017448 0.988770
9.999988 -1.245476 0.591946 0.046771 0.002325 0.007667 0.003155 0.999963
10.199988 -1.337096 0.563295 0.159614 0.062630 -0.100892 -0.000883 0.992924
10.399989 -1.523439 0.509331 0.294038 0.078312 -0.011556 0.003397 0.996856
10.599989 -1.756485 0.383411 0.386122 -0.006827 0.064112 -0.000212 0.997919
10.799990 -1.935645 0.227182 0.447467 -0.041221 0.019750 -0.005567 0.998939
10.999990 -2.056766 0.113899 0.497719 0.140536 -0.039166 -0.008370 0.989265
11.199991 -2.188508 -0.057571 0.566728 0.069807 -0.008467 -0.007956 0.997493
11.399992 -2.337989 -0.335014 0.644646 -0.054585 0.117711 -0.007663 0.991517
11.599992 -2.417902 -0.592756 0.723533 -0.067208 0.105629 0.006359 0.992111
11.799993 -2.377333 -0.777492 0.788905 -0.027320 -0.094461 0.065556 0.992992
11.999994 -2.376235 -0.935874 0.841317 -0.073010 0.011947 0.136475 0.987877
12.199993 -2.403900 -1.038666 0.874810 -0.036740 0.090541 0.218055 0.971033
12.399994 -2.367341 -1.096919 0.894151 -0.051575 0.024754 0.323163 0.944612
12.599994 -2.294096 -1.127525 0.893844 -0.054541 -0.010720 0.425384 0.903304
12.799994 -2.265429 -1.118322 0.878940 -0.022603 0.003844 0.516550 0.855950
12.999993 -2.263031 -1.078183 0.855244 -0.035121 0.048210 0.589925 0.805252
13.199993 -2.237609 -0.981860 0.824809 -0.053249 0.053937 0.649375 0.756682
13.399993 -2.188843 -0.813758 0.782934 -0.046456 0.023649 0.695811 0.716331
13.599993 -2.154327 -0.603845 0.724695 -0.028687 0.006166 0.728971 0.683915
13.799993 -2.146958 -0.379772 0.660962 -0.025376 0.023412 0.750053 0.660476
13.999993 -2.147706 -0.141280 0.597548 -0.034425 0.028959 0.763628 0.644087
14.199993 -2.151436 0.134349 0.531350 -0.034420 0.010091 0.772224 0.634337
14.399993 -2.165913 0.444786 0.463220 -0.024822 -0.007446 0.777917 0.627832
14.599994 -2.198087 0.764900 0.401721 -0.016329 -0.009474 0.782052 0.622927
14.799993 -2.239845 1.082924 0.350611 -0.003304 -0.012191 0.786172 0.617878
14.999992 -2.281173 1.391805 0.318964 -0.001089 -0.011285 0.792655 0.609565
15.199990 -2.324224 1.689578 0.312911 -0.008471 -0.004401 0.803633 0.595048
15.399990 -2.367060 1.989212 0.323146 -0.013047 -0.002060 0.818994 0.573649
15.599989 -2.429577 2.304313 0.335634 -0.012736 -0.005219 0.840247 0.542028
15.799988 -2.475530 2.609038 0.357548 -0.015978 -0.016696 0.868493 0.495162
15.999985 -2.520458 2.899471 0.379102 -0.057211 -0.020394 0.907525 0.415584
16.199979 -2.597458 3.192142 0.400956 -0.048058 -0.007091 0.947683 0.315496
16.399968 -2.718918 3.507836 0.386945 0.035479 -0.000723 0.973345 0.226584
16.599958 -2.807395 3.828759 0.375025 -0.028114 -0.013086 0.982785 0.182131
16.799963 -2.875960 4.146937 0.362802 -0.014414 0.010036 0.980432 0.196072
16.999976 -2.968794 4.459660 0.314263 0.092390 0.031688 0.967660 0.232582
17.199979 -3.017317 4.747542 0.256241 0.044497 -0.006860 0.975082 0.217230
17.399974 -3.026853 5.022917 0.227970 -0.074324 -0.063808 0.984142 0.147880
17.599957 -3.058631 5.293393 0.232267 -0.119483 -0.085995 0.988154 0.043366
17.799956 -3.245002 5.497167 0.260039 -0.062891 -0.065199 0.992609 -0.080758
17.999977 -3.460516 5.619121 0.310483 -0.026388 -0.082053 0.984201 -0.154661
18.199974 -3.674537 5.671099 0.370153 -0.029577 -0.056134 0.982258 -0.176476
18.399969 -3.865935 5.669220 0.438949 -0.041498 -0.028533 0.979088 -0.197106
18.599964 -4.089144 5.639646 0.513092 -0.030532 -0.012507 0.980648 -0.192978
18.799955 -4.370531 5.601590 0.582303 -0.023962 -0.004219 0.985862 -0.165782
18.999974 -4.685641 5.561192 0.645181 -0.023913 -0.003490 0.991335 -0.129113
19.199984 -5.015721 5.507090 0.689386 0.005910 0.005548 0.997519 -0.069929
19.399989 -5.329925 5.451509 0.716160 0.037370 0.007390 0.999197 0.012406
19.599992 -5.599810 5.405951 0.723810 0.056404 0.009319 0.990949 0.121456
19.799994 -5.810921 5.368764 0.713193 0.054815 0.021452 0.966044 0.251582
19.999994 -5.961427 5.347498 0.682158 0.037970 0.034891 0.918227 0.392684
20.199994 -6.083002 5.343869 0.650932 0.035122 0.037399 0.849825 0.524561
20.399994 -6.176942 5.343212 0.615166 0.033830 0.038725 0.760579 0.647206
20.599994 -6.236305 5.329143 0.580161 0.028118 0.040994 0.642576 0.764607
20.799994 -6.238423 5.305759 0.558926 0.020553 0.045968 0.518013 0.853889
20.999994 -6.185263 5.298502 0.538456 0.007326 0.047219 0.360168 0.931663
21.199994 -6.096168 5.313753 0.520370 0.004472 0.047344 0.221749 0.973944
21.399994 -5.975033 5.330809 0.507984 0.000699 0.049357 0.092036 0.994531
21.599994 -5.811332 5.342508 0.512041 -0.011098 0.047305 -0.027838 0.998431
21.799994 -5.585415 5.361376 0.521599 -0.008907 0.038033 -0.135670 0.989984
21.999994 -5.298252 5.385550 0.529700 -0.005653 0.026077 -0.231999 0.972350
22.199994 -4.983654 5.411886 0.538185 0.003607 0.015515 -0.319993 0.947286
22.399994 -4.675357 5.428010 0.541196 0.019333 0.001790 -0.396939 0.917640
22.599994 -4.390512 5.425200 0.542916 0.025650 -0.002239 -0.466597 0.884095
22.799994 -4.127195 5.399553 0.544755 0.038399 -0.009938 -0.530353 0.846849
22.999994 -3.871753 5.349584 0.545822 0.056658 -0.013591 -0.588724 0.806232
23.199993 -3.632494 5.263844 0.546475 0.069346 -0.017364 -0.644871 0.760941
23.399992 -3.427433 5.147900 0.540944 0.063434 -0.014227 -0.696349 0.714753
23.599991 -3.260698 5.008322 0.531719 0.060072 -0.007268 -0.742423 0.667194
23.799990 -3.122120 4.849283 0.522991 0.060354 -0.007460 -0.783508 0.618399
23.999987 -3.025790 4.663704 0.510495 0.060096 -0.018626 -0.819391 0.569772
24.199984 -2.986515 4.453575 0.493081 0.044949 -0.042067 -0.851088 0.521401
24.399979 -3.007949 4.247276 0.469726 0.035541 -0.045745 -0.877422 0.476209
24.599971 -3.075687 4.066971 0.442561 0.043355 -0.039407 -0.898256 0.435549
24.799953 -3.181268 3.903288 0.414237 0.052371 -0.041746 -0.913441 0.401423
24.999929 -3.324287 3.748064 0.383984 -0.047465 0.054933 0.923083 -0.377686
25.199932 -3.512671 3.609917 0.345288 -0.027883 0.051503 0.927256 -0.369820
25.399952 -3.734126 3.501890 0.299246 -0.015407 0.017115 0.922199 -0.386029
25.599964 -3.965526 3.417856 0.242506 -0.019367 -0.023360 0.905081 -0.424154
25.799978 -4.204491 3.319976 0.217026 0.008792 -0.038908 0.875103 -0.482290
25.999987 -4.428513 3.183287 0.158654 0.059858 -0.027452 0.826248 -0.559444
26.199989 -4.609413 3.051277 0.069845 0.008596 -0.114653 0.761964 -0.637332
26.399988 -4.722858 2.880217 0.022437 0.039659 0.099687 -0.681651 0.723769
26.599989 -4.789480 2.612765 -0.035618 0.033235 0.020583 -0.592331 0.804746
26.799991 -4.868157 2.299275 -0.053420 -0.048255 0.001557 -0.520513 0.852488
26.999991 -4.936180 2.013110 -0.094874 -0.020355 0.068622 -0.478747 0.875031
27.199991 -4.941828 1.726741 -0.111594 0.020149 0.034528 -0.463685 0.885098
27.399991 -4.898965 1.405957 -0.116637 -0.001060 -0.016913 -0.467679 0.883736
27.599992 -4.862580 1.091174 -0.104493 -0.036600 -0.025298 -0.475767 0.878445
27.799993 -4.848409 0.802626 -0.093767 -0.104580 -0.064524 -0.449384 0.884847
27.999993 -4.839807 0.603555 -0.082457 -0.073229 -0.040141 -0.440671 0.893776
28.199993 -4.831154 0.479302 -0.063413 -0.079280 -0.057291 -0.404793 0.909162
28.399993 -4.836327 0.421600 -0.038974 -0.074000 -0.030639 -0.370530 0.925361
28.599993 -4.854723 0.423131 -0.013376 -0.081264 -0.001795 -0.320954 0.943600
28.799993 -4.862243 0.477944 0.014915 -0.056039 0.000100 -0.265866 0.962380
28.999993 -4.854331 0.577664 0.038260 -0.017140 -0.009240 -0.210185 0.977468
29.199992 -4.860814 0.680845 0.061567 0.148405 0.043309 -0.169321 0.973360
29.399993 -4.862561 0.684872 0.040849 0.059985 0.024204 -0.166899 0.983850
29.599993 -4.831917 0.581413 0.025803 -0.016168 -0.019244 -0.190645 0.981337
29.799993 -4.821767 0.504351 0.050723 0.039350 0.018592 -0.240848 0.969587
29.999992 -4.834804 0.425904 0.081080 0.075747 0.039045 -0.307337 0.947777
30.199993 -4.844397 0.278294 0.093844 0.029248 -0.003024 -0.389930 0.920375
30.399993 -4.851572 0.086575 0.114727 0.014955 -0.002046 -0.468043 0.883577
30.599991 -4.856604 -0.116460 0.137065 0.030100 0.032193 -0.536900 0.842494
30.799990 -4.847378 -0.354982 0.167466 0.020126 0.042292 -0.597953 0.800162
30.999991 -4.809287 -0.610634 0.204436 -0.001857 0.007145 -0.662542 0.748989
31.199992 -4.778637 -0.896867 0.226065 -0.004227 -0.021795 -0.722402 0.691117
31.399993 -4.800199 -1.162683 0.251017 -0.011218 -0.011265 -0.769897 0.637970
31.599994 -4.831565 -1.411438 0.256086 -0.000976 -0.001767 -0.801457 0.598049
31.799994 -4.850276 -1.685464 0.247163 0.021660 -0.021942 -0.833996 0.550909
31.999994 -4.871355 -1.968653 0.238040 0.037077 -0.024443 -0.879744 0.473368
32.199993 -4.934790 -2.252906 0.230985 -0.057079 0.030191 0.931857 -0.357033
32.399992 -5.081979 -2.568605 0.215312 -0.033976 0.018932 0.978403 -0.203016
32.599989 -5.271665 -2.883231 0.172668 -0.021973 0.038822 0.998254 -0.038726
32.799980 -5.468398 -3.147243 0.133773 -0.033389 0.055024 0.989065 0.132697
32.999988 -5.669461 -3.358519 0.094702 -0.009512 0.084027 0.953305 0.289927
33.199990 -5.892993 -3.518160 0.058984 0.043452 0.072233 0.902298 0.422792
33.399992 -6.104856 -3.619763 0.017007 0.010314 0.027698 0.856563 0.515195
33.599993 -6.277468 -3.705421 -0.025232 -0.058159 0.021880 0.824741 0.562087
33.799994 -6.468923 -3.767439 -0.068811 -0.019386 0.041583 0.809847 0.584844
33.999994 -6.657348 -3.789223 -0.096508 0.021052 0.097692 0.800634 0.590761
34.199994 -6.773178 -3.758871 -0.087836 0.007495 0.090215 0.796454 0.597885
34.399994 -6.821228 -3.664925 -0.051133 -0.009694 0.064094 0.785631 0.615290
34.599994 -6.841480 -3.514405 0.015705 -0.004619 0.038835 0.765385 0.642384
34.799994 -6.858665 -3.339910 0.118123 0.014050 0.058408 0.734542 0.675898
34.999994 -6.847447 -3.149314 0.257364 0.005612 0.078821 0.695542 0.714127
35.199994 -6.773200 -2.926736 0.420222 -0.013406 0.027973 0.649463 0.759760
35.399994 -6.676682 -2.653294 0.602871 -0.054522 -0.175559 0.597457 0.780546
35.599994 -6.673092 -2.399796 0.738162 0.069839 -0.118371 0.561975 0.815656
35.799993 -6.777358 -2.236055 0.786832 0.030555 0.144839 0.521361 0.840399
35.999989 -6.778143 -2.159208 0.814996 -0.210583 0.243190 0.470069 0.821918
36.199994 -6.645217 -1.899360 0.768448 -0.024097 -0.095246 0.472964 0.875587
36.399994 -6.542264 -1.482664 0.737072 0.213783 -0.226014 0.402656 0.860861
36.599993 -6.586279 -1.237167 0.713622 0.181502 -0.020107 0.386203 0.904157
36.799993 -6.633721 -1.208717 0.612611 -0.044282 0.140284 0.356000 0.922835
36.999994 -6.556351 -1.205835 0.539701 -0.080958 -0.069976 0.302195 0.947221
37.199994 -6.508750 -1.128560 0.453830 0.145061 -0.100770 0.228416 0.957408
37.399993 -6.583622 -1.118095 0.380746 0.084355 0.100158 0.165633 0.977455
37.599994 -6.606240 -1.236675 0.286338 -0.127524 0.077361 0.099400 0.983805
37.799994 -6.502036 -1.390440 0.232713 -0.157419 -0.121274 0.082490 0.976579
37.999993 -6.471447 -1.413580 0.165337 0.048392 -0.014023 0.069013 0.996343
38.199992 -6.525012 -1.383826 0.167694 0.169515 0.069329 0.090830 0.978881
38.399993 -6.527192 -1.465874 0.180614 0.047906 0.016633 0.117847 0.991736
38.599994 -6.471616 -1.647756 0.173728 -0.165996 -0.026330 0.154412 0.973606
38.799994 -6.453643 -1.699088 0.170812 -0.166297 0.000778 0.182197 0.969097
38.999994 -6.477368 -1.570714 0.145192 0.011756 0.008966 0.224652 0.974327
39.199994 -6.504211 -1.407601 0.103342 -0.023916 0.016290 0.276597 0.960550
39.399994 -6.526213 -1.247575 0.062842 -0.089855 0.038831 0.336176 0.936698
39.599994 -6.547396 -1.030384 0.017713 -0.062892 0.029441 0.411754 0.908645
39.799994 -6.568898 -0.773879 -0.029031 -0.022552 0.012097 0.496067 0.867907
39.999994 -6.592382 -0.519568 -0.092013 -0.056065 0.043371 0.576632 0.813923
40.199993 -6.612246 -0.234334 -0.149834 -0.045089 0.022869 0.648585 0.759461
40.399993 -6.632422 0.107146 -0.179223 0.032242 -0.019271 0.704342 0.708866
40.599993 -6.647948 0.411437 -0.200637 0.012704 -0.027540 0.740579 0.671285
40.799992 -6.662062 0.633503 -0.198495 -0.059160 0.027294 0.750471 0.657684
40.999992 -6.701520 0.908641 -0.174460 -0.013837 0.037960 0.741275 0.669984
41.199993 -6.740253 1.250320 -0.129169 0.037107 0.021257 0.713330 0.699522
41.399994 -6.750911 1.602130 -0.100197 0.089096 -0.050884 0.652759 0.750585
41.599994 -6.747951 1.868665 -0.076418 0.073140 -0.055477 0.595159 0.798347
41.799994 -6.756993 2.021720 -0.047342 0.045887 -0.028229 0.524043 0.849986
41.999994 -6.764630 2.112040 -0.015748 0.029074 -0.010182 0.453262 0.890845
42.199994 -6.759456 2.189042 0.013066 0.074949 -0.038299 0.378938 0.921587
42.399994 -6.751553 2.219119 0.042921 0.072090 -0.025682 0.310687 0.947426
42.599994 -6.748943 2.179890 0.065689 0.046771 -0.002613 0.248183 0.967580
42.799994 -6.744359 2.098400 0.091278 0.058178 -0.007689 0.185434 0.980903
42.999994 -6.744139 1.969031 0.113528 0.061873 -0.005779 0.127757 0.989857
43.199994 -6.746511 1.781115 0.126051 0.045968 0.000793 0.075151 0.996112
43.399994 -6.746175 1.547018 0.133706 0.037892 0.007641 0.026148 0.998910
43.599994 -6.736862 1.276158 0.137292 0.029501 0.016876 -0.017113 0.999276
43.799994 -6.714713 0.972118 0.137954 0.015831 0.021413 -0.053747 0.998199
43.999994 -6.675049 0.645692 0.137024 0.006821 -0.005033 -0.082970 0.996516
44.199993 -6.631905 0.311282 0.138107 -0.001093 -0.019027 -0.105067 0.994283
44.399992 -6.605293 -0.018860 0.139063 -0.006448 -0.012175 -0.119908 0.992689
44.599992 -6.595089 -0.339577 0.139590 -0.014015 -0.008623 -0.126287 0.991857
44.799992 -6.593845 -0.656635 0.142673 -0.026964 -0.001158 -0.110285 0.993534
44.999992 -6.588491 -0.958436 0.152888 -0.035092 0.018617 -0.090473 0.995106
45.199992 -6.562705 -1.235656 0.170190 -0.049645 0.038410 -0.065315 0.995889
45.399992 -6.504797 -1.490922 0.193089 -0.058078 0.045621 -0.037034 0.996581
45.599993 -6.407435 -1.726109 0.216611 -0.056175 0.036770 -0.004714 0.997733
45.799993 -6.281339 -1.925946 0.242018 -0.058157 0.038398 0.028819 0.997152
45.999993 -6.131705 -2.082550 0.263817 -0.053766 0.031739 0.064540 0.995960
46.199993 -5.959178 -2.190054 0.278952 -0.058332 0.025721 0.101245 0.992817
46.399993 -5.767448 -2.241488 0.286712 -0.019482 0.005592 0.133409 0.990854
46.599993 -5.569224 -2.247377 0.285585 0.081250 -0.031445 0.149465 0.984921
46.799992 -5.393089 -2.291772 0.268665 0.076093 -0.033784 0.151194 0.984992
46.999993 -5.240137 -2.425993 0.231549 0.001617 -0.010391 0.128576 0.991644
47.199993 -5.097937 -2.602496 0.198591 0.032687 -0.035451 0.069457 0.996419
47.399991 -4.970324 -2.806054 0.184938 0.059010 -0.043227 -0.022844 0.997059
47.599989 -4.887333 -3.075006 0.173495 0.027584 -0.022027 -0.137442 0.989881
47.799988 -4.830509 -3.384872 0.158795 0.010094 -0.022019 -0.258895 0.965602
47.999988 -4.803085 -3.734288 0.147161 0.008848 -0.018092 -0.384121 0.923063
48.199990 -4.778839 -4.076809 0.125044 0.010350 -0.014285 -0.492332 0.870229
48.399992 -4.765830 -4.372606 0.125203 -0.019176 -0.039025 -0.588571 0.807276
48.599992 -4.780263 -4.646069 0.138081 -0.034063 0.015023 -0.677229 0.734830
48.799991 -4.798833 -4.902464 0.127378 0.004571 0.049718 -0.750144 0.659387
48.999991 -4.791310 -5.221546 0.096115 0.047406 -0.010364 -0.809139 0.585610
49.199991 -4.800951 -5.565032 0.070830 0.026930 -0.048210 -0.864284 0.499964
49.399992 -4.847300 -5.859543 0.059542 0.019843 0.025503 0.916579 -0.398547
49.599993 -4.910871 -6.116399 0.047882 0.000744 0.002506 0.961167 -0.275954
49.799994 -4.962612 -6.403255 0.080118 -0.081011 0.078458 0.981162 -0.156855
49.999994 -5.083237 -6.667104 0.149348 -0.065536 0.057346 0.993972 -0.066612
50.199994 -5.290993 -6.875262 0.228370 0.069144 0.078683 0.994498 0.001534
50.399994 -5.489115 -7.017919 0.303128 0.118597 0.068748 0.989857 0.037311
50.599994 -5.568941 -7.106695 0.369529 0.062414 0.054488 0.994822 0.058860
50.799994 -5.554085 -7.154908 0.405382 -0.005205 0.048762 0.994317 0.094488
50.999994 -5.539029 -7.171902 0.425384 0.010105 0.055246 0.986430 0.154277
51.199994 -5.549647 -7.162858 0.419477 0.051917 0.083823 0.966134 0.238462
51.399994 -5.530259 -7.106604 0.398631 0.038691 0.093045 0.935865 0.337642
51.599994 -5.442479 -6.985298 0.354846 -0.009018 0.067828 0.891190 0.448440
51.799994 -5.319901 -6.789412 0.305789 -0.032681 0.030789 0.821064 0.569068
51.999994 -5.196195 -6.564652 0.254746 -0.014174 0.025749 0.731102 0.681635
52.199994 -5.066678 -6.330898 0.202490 -0.021987 0.041399 0.624541 0.779584
52.399994 -4.947500 -6.067914 0.158371 -0.006961 0.025886 0.511005 0.859159
52.599994 -4.814501 -5.782138 0.120790 0.025192 0.009987 0.397678 0.917125
52.799993 -4.671490 -5.491055 0.094027 0.020983 -0.040599 0.283250 0.957957
52.999991 -4.535832 -5.238922 0.065372 0.049333 -0.028244 0.186545 0.980801
53.199985 -4.431195 -5.046528 0.068800 0.065599 0.141111 0.114219 0.981192
53.399990 -4.225396 -4.906430 0.092407 -0.025448 -0.070301 0.071051 0.994667
53.599991 -3.989213 -4.759371 0.135636 -0.030453 -0.201854 0.049776 0.977676
53.799986 -3.950685 -4.569004 0.170804 0.075694 0.044286 0.047605 0.995009
53.999760 -3.970995 -4.392324 0.218751 0.162222 0.259174 0.086575 0.948165
54.199963 -3.794517 -4.356944 0.251146 0.056045 0.115405 0.076369 0.988791
54.399986 -3.451975 -4.422071 0.235420 -0.016117 -0.099854 0.084544 0.991273
54.599964 -3.137075 -4.495311 0.238585 0.012177 -0.020497 0.107923 0.993873
54.799920 -2.900327 -4.552850 0.233395 0.074154 0.149794 0.142566 0.975570
54.999975 -2.589634 -4.641225 0.268335 -0.053399 -0.025838 0.164927 0.984520
55.199986 -2.246280 -4.714008 0.286035 -0.006456 -0.077913 0.197671 0.977146
55.399980 -1.975657 -4.771050 0.316078 -0.005595 0.002430 0.214918 0.976613
55.599984 -1.724497 -4.838533 0.363535 -0.061123 -0.021937 0.256621 0.964328
55.799992 -1.472676 -4.888589 0.367388 -0.114101 -0.165892 0.312312 0.928397
55.999990 -1.335111 -4.892248 0.350273 -0.021886 -0.097123 0.367349 0.924739
56.199986 -1.302582 -4.890457 0.334358 0.003788 0.010049 0.416388 0.909124
56.399988 -1.264901 -4.906193 0.325644 -0.065774 -0.045208 0.468174 0.880024
56.599991 -1.220069 -4.912235 0.318311 -0.087351 -0.103791 0.527452 0.838685
56.799991 -1.265369 -4.893371 0.327642 -0.018147 -0.049343 0.585128 0.809235
56.999990 -1.360678 -4.883440 0.339501 0.134034 0.187420 0.615896 0.753380
57.199991 -1.330140 -4.886099 0.273443 0.018967 0.125769 0.667019 0.734104
57.399991 -1.141346 -4.873673 0.214172 -0.068278 -0.001456 0.669430 0.739729
57.599992 -0.946271 -4.794215 0.185047 -0.000021 -0.093940 0.639716 0.762850
57.799989 -0.812052 -4.749595 0.142398 0.061131 0.017078 0.570621 0.818757
57.999989 -0.652449 -4.767633 0.151687 -0.031878 0.080435 0.466076 0.880504
58.199990 -0.460522 -4.760485 0.166847 -0.034136 -0.027243 0.325869 0.944406
58.399991 -0.276886 -4.743032 0.180909 0.033733 -0.052520 0.156624 0.985684
58.599992 -0.129064 -4.745376 0.214135 0.020849 0.004437 -0.026396 0.999424
58.799994 0.000156 -4.778102 0.250562 -0.005849 -0.008118 -0.211350 0.977359
58.999994 0.154389 -4.805503 0.281596 0.017853 -0.049991 -0.380832 0.923119
59.199994 0.294049 -4.829568 0.294569 0.093569 -0.028864 -0.527644 0.843803
59.399992 0.396474 -4.890689 0.288354 0.107505 0.008632 -0.656167 0.746869
59.599989 0.457576 -5.035470 0.285693 0.077138 -0.016266 -0.764865 0.639349
59.799990 0.482873 -5.238570 0.285718 0.043195 -0.003066 -0.841615 0.538339
59.999988 0.480938 -5.476037 0.287422 0.024193 0.023843 -0.897624 0.439451
60.199986 0.478661 -5.731651 0.302759 -0.002930 -0.024805 0.931843 -0.362000
60.399989 0.512047 -5.994590 0.306099 0.004054 0.072222 0.947599 -0.311165
60.599991 0.554885 -6.215509 0.331527 0.064765 0.100984 0.954669 -0.272422
60.799991 0.626422 -6.340181 0.363075 -0.011420 0.063597 0.971474 -0.228175
60.999990 0.719365 -6.399669 0.390403 -0.108504 -0.024397 0.981657 -0.154856
61.199991 0.743219 -6.497202 0.450326 -0.080649 -0.021507 0.994525 -0.062868
61.399993 0.693769 -6.654112 0.508414 -0.055647 0.025926 0.997659 0.030124
61.599994 0.602922 -6.808526 0.560167 -0.051785 0.048781 0.990175 0.120382
61.799994 0.475588 -6.922925 0.579040 -0.038706 0.038320 0.976682 0.207667
61.999994 0.345297 -6.975277 0.589532 0.039712 0.061433 0.957842 0.277828
62.199994 0.277800 -6.966900 0.614766 0.029644 0.079779 0.942129 0.324267
62.399994 0.287027 -6.911779 0.655315 -0.009594 0.073685 0.932360 0.353813
62.599994 0.328074 -6.817274 0.696712 -0.043342 0.058436 0.925193 0.372457
62.799994 0.357835 -6.679912 0.724755 -0.041143 0.050447 0.920903 0.384318
62.999994 0.372964 -6.492960 0.738472 0.003691 0.039828 0.921798 0.385601
63.199994 0.409397 -6.266210 0.752606 -0.015515 0.033364 0.925437 0.377110
63.399994 0.478069 -6.011263 0.772222 -0.070879 0.000776 0.929612 0.361659
63.599993 0.532014 -5.735916 0.801746 -0.079663 -0.034821 0.936541 0.339606
63.799994 0.526253 -5.469058 0.829418 -0.055204 -0.058281 0.945667 0.315070
63.999993 0.465062 -5.236200 0.859700 -0.041934 -0.057905 0.955609 0.285833
64.199993 0.361420 -5.038821 0.886208 -0.049572 -0.065113 0.962667 0.258022
64.399993 0.219242 -4.876579 0.910899 -0.062094 -0.065975 0.968952 0.230051
64.599993 0.028247 -4.754840 0.929242 -0.061836 -0.063303 0.974940 0.204109
64.799993 -0.208893 -4.675289 0.945088 -0.051909 -0.057685 0.980258 0.181857
64.999992 -0.482430 -4.638322 0.951912 -0.045002 -0.051389 0.983891 0.165202
65.199992 -0.794698 -4.640061 0.953109 -0.037102 -0.035406 0.986532 0.155321
65.399992 -1.130126 -4.668761 0.944630 -0.029856 -0.019039 0.987651 0.152618
65.599992 -1.480388 -4.713437 0.932328 -0.028387 -0.001856 0.987065 0.157773
65.799993 -1.848694 -4.761396 0.913842 -0.027837 0.011552 0.984814 0.170979
65.999993 -2.234377 -4.798965 0.885541 -0.028042 0.022664 0.980672 0.192309
66.199994 -2.629242 -4.815865 0.857809 -0.011523 0.020086 0.974750 0.222094
66.399994 -3.017097 -4.816600 0.833796 -0.002010 0.022104 0.966224 0.256746
66.599994 -3.390874 -4.811807 0.819419 -0.021376 0.040717 0.954505 0.294626
66.799994 -3.749973 -4.784702 0.816632 -0.034285 0.056537 0.939550 0.335968
66.999993 -4.105639 -4.691734 0.811258 -0.028639 0.058201 0.921573 0.382746
67.199992 -4.426493 -4.551424 0.824893 -0.000567 0.046401 0.903136 0.426839
67.399990 -4.674494 -4.384340 0.834066 0.000918 0.047701 0.882178 0.468493
67.599988 -4.871369 -4.184258 0.843660 -0.011415 0.054362 0.859197 0.508621
67.799986 -5.046557 -3.922962 0.846805 -0.023331 0.045402 0.835104 0.547718
67.999986 -5.206442 -3.628933 0.863804 0.000769 -0.000166 0.813830 0.581103
68.199984 -5.349410 -3.333970 0.887555 0.026317 -0.013819 0.792632 0.608976
68.399984 -5.464638 -3.066920 0.910638 0.027122 -0.006783 0.773834 0.632771
68.599986 -5.541493 -2.819488 0.916602 0.015018 -0.003681 0.758296 0.651727
68.799986 -5.588495 -2.577848 0.928140 0.002562 -0.007467 0.745996 0.665904
68.999986 -5.620311 -2.328705 0.935407 -0.009265 -0.007505 0.736824 0.675980
69.199985 -5.643013 -2.072278 0.939656 -0.026167 -0.001418 0.730161 0.682772
69.399984 -5.665192 -1.804610 0.938086 -0.041531 0.001272 0.724594 0.687923
69.599981 -5.694126 -1.513066 0.937277 -0.033128 0.002347 0.720907 0.692235
69.799982 -4.874561 -1.229301 0.720610 -0.024946 0.005075 0.709909 0.703833
69.999985 -4.892294 -0.941408 0.718161 -0.029786 0.001488 0.703342 0.710226
70.199987 -4.898662 -0.637605 0.740342 -0.030865 -0.003728 0.695088 0.718253
70.399989 -4.908874 -0.344545 0.727858 -0.034567 -0.009852 0.682725 0.729790
70.599991 -4.913374 -0.042647 0.716080 -0.032943 -0.010787 0.668912 0.742533
70.799992 -4.913400 0.191688 0.707288 -0.037323 -0.010955 0.650983 0.758095
70.999993 -4.922763 0.480443 0.696793 -0.038825 -0.015226 0.628598 0.776611
71.199993 -4.945701 0.804646 0.698261 -0.036257 -0.015505 0.600562 0.798605
71.399994 -4.842419 1.154717 0.693193 -0.023231 -0.006148 0.560332 0.827919
71.599994 -4.845627 1.509635 0.686261 -0.007348 0.017615 0.516998 0.855774
71.799994 -4.835235 1.847570 0.687703 0.003600 0.017196 0.467836 0.883641
71.999994 -4.801990 2.169083 0.693977 0.018458 0.007190 0.411045 0.911400
72.199993 -4.734570 2.466365 0.697027 0.035422 0.010040 0.346333 0.937389
72.399993 -4.619694 2.710216 0.706608 0.046235 0.013362 0.276271 0.959874
72.599992 -4.458037 2.915920 0.717294 0.047982 0.008275 0.202727 0.978024
72.799992 -4.258784 3.099742 0.730203 0.050957 0.001996 0.126193 0.990694
72.999992 -4.038811 3.251919 0.743739 0.043455 0.008491 0.048636 0.997835
73.199992 -3.790027 3.384981 0.753604 0.031955 0.004387 -0.021248 0.999254
73.399992 -3.511661 3.494605 0.753814 0.020395 -0.008831 -0.084736 0.996156
73.599992 -3.207090 3.576209 0.744540 0.008380 -0.028146 -0.129177 0.991187
73.799993 -2.890994 3.639818 0.723518 -0.000221 -0.028108 -0.153011 0.987825
73.999992 -2.575365 3.709788 0.686279 -0.007379 -0.017440 -0.158909 0.987112
74.199992 -2.260766 3.787448 0.648306 -0.014929 -0.015275 -0.149561 0.988522
74.399992 -1.944885 3.873252 0.609479 -0.022215 -0.020204 -0.127590 0.991372
74.599992 -1.629355 3.979275 0.575503 -0.061862 -0.038816 -0.092905 0.992993
74.799992 -1.329384 4.129898 0.550953 -0.052026 -0.020590 -0.052321 0.997062
74.999990 -1.049941 4.333098 0.538727 0.063073 -0.002886 -0.008095 0.997972
75.199989 -0.770652 4.498088 0.590021 0.057855 -0.013186 0.033537 0.997674
75.399990 -0.464819 4.588774 0.644284 0.006800 -0.024361 0.066856 0.997442
75.599990 -0.146074 4.671950 0.671129 -0.074278 -0.014885 0.094910 0.992599
75.799990 0.172324 4.793948 0.712915 -0.143748 0.002819 0.110477 0.983424
75.999988 0.485454 5.030709 0.674567 0.159285 -0.041866 0.135835 0.976947
76.199990 0.789055 5.192657 0.538837 0.125954 -0.044000 0.140373 0.981068
76.399991 1.095342 5.197487 0.415097 0.018695 -0.059832 0.125673 0.990089
76.599992 1.364625 5.187813 0.287385 0.015781 -0.095783 0.103706 0.989859
76.799992 1.568700 5.206113 0.152173 0.091916 -0.041253 0.067656 0.992609
76.999992 1.734477 5.165330 0.071291 0.042816 0.006830 0.021980 0.998818
77.199993 1.925433 5.068835 0.014710 0.013860 -0.050427 -0.029163 0.998206
77.399993 2.124548 4.981176 -0.046790 0.007667 -0.096612 -0.050337 0.994019
77.599993 2.267676 4.918865 -0.123560 0.023866 -0.063780 -0.023845 0.997394
77.799993 2.356001 4.842549 -0.191578 0.054329 -0.106511 0.053249 0.991397
77.999992 2.381273 4.707241 -0.252442 0.049057 -0.095506 0.174597 0.978769
78.199991 2.330335 4.504996 -0.260126 0.045285 -0.051287 0.316014 0.946284
78.399990 2.271179 4.251224 -0.232487 0.017433 -0.049434 0.450820 0.891074
78.599987 2.201979 4.019566 -0.179974 0.001017 -0.036663 0.569016 0.821508
78.799980 2.124866 3.779280 -0.131265 0.001249 -0.006340 0.663924 0.747772
78.999902 2.042111 3.513147 -0.077920 -0.003639 0.025461 0.721198 0.692252
79.199932 1.981147 3.267242 -0.023713 -0.021962 0.009458 0.750669 0.660245
79.399891 1.964684 3.043580 0.020299 -0.033001 0.008161 0.753577 0.656480
79.599500 1.956658 2.847321 0.061894 -0.049951 0.044232 0.739754 0.669561
79.799468 1.957657 2.708757 0.100353 -0.050420 0.042935 0.718842 0.692012
79.999866 1.968105 2.647656 0.127024 0.068333 -0.003542 0.692072 0.718578
80.199863 2.022423 2.573972 0.164623 0.081014 0.008408 0.665318 0.742103
80.396154 2.131596 2.433268 0.220780 0.033315 0.034593 0.647070 0.760916
80.598913 2.295903 2.277094 0.250804 0.001619 0.012943 0.631331 0.775404
80.798684 2.464640 2.154518 0.281003 0.027843 -0.003435 0.624047 0.780883
80.999597 2.653844 2.038409 0.324292 0.065337 -0.004989 0.622420 0.779935
81.191667 2.878950 1.895958 0.401665 0.041621 0.020215 0.629057 0.775981
81.399545 3.192040 1.704675 0.503831 0.008923 -0.013555 0.643092 0.765617
81.599702 3.526194 1.526088 0.594761 -0.035549 -0.015984 0.658149 0.751878
81.749987 3.753205 1.397133 0.658446 -0.092881 0.054570 0.667555 0.736727
81.995833 4.107623 1.279210 0.736502 -0.053902 0.010696 0.718154 0.693712
82.199838 4.395961 1.290725 0.828512 0.000480 -0.094068 0.771454 0.629293
82.399949 4.659089 1.265725 0.910644 -0.003866 -0.106973 0.821207 0.560500
82.599890 4.868747 1.132362 0.964758 -0.041918 -0.049632 0.853039 0.517788
82.799939 5.041366 0.971086 0.976282 -0.067011 -0.052680 0.864597 0.495184
82.999961 5.161456 0.825866 0.963918 -0.040936 -0.082227 0.853281 0.513297
83.199961 5.227461 0.671451 0.923260 0.009702 -0.077793 0.822635 0.563140
83.399963 5.261620 0.450298 0.853822 0.017555 -0.047504 0.788186 0.613350
83.599974 5.315369 0.187200 0.744778 -0.062784 -0.058348 0.779220 0.620862
83.799982 5.343893 -0.067957 0.611581 -0.081525 -0.057060 0.811490 0.575831
83.999988 5.290476 -0.346096 0.458885 -0.011467 -0.063514 0.873683 0.482195
84.199990 5.179295 -0.646445 0.301080 0.039688 -0.043063 0.932366 0.356742
84.399989 5.067474 -0.923205 0.156779 0.016014 0.025138 0.973452 0.226943
84.599989 5.022558 -1.225527 0.071490 -0.022005 0.038642 0.992112 0.117205
84.799992 4.983810 -1.515452 0.016986 -0.012881 0.001532 0.999914 -0.001758
84.999993 4.924280 -1.814245 -0.012350 0.028299 -0.060793 0.987331 -0.143812
85.199994 4.889617 -2.112933 -0.009481 0.028525 -0.049183 0.955533 -0.289353
85.399994 4.872841 -2.444362 0.030702 0.052766 0.009242 0.911648 -0.407465
85.599994 4.910491 -2.748855 0.052899 0.052126 0.033626 0.901816 -0.427645
85.799994 5.026326 -2.969007 0.072986 0.032559 0.006117 0.950020 -0.310425
85.999994 5.158243 -3.160769 0.120693 -0.016246 -0.058674 0.991047 -0.118825
86.199994 5.295335 -3.419552 0.171773 -0.155471 -0.072687 0.982785 0.068399
86.399993 5.353065 -3.751160 0.191983 -0.135421 0.011399 0.973047 0.186309
86.599993 5.308899 -4.047788 0.211696 -0.040152 0.046894 0.974485 0.215794
86.799994 5.241671 -4.273188 0.227887 0.000628 0.000134 0.988103 0.153791
86.999994 5.238823 -4.508672 0.228435 -0.091058 0.000330 0.995805 0.008983
87.199994 5.187478 -4.718511 0.225498 -0.106258 0.030414 0.980616 -0.161789
87.399994 5.030384 -4.906564 0.226170 -0.061306 0.049403 0.941420 -0.327915
87.599994 4.747592 -5.034508 0.194718 -0.005193 0.022283 0.885981 -0.463156
87.799993 4.464951 -5.123647 0.147926 -0.002689 -0.033498 0.822319 -0.568033
87.999992 4.244882 -5.253808 0.098475 0.026254 0.038614 -0.766010 0.641131
88.199990 4.082250 -5.446279 0.065821 0.017964 0.069021 -0.705282 0.705331
88.399991 3.970019 -5.662278 0.032405 -0.010217 0.045241 -0.645074 0.762711
88.599991 3.904221 -5.893309 -0.000793 0.016520 0.032689 -0.571903 0.819503
88.799990 3.864985 -6.123073 -0.027816 0.052644 0.058295 -0.483831 0.871630
88.999990 3.647225 -6.413517 -0.030100 0.022621 -0.019218 -0.402663 0.914867
89.199992 3.658079 -6.720163 -0.025262 -0.078158 -0.020438 -0.318726 0.944398
89.399994 3.662460 -6.971209 0.018954 -0.176261 -0.010286 -0.232210 0.956507
89.599993 3.707030 -7.061293 0.057932 -0.044260 -0.057360 -0.156798 0.984970
89.799992 3.741225 -7.084241 0.069297 0.030511 0.043175 -0.095657 0.994009
89.999991 3.773784 -7.127754 0.121920 0.002204 0.160135 -0.047151 0.985966
90.199992 3.965355 -7.204054 0.165752 -0.007870 -0.055839 -0.017804 0.998250
90.399992 4.210512 -7.259414 0.199948 0.016189 -0.072006 0.020321 0.997066
90.599991 4.375482 -7.306882 0.266239 -0.031282 -0.108211 0.076131 0.990715
90.799994 4.451159 -7.346512 0.310106 -0.170744 -0.415534 0.137144 0.882819
90.999988 4.263644 -7.280808 0.199636 0.052154 0.041152 0.135900 0.988493
91.199977 3.914526 -7.218878 0.195923 -0.004723 0.248918 0.197466 0.948169
