0.799989 -0.000378 -0.000435 -0.000133 0.000026 -0.000047 -0.000075 1.000000
0.999989 -0.001182 -0.000578 -0.000349 0.000043 -0.000129 -0.000170 1.000000
1.199989 -0.001968 -0.000702 -0.000641 0.000046 -0.000156 -0.000215 1.000000
1.399989 -0.002423 -0.000698 -0.000801 0.000054 -0.000191 -0.000222 1.000000
1.599989 -0.002780 -0.000682 -0.000840 0.000058 -0.000230 -0.000242 1.000000
1.799989 -0.002763 -0.000590 -0.000719 0.000032 -0.000225 -0.000236 1.000000
1.999989 -0.003107 -0.000586 -0.000693 0.000025 -0.000259 -0.000278 1.000000
2.199989 -0.003023 -0.000561 -0.000609 0.000015 -0.000236 -0.000263 1.000000
2.399989 -0.002970 -0.000563 -0.000617 0.000019 -0.000245 -0.000263 1.000000
2.599989 -0.002807 -0.000570 -0.000636 0.000021 -0.000231 -0.000251 1.000000
2.799989 -0.002661 -0.000580 -0.000643 0.000025 -0.000223 -0.000245 1.000000
2.999989 -0.002647 -0.000601 -0.000625 0.000024 -0.000223 -0.000245 1.000000
3.199989 -0.002586 -0.000587 -0.000583 0.000019 -0.000214 -0.000239 1.000000
3.399989 -0.002739 -0.000573 -0.000601 0.000019 -0.000228 -0.000251 1.000000
3.599989 -0.002884 -0.000572 -0.000638 0.000019 -0.000231 -0.000256 1.000000
3.799989 -0.002890 -0.000583 -0.000667 0.000020 -0.000229 -0.000253 1.000000
3.999989 -0.002864 -0.000593 -0.000672 0.000021 -0.000231 -0.000252 1.000000
4.199989 -0.002800 -0.000599 -0.000644 0.000021 -0.000230 -0.000251 1.000000
4.399989 -0.002782 -0.000592 -0.000625 0.000021 -0.000230 -0.000250 1.000000
4.599989 -0.002772 -0.000578 -0.000621 0.000020 -0.000228 -0.000251 1.000000
4.799989 -0.002794 -0.000576 -0.000629 0.000020 -0.000230 -0.000253 1.000000
4.999989 -0.002856 -0.000579 -0.000650 0.000020 -0.000233 -0.000254 1.000000
5.199989 -0.002903 -0.000590 -0.000666 0.000021 -0.000234 -0.000255 1.000000
5.399989 -0.002806 -0.000585 -0.000648 0.000020 -0.000227 -0.000248 1.000000
5.599989 -0.002821 -0.000581 -0.000646 0.000021 -0.000233 -0.000253 1.000000
5.799989 -0.002876 -0.000583 -0.000650 0.000020 -0.000234 -0.000255 1.000000
5.999989 -0.002943 -0.000597 -0.000660 0.000021 -0.000237 -0.000258 1.000000
6.199991 -0.002813 -0.003728 0.009103 -0.080470 -0.068751 0.002946 0.994379
6.399994 -0.035986 0.032488 0.026155 -0.158093 -0.172466 0.028056 0.971841
6.599989 -0.194175 0.202121 -0.000021 0.015650 0.026205 0.013532 0.999442
6.799987 -0.382860 0.379119 -0.073507 -0.004122 0.032963 0.005985 0.999430
6.999991 -0.512275 0.531792 -0.072879 -0.021084 -0.133510 0.001104 0.990822
7.199986 -0.719929 0.698865 -0.027788 0.123816 -0.055509 -0.001970 0.990749
7.399985 -1.029703 0.807899 0.028371 0.088847 0.031936 -0.008926 0.995493
7.599990 -1.312569 0.807709 0.029369 -0.044442 -0.011455 -0.033435 0.998387
7.799989 -1.578682 0.844428 0.107296 -0.027633 0.048456 -0.056486 0.996844
7.999988 -1.814844 0.932683 0.222885 -0.015640 0.095948 -0.085020 0.991625
8.199988 -1.971380 1.042029 0.355218 0.045692 -0.016763 -0.109186 0.992829
8.399988 -2.121896 1.109914 0.496625 0.017671 -0.000418 -0.134146 0.990804
8.599988 -2.293638 1.137649 0.587889 -0.076505 0.097185 -0.163106 0.978825
8.799986 -2.395359 1.200460 0.641956 -0.005395 0.056968 -0.187563 0.980584
8.999986 -2.418937 1.280702 0.697929 0.028311 0.004458 -0.198895 0.979602
9.199985 -2.424894 1.335433 0.771840 -0.005573 0.033058 -0.214539 0.976140
9.399984 -2.412864 1.377863 0.836582 -0.029865 0.003655 -0.219091 0.975240
9.599988 -2.370122 1.429226 0.897804 -0.117948 -0.043684 -0.212472 0.969038
9.799979 -2.336665 1.574656 0.935886 -0.105296 0.155443 -0.301239 0.934883
9.999891 -2.211118 1.816141 0.914708 0.013594 0.034032 -0.412186 0.910362
10.199960 -1.968018 2.182566 0.890936 0.027309 -0.071812 -0.554526 0.828612
10.399972 -1.820225 2.415537 0.862720 -0.029691 -0.072254 -0.700029 0.709829
10.599956 -1.781905 2.686100 0.819127 -0.030041 -0.011400 -0.792117 0.609523
10.799937 -1.721128 2.941130 0.766938 -0.014343 -0.019641 -0.829417 0.558100
10.999979 -1.607029 3.186398 0.755688 -0.111355 0.002444 -0.814536 0.569320
11.199987 -1.422498 3.495943 0.716358 -0.068557 0.080116 -0.784350 0.611291
11.399974 -1.127516 3.838081 0.643792 0.144600 -0.052951 -0.742178 0.652272
11.599982 -0.867761 4.119232 0.619259 0.110689 -0.138690 -0.719986 0.670919
11.799990 -0.871939 4.363391 0.626185 -0.068140 0.020796 -0.711055 0.699518
11.999993 -0.928565 4.627196 0.615722 -0.074136 0.229034 -0.681402 0.691186
12.199990 -0.796893 4.832703 0.597057 0.061498 0.154340 -0.651057 0.740622
12.399992 -0.500403 4.927068 0.594075 0.056841 -0.032774 -0.593660 0.802036
12.599994 -0.203578 4.955337 0.590783 -0.083889 -0.080781 -0.517876 0.847491
12.799994 0.018546 5.066899 0.639445 -0.061640 0.154226 -0.446750 0.879107
12.999992 0.332510 5.186337 0.649291 0.130530 0.048982 -0.354856 0.924467
13.199994 0.716867 5.197311 0.638711 -0.020674 -0.179840 -0.282933 0.941902
13.399994 1.011915 5.193219 0.595217 -0.112566 -0.101151 -0.177610 0.972395
13.599993 1.209505 5.320812 0.482941 0.045165 0.187626 -0.134646 0.971919
13.799992 1.463661 5.394375 0.406960 0.196701 0.050592 -0.081889 0.975727
13.999993 1.815040 5.303661 0.258762 -0.050186 -0.125695 -0.074124 0.988022
14.199993 2.097748 5.222278 0.150555 -0.026634 0.010644 -0.052027 0.998234
14.399992 2.338904 5.235159 0.052671 0.051344 0.092994 -0.031313 0.993849
14.599993 2.650366 5.191074 -0.003498 -0.011842 -0.021436 -0.026819 0.999340
14.799993 2.993313 5.123295 -0.057130 -0.024885 -0.074782 -0.021867 0.996649
14.999992 3.273537 5.087829 -0.062192 0.125795 0.030416 -0.018810 0.991411
15.199992 3.545424 4.960351 -0.008739 -0.138694 0.047776 -0.016416 0.989046
15.399993 3.871218 4.875498 0.058162 -0.076489 -0.148664 -0.035441 0.985288
15.599993 4.149681 4.910455 0.096637 0.015403 -0.151435 -0.085777 0.984618
15.799993 4.215439 4.961313 0.127065 0.020632 0.070391 -0.141720 0.987185
15.999994 4.307287 4.959812 0.161689 -0.028981 -0.044376 -0.211758 0.975884
16.199994 4.413557 4.982111 0.177003 0.002439 -0.156296 -0.291509 0.943710
16.399994 4.415989 5.046084 0.181262 -0.000634 -0.017278 -0.365814 0.930527
16.599994 4.381394 5.108191 0.172308 0.020193 0.003548 -0.438219 0.898634
16.799994 4.369817 5.136047 0.162462 0.050123 -0.079026 -0.508046 0.856231
16.999994 4.302897 5.162308 0.143105 0.035945 -0.076276 -0.576335 0.812852
17.199994 4.149350 5.208853 0.107331 0.021263 -0.022737 -0.635708 0.771301
17.399994 3.960516 5.260169 0.084232 0.043771 -0.002162 -0.685745 0.726522
17.599994 3.755202 5.285927 0.071629 0.086483 -0.015048 -0.722970 0.685280
17.799994 3.501512 5.267281 0.047868 0.072988 -0.017981 -0.746574 0.661042
17.999994 3.191374 5.214554 0.026001 -0.010023 0.013733 -0.751396 0.659632
18.199994 2.881819 5.161219 0.001875 -0.047910 0.062247 -0.729038 0.679951
18.399994 2.638524 5.106624 -0.019057 -0.044522 0.061247 -0.685955 0.723694
18.599994 2.479484 5.035107 -0.032370 -0.037018 0.007668 -0.621555 0.782458
18.799994 2.361890 4.958873 -0.036070 -0.056237 -0.011149 -0.542530 0.838078
18.999994 2.255883 4.900452 -0.030538 -0.074811 0.023577 -0.464793 0.881938
19.199994 2.190270 4.892174 -0.033398 -0.030860 0.044488 -0.401028 0.914464
19.399994 2.172526 4.914616 -0.017817 0.053454 0.039831 -0.356361 0.931967
19.599994 2.180826 4.884737 0.026465 0.059455 0.014855 -0.339664 0.938548
19.799994 2.182975 4.786449 0.086670 0.024238 0.015671 -0.350221 0.936222
19.999994 2.177300 4.664354 0.155737 0.036798 0.030706 -0.379264 0.924046
20.199994 2.173617 4.521408 0.226602 0.063304 0.030061 -0.419106 0.905229
20.399994 2.172358 4.324443 0.289523 0.057501 0.005328 -0.464950 0.883451
20.599993 2.159135 4.070736 0.334021 -0.017692 0.022356 -0.508418 0.860638
20.799993 2.146995 3.806542 0.351432 -0.050048 0.039268 -0.539766 0.839408
20.999992 2.165764 3.583872 0.360662 0.027009 0.027263 -0.552556 0.832592
21.199991 2.212835 3.355567 0.349210 0.043027 0.040467 -0.536477 0.841845
21.399994 2.268872 3.053914 0.338614 -0.047740 0.021428 -0.495530 0.867013
21.599993 2.347715 2.754826 0.298465 -0.099707 0.039223 -0.415186 0.903405
21.799991 2.476570 2.513056 0.239232 -0.059761 0.056793 -0.305379 0.948655
21.999989 2.658632 2.306253 0.201041 -0.072248 0.018546 -0.160785 0.984167
22.199976 2.859357 2.152987 0.132730 -0.042193 0.035987 -0.008868 0.998422
22.399881 3.077663 2.050352 0.075702 0.030894 0.056445 0.127269 0.989779
22.599918 3.349784 1.939940 0.038701 0.026811 0.013492 0.228424 0.973099
22.799968 3.670555 1.787678 0.005838 0.008965 -0.008070 0.292426 0.956212
22.999962 3.997064 1.612758 -0.013008 0.057054 -0.027057 0.299621 0.951966
23.199949 4.312193 1.399026 -0.011153 0.074234 -0.030245 0.251957 0.964413
23.399979 4.608309 1.128783 -0.001616 0.023594 -0.039872 0.166010 0.985035
23.599987 4.866431 0.842706 0.025697 0.001498 -0.067066 0.055496 0.996203
23.799989 5.056313 0.560267 0.040500 -0.013593 -0.040559 -0.065621 0.996927
23.999990 5.188755 0.256194 0.028960 -0.011683 0.007385 -0.195796 0.980547
24.199991 5.358775 -0.082033 0.042620 0.006464 0.055056 -0.337683 0.939626
24.399992 5.602946 -0.378850 0.087419 -0.003473 0.033168 -0.454280 0.890234
24.599990 5.845536 -0.634199 0.102057 0.079074 -0.101857 -0.547218 0.826998
24.799992 6.005137 -0.894103 0.096233 0.069508 -0.082521 -0.635515 0.764513
24.999993 6.060711 -1.214070 0.065362 -0.000032 -0.051282 -0.717301 0.694874
25.199994 6.112604 -1.499855 0.048879 0.000117 0.028474 -0.770092 0.637298
25.399994 6.194985 -1.786153 0.066208 0.045427 0.016052 -0.804753 0.591652
25.599994 6.255005 -2.106943 0.068641 0.029595 -0.004410 -0.823766 0.566140
25.799994 6.258372 -2.443748 0.070513 -0.009653 -0.021691 -0.829905 0.557400
25.999994 6.233296 -2.752164 0.065172 0.072732 -0.072961 -0.824655 0.556176
26.199994 6.146115 -3.036051 0.060111 0.052115 -0.027885 -0.825661 0.561062
26.399994 6.005542 -3.322716 0.046311 0.036516 -0.000840 -0.827366 0.560474
26.599994 5.843792 -3.631856 0.030920 0.030993 -0.013742 -0.835077 0.549088
26.799994 5.664461 -3.949472 0.027285 0.041357 -0.043640 -0.850236 0.522956
26.999994 5.433302 -4.247046 0.043228 0.020522 -0.064265 -0.868273 0.491478
27.199994 5.138616 -4.507397 0.045062 0.106934 0.039716 0.874828 -0.470812
27.399994 4.893185 -4.710734 0.014556 0.085249 0.005244 0.875987 -0.474713
27.599994 4.741979 -4.864375 0.029189 0.026722 -0.037267 0.870733 -0.489613
27.799994 4.614758 -5.035946 0.061191 -0.010472 0.068221 0.860626 -0.504539
27.999994 4.443619 -5.174817 0.061801 -0.023176 -0.103048 -0.877041 0.468661
28.199994 4.227605 -5.214950 0.072203 -0.188691 0.044595 -0.910865 0.364324
28.399994 4.115903 -5.218144 0.072692 0.132917 -0.066638 0.959602 -0.238866
28.599994 4.198812 -5.247430 0.061540 -0.012065 -0.092083 0.988265 -0.121272
28.799994 4.318017 -5.402583 0.048847 -0.101674 -0.054737 0.991783 -0.055078
28.999994 4.347037 -5.625554 0.052498 -0.012656 -0.003126 0.998876 -0.045578
29.199994 4.313756 -5.834416 0.075192 0.077838 -0.010051 0.995812 -0.046891
29.399994 4.338944 -6.013635 0.100671 0.032493 -0.026354 0.997649 -0.054280
29.599994 4.428866 -6.218310 0.114662 -0.036748 -0.001297 0.997784 -0.055449
29.799994 4.504935 -6.457686 0.142269 -0.006024 0.064193 0.995004 -0.076218
29.999994 4.554406 -6.670165 0.157501 -0.036183 0.119740 0.983832 -0.128174
30.199993 4.571176 -6.778353 0.139367 -0.090182 0.086927 0.974729 -0.184973
30.399994 4.492566 -6.799531 0.126483 -0.063660 0.023215 0.976569 -0.204257
30.599994 4.344268 -6.810332 0.131000 -0.010774 -0.006694 0.982202 -0.187398
30.799994 4.187920 -6.857591 0.148284 -0.011865 0.010385 0.989830 -0.141377
30.999994 4.029716 -6.919471 0.177649 -0.048702 0.040275 0.994754 -0.080441
31.199993 3.832035 -6.944775 0.219358 -0.064134 0.018225 0.997598 -0.018772
31.399994 3.563164 -6.934017 0.265131 -0.029826 -0.018326 0.998845 0.032927
31.599994 3.240298 -6.937182 0.295747 0.010375 -0.014850 0.997769 0.064253
31.799994 2.903180 -6.976513 0.303173 0.021293 -0.011873 0.996894 0.074890
31.999994 2.595465 -7.028322 0.296957 0.007732 -0.027996 0.997042 0.071156
32.199993 2.321884 -7.101539 0.281344 -0.012243 0.050649 0.996784 0.060877
32.399993 2.075714 -7.143384 0.272256 -0.016795 0.118875 0.991745 0.045041
32.599993 1.818417 -7.076365 0.257664 -0.000967 0.047465 0.998259 0.034988
32.799993 1.516293 -6.956047 0.216851 0.016935 -0.089015 0.995642 0.022063
32.999993 1.206683 -6.916149 0.173497 0.033084 -0.087066 0.995652 -0.001336
33.199992 0.902907 -6.979189 0.121049 -0.020315 0.007036 0.999295 -0.030793
33.399992 0.600044 -7.050589 0.102668 -0.002248 0.043438 0.994607 -0.094151
33.599991 0.281806 -7.048016 0.105844 0.022909 0.033648 0.983592 -0.175753
33.799991 -0.030370 -6.979721 0.139802 0.013673 -0.009085 0.972847 -0.230868
33.999992 -0.335227 -6.925307 0.178780 0.071360 -0.083038 0.964989 -0.238345
34.199993 -0.590385 -6.945920 0.186693 0.137097 -0.077177 0.959942 -0.231862
34.399992 -0.723159 -7.027623 0.163801 0.088647 -0.006777 0.964834 -0.247367
34.599990 -0.761308 -7.094807 0.133408 0.034903 0.048343 0.944127 -0.324142
34.799989 -0.792201 -7.089794 0.103184 0.044238 0.015161 0.880412 -0.471897
34.999991 -0.848146 -7.054028 0.072044 0.057051 -0.069912 0.760708 -0.642791
35.199993 -0.862129 -7.025108 0.055974 -0.025753 0.087271 -0.586748 0.804641
35.399994 -0.814969 -7.041598 0.046223 -0.017128 0.049864 -0.385522 0.921191
35.599994 -0.705697 -7.061212 0.037807 -0.002450 0.048953 -0.174385 0.983457
35.799994 -0.565939 -7.080133 0.035858 0.026502 0.088937 -0.019144 0.995500
35.999994 -0.363807 -7.122360 0.050268 0.004554 0.049633 0.088853 0.994797
36.199994 -0.125396 -7.176790 0.077242 -0.029822 0.020346 0.168687 0.985008
36.399994 0.120434 -7.207429 0.121490 -0.048918 0.011738 0.241952 0.968983
36.599994 0.354514 -7.193997 0.165043 -0.051548 -0.004882 0.323159 0.944927
36.799994 0.570345 -7.140210 0.185861 -0.053765 -0.032556 0.420378 0.905169
36.999994 0.753485 -7.060132 0.175048 -0.047653 -0.040049 0.529716 0.845888
37.199994 0.870244 -6.959054 0.143810 -0.020179 -0.020701 0.636150 0.771023
37.399994 0.960499 -6.858152 0.087742 -0.011761 -0.007463 0.734796 0.678146
37.599994 1.032477 -6.764325 0.046293 -0.028924 0.060912 0.809599 0.583097
37.799994 1.099810 -6.626283 0.038067 -0.058176 0.071564 0.855522 0.509487
37.999994 1.160179 -6.384867 0.047114 -0.066329 0.017587 0.881914 0.466390
38.199994 1.174046 -6.078102 0.062789 -0.044330 -0.043985 0.897484 0.436604
38.399994 1.117975 -5.799122 0.074818 -0.018334 -0.044360 0.909779 0.412308
38.599994 1.020510 -5.594647 0.082088 0.012845 -0.016578 0.923565 0.382868
38.799994 0.913784 -5.408527 0.080375 0.006945 -0.036293 0.938068 0.344475
38.999994 0.811891 -5.221822 0.075800 -0.032932 -0.057715 0.954102 0.292018
39.199994 0.684184 -5.052673 0.079968 -0.052453 -0.075068 0.969848 0.225849
39.399993 0.501799 -4.933516 0.087104 -0.049511 -0.064528 0.985413 0.149483
39.599993 0.258650 -4.872875 0.086844 -0.027738 -0.036927 0.996441 0.070511
39.799991 -0.021994 -4.849203 0.084019 -0.012374 -0.004938 0.999904 -0.003894
39.999989 -0.324715 -4.829626 0.075193 -0.008836 0.008518 0.997838 -0.064566
40.199988 -0.640079 -4.796345 0.068880 -0.002729 -0.015384 0.993918 -0.109012
40.399989 -0.957228 -4.770191 0.051189 0.002259 -0.095214 0.986042 -0.136564
40.599990 -1.268272 -4.825092 0.046028 0.009474 -0.038118 0.987950 -0.149704
40.799989 -1.568003 -4.941551 0.045962 0.005909 0.047650 0.988253 -0.145086
40.999990 -1.825249 -5.017006 0.047997 -0.004182 0.049722 0.991969 -0.116223
41.199991 -2.102961 -5.038189 0.077794 -0.001867 0.009963 0.997406 -0.071267
41.399992 -2.407907 -5.039771 0.094362 0.003888 -0.024423 0.999017 -0.036782
41.599992 -2.725361 -5.072305 0.098828 0.006357 -0.004331 0.999307 -0.036411
41.799992 -3.035234 -5.138173 0.110615 0.008961 0.041063 0.994890 -0.091797
41.999991 -3.317442 -5.180594 0.150063 -0.000858 0.029170 0.974215 -0.223728
42.199991 -3.577295 -5.153592 0.211567 -0.004478 0.011740 0.920055 -0.391587
42.399991 -3.819540 -5.092596 0.300756 -0.035007 -0.068314 0.824138 -0.561163
42.599991 -4.116988 -5.084542 0.359495 0.047951 0.056416 -0.723615 0.686221
42.799991 -4.429525 -5.185805 0.393714 -0.027063 -0.002925 -0.616431 0.786938
42.999990 -4.724089 -5.279484 0.450271 -0.089289 0.033727 -0.513917 0.852513
43.199985 -4.943500 -5.329671 0.503985 -0.063324 0.134983 -0.422435 0.894046
43.399980 -5.007473 -5.361277 0.518924 0.045660 0.052774 -0.330700 0.941152
43.599978 -4.990817 -5.440512 0.490076 0.071210 -0.003084 -0.279306 0.957553
43.799981 -5.023599 -5.603036 0.444374 -0.019043 0.060532 -0.321267 0.944860
43.999983 -5.066392 -5.797284 0.392731 -0.051487 0.071038 -0.449979 0.888719
44.199987 -5.004730 -5.988162 0.323082 0.013510 0.015866 -0.617728 0.786116
44.399988 -4.903496 -6.144012 0.268117 0.022652 0.033933 -0.785377 0.617672
44.599991 -4.832870 -6.299008 0.212273 0.012377 0.013216 -0.907589 0.419468
44.799993 -4.778115 -6.506567 0.168397 -0.039599 0.002393 0.974053 -0.222814
44.999994 -4.736887 -6.768556 0.140310 -0.056659 0.006558 0.996534 -0.060561
45.199994 -4.729647 -7.050114 0.123794 0.004789 0.098356 0.992520 0.072164
45.399994 -4.739512 -7.263253 0.128144 0.011956 0.116845 0.978842 0.167549
45.599994 -4.729550 -7.350676 0.127200 -0.011170 0.067588 0.967015 0.245333
45.799994 -4.702350 -7.362364 0.128061 -0.023765 0.019805 0.949918 0.310965
45.999994 -4.677933 -7.361748 0.136375 -0.019197 0.030658 0.929683 0.366581
46.199994 -4.664381 -7.364814 0.149534 -0.044826 0.076801 0.905489 0.414948
46.399994 -4.658842 -7.328912 0.153324 -0.051082 0.079264 0.882912 0.459972
46.599994 -4.656411 -7.226245 0.156530 -0.038597 0.049135 0.863182 0.501013
46.799994 -4.652872 -7.070583 0.161029 -0.031810 0.029604 0.843907 0.534726
46.999994 -4.648781 -6.888838 0.163390 -0.044221 0.038182 0.827593 0.558280
47.199994 -4.650591 -6.678279 0.161756 -0.056283 0.043191 0.816407 0.573102
47.399994 -4.665733 -6.424689 0.158890 -0.046692 0.021089 0.811410 0.582228
47.599994 -4.698715 -6.136107 0.158260 -0.034471 -0.000774 0.810678 0.584476
47.799994 -4.750053 -5.841676 0.159127 -0.014409 0.005267 0.814262 0.580294
47.999994 -4.814030 -5.545643 0.165389 -0.009074 0.010748 0.819666 0.572668
48.199994 -4.876599 -5.248082 0.176492 -0.028392 -0.000427 0.825570 0.563585
48.399994 -4.945563 -4.953713 0.189687 -0.030461 -0.014389 0.828670 0.558723
48.599994 -5.043614 -4.656124 0.197325 -0.035435 -0.022599 0.823262 0.566104
48.799994 -5.181023 -4.352416 0.196535 -0.035454 -0.003911 0.807437 0.588874
48.999993 -5.346839 -4.051983 0.173573 -0.014828 0.009412 0.787528 0.616028
49.199993 -5.514997 -3.757868 0.136969 -0.000420 -0.032041 0.769977 0.637267
49.399993 -5.686143 -3.480666 0.076383 -0.008201 -0.069751 0.758163 0.648272
49.599994 -5.894838 -3.249954 0.025101 0.014945 -0.025232 0.754501 0.655643
49.799993 -6.127886 -3.063850 0.000228 0.024653 0.144031 0.747416 0.648087
49.999994 -6.287272 -2.813615 0.008683 0.012283 0.079471 0.750537 0.655917
50.199994 -6.360905 -2.493575 0.029439 -0.035824 -0.056247 0.747130 0.661324
50.399994 -6.476565 -2.169537 0.060938 0.036328 0.005714 0.757816 0.651432
50.599994 -6.616089 -1.883416 0.107009 0.201051 -0.087746 0.747505 0.626989
50.799993 -6.689204 -1.701913 0.055548 0.142942 -0.048726 0.784758 0.601122
50.999992 -6.670622 -1.693888 -0.003695 -0.001132 0.034399 0.809038 0.586747
51.199990 -6.599539 -1.718673 -0.031995 -0.116581 0.065704 0.801205 0.583235
51.399991 -6.567273 -1.643648 -0.031788 -0.072980 -0.007781 0.793593 0.604006
51.599992 -6.607265 -1.501463 -0.075283 -0.027981 0.030524 0.782277 0.621553
51.799992 -6.669235 -1.320081 -0.088477 0.052890 0.024844 0.790052 0.610249
51.999991 -6.685911 -1.139343 -0.092104 0.025106 0.084018 0.819370 0.566518
52.199989 -6.620999 -0.944137 -0.073136 -0.061879 0.021892 0.855722 0.513255
52.399987 -6.547739 -0.711758 -0.059348 -0.107395 -0.014902 0.874791 0.472213
52.599987 -6.559404 -0.462092 -0.055845 -0.080571 0.002899 0.880996 0.466204
52.799989 -6.657072 -0.202333 -0.042353 -0.001921 0.023724 0.864182 0.502617
52.999990 -6.762896 0.084221 -0.018633 0.028226 0.035843 0.823645 0.565268
53.199992 -6.818389 0.388750 0.018659 0.024431 0.030035 0.771492 0.635059
53.399993 -6.835105 0.700466 0.068840 0.098220 -0.066043 0.728895 0.674317
53.599993 -6.829468 0.942547 0.077684 0.120313 -0.090826 0.695548 0.702487
53.799994 -6.824997 1.029023 0.076445 0.044281 -0.033404 0.656088 0.752644
53.999994 -6.828141 1.022065 0.093185 -0.008026 0.002811 0.620972 0.783786
54.199994 -6.832554 1.034640 0.113664 0.051423 -0.050313 0.568576 0.819479
54.399994 -6.840595 1.027558 0.119772 0.086056 -0.046477 0.512996 0.852801
54.599994 -6.843034 0.929204 0.123197 0.039980 0.006407 0.463907 0.884958
54.799994 -6.826950 0.780295 0.119521 0.023738 0.005616 0.408735 0.912327
54.999994 -6.799978 0.618306 0.109933 0.060145 -0.017092 0.347123 0.935733
55.199994 -6.774837 0.413501 0.097366 0.047859 -0.005445 0.283521 0.957756
55.399994 -6.748359 0.157155 0.080369 0.023824 0.013049 0.215853 0.976048
55.599994 -6.705939 -0.122231 0.061949 0.014483 0.001491 0.142154 0.989737
55.799994 -6.651763 -0.419197 0.046351 0.014320 -0.010264 0.068407 0.997502
55.999993 -6.607479 -0.727236 0.030116 -0.008736 -0.001216 -0.004785 0.999950
56.199992 -6.568947 -1.036357 0.021839 -0.016589 -0.015070 -0.072285 0.997132
56.399992 -6.538839 -1.332770 0.022522 -0.008711 -0.017703 -0.135397 0.990595
56.599992 -6.527018 -1.624784 0.029874 -0.008923 0.018329 -0.190831 0.981411
56.799992 -6.509741 -1.916353 0.034862 -0.026521 0.059446 -0.236440 0.969463
56.999992 -6.446718 -2.193272 0.042708 -0.038231 0.070962 -0.270614 0.959308
57.199992 -6.312321 -2.467840 0.054691 -0.028299 0.023331 -0.289121 0.956590
57.399992 -6.138349 -2.745981 0.068541 -0.029063 0.025907 -0.296544 0.954225
57.599990 -5.947547 -3.018227 0.077631 -0.030024 0.058067 -0.295379 0.953141
57.799988 -5.715966 -3.287976 0.088007 -0.009763 0.051932 -0.283808 0.957424
57.999987 -5.444409 -3.569022 0.101804 -0.011508 0.012138 -0.261958 0.964934
58.199989 -5.148330 -3.866297 0.115319 -0.030075 -0.001173 -0.228777 0.973014
58.399992 -4.838480 -4.158092 0.129560 -0.106671 -0.084692 -0.162282 0.977299
58.599992 -4.560623 -4.368155 0.148514 -0.084263 -0.111597 -0.086709 0.986371
58.799989 -4.373752 -4.467931 0.162907 -0.009179 -0.005213 -0.010450 0.999890
58.999991 -4.213488 -4.542281 0.169994 -0.058007 -0.033105 0.092925 0.993431
59.199993 -4.062125 -4.614031 0.180947 -0.108508 -0.053077 0.209215 0.970380
59.399993 -3.961467 -4.635262 0.184542 -0.055828 -0.042033 0.332133 0.940640
59.599993 -3.917058 -4.610999 0.183503 -0.045449 -0.020167 0.450621 0.891329
59.799992 -3.916368 -4.565903 0.180445 -0.078156 0.024175 0.555872 0.827233
59.999992 -3.934962 -4.463698 0.179637 -0.092298 0.011011 0.650285 0.753983
60.199992 -3.983844 -4.288871 0.180886 -0.065255 0.007348 0.727847 0.682588
60.399991 -4.066533 -4.066032 0.183931 -0.026255 0.015127 0.781936 0.622621
60.599988 -4.166527 -3.822147 0.187269 -0.012163 0.040296 0.810656 0.584008
60.799989 -4.258112 -3.560194 0.191670 -0.019407 0.037888 0.819408 0.571627
60.999990 -4.343424 -3.270744 0.194246 -0.001338 0.012141 0.813088 0.582012
61.199990 -4.424718 -2.974979 0.196419 0.010899 0.006700 0.795563 0.605735
61.399990 -4.496666 -2.687508 0.197830 0.014712 0.009684 0.769824 0.638013
61.599991 -4.553796 -2.405297 0.194851 0.043567 -0.026647 0.730435 0.681070
61.799992 -4.598205 -2.153685 0.176250 0.080476 -0.057828 0.682899 0.723760
61.999992 -4.628429 -1.976802 0.155758 0.050639 -0.032986 0.625896 0.777561
62.199992 -4.650689 -1.869871 0.148098 0.011329 -0.005696 0.563960 0.825705
62.399993 -4.681245 -1.783245 0.138738 -0.002471 -0.004249 0.502838 0.864367
62.599993 -4.717648 -1.702251 0.149835 -0.049630 0.027641 0.450382 0.891027
62.799994 -4.753066 -1.591467 0.156626 -0.057891 0.028480 0.407069 0.911116
62.999994 -4.786547 -1.426037 0.156064 -0.059736 0.028622 0.387912 0.919313
63.199994 -4.812469 -1.203454 0.149053 -0.044305 0.021263 0.397026 0.916491
63.399994 -4.831400 -0.935781 0.140665 -0.044683 0.018599 0.430861 0.901120
63.599994 -4.843834 -0.636892 0.133114 -0.036718 0.015357 0.481923 0.875309
63.799994 -4.862100 -0.309529 0.128796 -0.015415 0.002843 0.537353 0.843212
63.999993 -4.891339 0.098490 0.117199 -0.014618 0.006077 0.581799 0.813178
64.199993 -4.917504 0.480757 0.103546 -0.031226 0.008806 0.615413 0.787537
64.399993 -4.947654 0.849839 0.094106 -0.012703 0.000725 0.634671 0.772678
64.599994 -4.987345 1.217225 0.073897 0.013735 0.000223 0.639043 0.769048
64.799994 -5.028105 1.544708 0.054947 0.023376 0.014289 0.626273 0.779122
64.999994 -5.046984 1.862336 0.033759 0.018629 0.019396 0.600540 0.799143
65.199994 -5.045508 2.174540 0.012917 0.030058 0.017601 0.564062 0.824998
65.399994 -5.024632 2.471099 -0.007042 0.060768 0.025602 0.520324 0.851420
65.599994 -4.967797 2.727324 -0.024893 0.073936 0.029643 0.475406 0.876153
65.799994 -4.853505 2.940212 -0.035740 0.039495 0.036465 0.438246 0.897246
65.999994 -4.681840 3.134459 -0.028542 0.037235 0.029601 0.412582 0.909678
66.199994 -4.467151 3.327490 -0.016086 0.059791 0.008041 0.405487 0.912108
66.399994 -4.232528 3.497319 0.006667 0.057713 0.006239 0.423519 0.904025
66.599994 -3.976445 3.625769 0.035185 0.008659 -0.006764 0.461797 0.886918
66.799994 -3.712368 3.732040 0.064751 -0.034648 -0.029505 0.516136 0.855297
66.999993 -3.478736 3.839583 0.090511 -0.066133 -0.039890 0.587424 0.805586
67.199993 -3.285961 3.977422 0.115864 -0.066492 -0.018288 0.673426 0.736031
67.399992 -3.134272 4.123204 0.129619 -0.054613 0.006291 0.758543 0.649299
67.599989 -3.010827 4.293845 0.138492 -0.054505 0.001587 0.828459 0.557388
67.799986 -2.920671 4.497126 0.132497 -0.067857 -0.032271 0.877184 0.474238
67.999982 -2.882849 4.714426 0.112231 -0.061794 -0.038773 0.915084 0.396611
68.199981 -2.915749 4.923928 0.085553 -0.043378 -0.046796 0.945760 0.318539
68.399985 -2.998021 5.112050 0.064044 -0.017223 -0.062630 0.965883 0.250702
68.599986 -3.106510 5.253680 0.031370 -0.013990 -0.063879 0.977749 0.199325
68.799980 -3.224247 5.332060 -0.000314 -0.065077 -0.041288 0.984719 0.156172
68.999974 -3.388119 5.369877 -0.006094 -0.071883 -0.023680 0.991801 0.102974
69.199968 -3.596490 5.401450 0.014039 -0.038984 -0.007892 0.998189 0.045125
69.399976 -3.829318 5.437452 0.048138 0.000044 -0.013254 0.999912 -0.000188
69.599981 -4.082078 5.463202 0.079970 0.001067 -0.025377 0.999352 -0.025486
69.799976 -4.348324 5.456752 0.171000 -0.017486 0.032431 0.998586 -0.038314
69.999984 -4.641512 5.451451 0.311197 0.066782 0.059423 0.994920 -0.046292
70.199994 -4.901625 5.493720 0.405284 0.378602 -0.056417 0.921556 -0.064900
70.399994 -4.946831 5.530206 0.379577 0.315444 -0.077901 0.942162 -0.082198
70.599982 -4.640994 5.518466 0.244892 -0.081867 -0.005352 0.994853 -0.059475
70.799973 -4.269149 5.450613 0.213198 -0.283761 0.071966 0.953200 -0.075567
70.999967 -4.075104 5.428285 0.215469 -0.169509 0.063190 0.980690 -0.074307
71.199985 -4.089470 5.460713 0.227445 0.091060 0.008496 0.994303 -0.054745
71.399992 -4.158420 5.509310 0.238329 0.197022 -0.033697 0.977805 -0.062810
71.599985 -4.123810 5.524593 0.225528 0.012478 -0.013819 0.998083 -0.059022
71.799972 -4.035118 5.494135 0.219789 -0.133395 0.029124 0.988782 -0.060559
71.999971 -4.030085 5.465898 0.238798 -0.068660 0.025501 0.995639 -0.057775
72.199985 -4.118677 5.464741 0.253443 0.055930 0.002415 0.996980 -0.053817
72.399987 -4.174635 5.483364 0.257970 0.065187 -0.007879 0.996326 -0.054981
72.599979 -4.133858 5.496594 0.259028 -0.019577 0.004394 0.998247 -0.055680
72.799976 -4.076969 5.493995 0.258512 -0.049320 0.013497 0.997098 -0.056394
72.999978 -4.072101 5.485460 0.255747 -0.001853 0.007750 0.998420 -0.055618
73.199982 -4.097392 5.478996 0.252113 0.023344 0.000389 0.998225 -0.054780
