0.799989 -0.000378 -0.000435 -0.000133 0.000026 -0.000047 -0.000075 1.000000
0.999989 -0.001182 -0.000578 -0.000349 0.000043 -0.000129 -0.000170 1.000000
1.199989 -0.001968 -0.000702 -0.000641 0.000046 -0.000156 -0.000215 1.000000
1.399989 -0.002423 -0.000698 -0.000801 0.000054 -0.000191 -0.000222 1.000000
1.599989 -0.002780 -0.000682 -0.000840 0.000058 -0.000230 -0.000242 1.000000
1.799989 -0.002763 -0.000590 -0.000719 0.000032 -0.000225 -0.000236 1.000000
1.999989 -0.003107 -0.000586 -0.000693 0.000025 -0.000259 -0.000278 1.000000
2.199989 -0.003023 -0.000561 -0.000609 0.000015 -0.000236 -0.000263 1.000000
2.399989 -0.002970 -0.000563 -0.000617 0.000019 -0.000245 -0.000263 1.000000
2.599989 -0.002807 -0.000570 -0.000636 0.000021 -0.000231 -0.000251 1.000000
2.799989 -0.002661 -0.000580 -0.000643 0.000025 -0.000223 -0.000245 1.000000
2.999989 -0.002647 -0.000601 -0.000625 0.000024 -0.000223 -0.000245 1.000000
3.199989 -0.002586 -0.000587 -0.000583 0.000019 -0.000214 -0.000239 1.000000
3.399989 -0.002739 -0.000573 -0.000601 0.000019 -0.000228 -0.000251 1.000000
3.599989 -0.002884 -0.000572 -0.000638 0.000019 -0.000231 -0.000256 1.000000
3.799989 -0.002890 -0.000583 -0.000667 0.000020 -0.000229 -0.000253 1.000000
3.999989 -0.002864 -0.000593 -0.000672 0.000021 -0.000231 -0.000252 1.000000
4.199989 -0.002800 -0.000599 -0.000644 0.000021 -0.000230 -0.000251 1.000000
4.399989 -0.002782 -0.000592 -0.000625 0.000021 -0.000230 -0.000250 1.000000
4.599989 -0.002772 -0.000578 -0.000621 0.000020 -0.000228 -0.000251 1.000000
4.799989 -0.002794 -0.000576 -0.000629 0.000020 -0.000230 -0.000253 1.000000
4.999989 -0.002856 -0.000579 -0.000650 0.000020 -0.000233 -0.000254 1.000000
5.199989 -0.002903 -0.000590 -0.000666 0.000021 -0.000234 -0.000255 1.000000
5.399989 -0.002806 -0.000585 -0.000648 0.000020 -0.000227 -0.000248 1.000000
5.599989 -0.002821 -0.000581 -0.000646 0.000021 -0.000233 -0.000253 1.000000
5.799989 -0.002876 -0.000583 -0.000650 0.000020 -0.000234 -0.000255 1.000000
5.999989 -0.002943 -0.000597 -0.000660 0.000021 -0.000237 -0.000258 1.000000
6.199991 -0.002813 -0.003728 0.009103 -0.080470 -0.068751 0.002946 0.994379
6.399994 -0.035986 0.032488 0.026155 -0.158093 -0.172466 0.028056 0.971841
6.599989 -0.194467 0.203387 -0.001290 0.014754 0.023767 0.013125 0.999522
6.799987 -0.383748 0.380750 -0.066299 -0.002610 0.035347 0.005993 0.999354
6.999991 -0.516731 0.532965 -0.068639 -0.024152 -0.124598 0.000711 0.991913
7.199985 -0.718311 0.701855 -0.029158 0.139177 -0.052007 -0.001148 0.988900
7.399985 -1.006545 0.814191 0.008897 0.072675 0.015914 -0.013215 0.997141
7.599988 -1.284005 0.815358 0.067755 -0.004752 -0.023768 -0.031231 0.999218
7.799988 -1.556136 0.811077 0.188059 0.013094 0.015980 -0.047391 0.998663
7.999987 -1.829384 0.834734 0.338215 0.058927 0.098559 -0.061168 0.991500
8.199989 -2.042695 0.825556 0.458887 0.023034 0.078496 -0.079424 0.993479
8.399990 -2.182747 0.764695 0.559784 0.003309 -0.008319 -0.093423 0.995586
8.599989 -2.321129 0.690314 0.639473 0.104476 0.067006 -0.093784 0.987826
8.799986 -2.438703 0.568978 0.728476 0.100947 0.139370 -0.079304 0.981884
8.999991 -2.452671 0.335693 0.770313 -0.024781 -0.051532 -0.083601 0.994857
9.199991 -2.460602 0.097137 0.790327 -0.027714 0.025018 -0.057963 0.997620
9.399992 -2.474747 -0.094193 0.810337 -0.022220 0.099677 -0.008552 0.994735
9.599993 -2.406884 -0.261010 0.809567 -0.093391 -0.010218 0.065747 0.993404
9.799994 -2.320867 -0.374825 0.799893 -0.085491 -0.018636 0.161931 0.982915
9.999994 -2.253085 -0.405318 0.777246 0.006061 0.012082 0.265800 0.963933
10.199994 -2.186828 -0.437573 0.731547 -0.036850 0.048023 0.378444 0.923643
10.399994 -2.097977 -0.466989 0.694993 -0.084016 0.043144 0.480472 0.871910
10.599994 -2.019321 -0.414231 0.648918 -0.055866 -0.007135 0.575174 0.816090
10.799994 -1.970737 -0.283186 0.596661 -0.026165 -0.015128 0.654876 0.755132
10.999993 -1.944603 -0.129540 0.539344 -0.030952 0.033215 0.715804 0.696824
11.199993 -1.916199 0.040337 0.489995 -0.064383 0.046876 0.759380 0.645755
11.399993 -1.894485 0.258781 0.442615 -0.064627 0.016346 0.790604 0.608689
11.599994 -1.911150 0.527858 0.401185 -0.033634 -0.015604 0.812380 0.581949
11.799994 -1.966542 0.816174 0.353767 -0.008454 -0.002524 0.824023 0.566488
11.999991 -2.028085 1.108351 0.306988 -0.018290 0.015854 0.828654 0.559238
12.199990 -2.092537 1.414161 0.260347 -0.026239 0.003871 0.832221 0.553810
12.399989 -2.170739 1.740256 0.218198 -0.010458 -0.016957 0.839906 0.542367
12.599989 -2.264508 2.063470 0.181309 0.005262 -0.017205 0.853731 0.520403
12.799987 -2.365824 2.345130 0.159556 -0.018125 0.002360 0.875526 0.482824
12.999986 -2.477380 2.623847 0.139473 -0.038711 0.004664 0.903853 0.426063
13.199983 -2.599826 2.924806 0.150704 -0.006813 -0.002215 0.936047 0.351801
13.399985 -2.725397 3.245170 0.158069 0.049484 -0.037709 0.963844 0.259102
13.599985 -2.828140 3.537430 0.145584 0.036148 -0.046614 0.985550 0.158780
13.799771 -2.910475 3.770120 0.135368 -0.178300 0.118820 0.975704 0.045743
13.998529 -3.109653 4.089280 0.094918 -0.078459 0.052852 0.993132 -0.068843
14.199993 -3.381666 4.498967 0.024211 0.091294 -0.259171 0.948731 -0.156219
14.399993 -3.592033 4.681622 0.007110 0.104560 -0.276878 0.928098 -0.225920
14.599987 -3.586302 4.566549 -0.030949 0.000309 -0.089963 0.954380 -0.284720
14.799970 -3.522250 4.328352 -0.068458 -0.019157 0.119587 0.931687 -0.342478
14.999982 -3.556022 4.265566 -0.110099 -0.051527 -0.020452 0.918069 -0.392525
15.199970 -3.601916 4.291182 -0.132221 -0.176531 -0.115139 0.907413 -0.363567
15.399979 -3.711612 4.206126 -0.098044 0.070562 0.108214 0.914225 -0.384062
15.599992 -3.856623 4.053943 -0.027519 0.387704 0.163534 0.851226 -0.313617
15.799993 -3.752483 4.131316 -0.010744 0.240924 -0.032131 0.907066 -0.343735
15.999977 -3.385707 4.348445 -0.024914 -0.110424 -0.110725 0.942926 -0.294002
16.194444 -3.007458 4.438715 -0.028797 -0.282149 -0.057750 0.926986 -0.240322
16.349991 -2.854241 4.388483 -0.018222 -0.215502 0.010883 0.954242 -0.207034
16.599974 -2.937198 4.264255 -0.021601 0.039720 0.020346 0.986844 -0.155394
16.799990 -3.036350 4.263526 -0.022080 0.091075 -0.068006 0.982011 -0.150783
16.999975 -3.029665 4.287995 -0.013364 -0.097639 -0.085354 0.978041 -0.163145
17.197368 -3.021596 4.227328 -0.008230 -0.149245 -0.001158 0.965127 -0.215069
17.399765 -3.128086 4.061925 0.007150 -0.061841 0.064218 0.957013 -0.276002
17.599977 -3.317826 3.881911 0.015212 0.021564 0.017938 0.941180 -0.336740
17.799983 -3.495180 3.739939 0.035431 0.003985 -0.031404 0.918913 -0.393188
17.999974 -3.655430 3.600432 0.044794 -0.055037 -0.015042 0.894323 -0.443769
18.199978 -3.854567 3.443489 0.057957 -0.025731 0.005632 0.870567 -0.491345
18.399985 -4.109564 3.283540 0.057386 0.037486 0.030479 0.843298 -0.535270
18.599989 -4.374455 3.151339 0.053739 0.079392 -0.014375 0.806815 -0.585269
18.799990 -4.583073 3.064252 0.039858 -0.032242 0.111976 -0.766114 0.632053
18.999987 -4.706719 2.949661 0.046855 0.040211 0.117184 -0.724151 0.678422
19.199986 -4.772894 2.734053 0.050328 0.040015 0.056514 -0.689091 0.721359
19.399989 -4.841365 2.442461 0.047545 -0.034954 0.021109 -0.669824 0.741396
19.599991 -4.913343 2.152131 0.038203 -0.048649 0.057040 -0.668616 0.739819
19.799990 -4.942853 1.882733 0.028993 0.000513 0.061125 -0.683193 0.727675
19.999990 -4.925247 1.587161 0.036971 0.025507 -0.004624 -0.699154 0.714501
20.199992 -4.913396 1.269252 0.044007 -0.014247 -0.008669 -0.710897 0.703099
20.399993 -4.918712 0.964030 0.042804 -0.017798 0.004260 -0.716905 0.696931
20.599993 -4.919116 0.668634 0.044593 0.010532 0.015914 -0.715156 0.698705
20.799993 -4.913332 0.357778 0.066108 0.013702 0.015044 -0.707052 0.706869
20.999993 -4.907207 0.028104 0.085822 -0.009371 0.005756 -0.695622 0.718324
21.199992 -4.896317 -0.296458 0.108393 -0.022167 -0.005753 -0.684447 0.728703
21.399992 -4.885788 -0.596597 0.104695 -0.017487 0.024263 -0.676317 0.736003
21.599992 -4.865273 -0.881043 0.109297 0.000724 0.026671 -0.675318 0.737044
21.799992 -4.829042 -1.184469 0.121842 0.005951 0.001403 -0.683732 0.729708
21.999993 -4.796467 -1.495688 0.127407 -0.028344 0.013973 -0.706780 0.706727
22.199993 -4.756939 -1.790505 0.107833 0.017542 -0.007947 -0.760793 0.648709
22.399994 -4.724407 -2.068494 0.114656 0.047974 -0.023756 -0.837260 0.544179
22.599994 -4.741017 -2.336355 0.118156 0.022065 -0.041317 -0.903740 0.425512
22.799993 -4.822025 -2.603944 0.119746 0.022175 0.071623 0.947882 -0.309675
22.999992 -4.926468 -2.834077 0.126094 0.046798 0.085302 0.975285 -0.198375
23.199991 -4.997960 -2.963925 0.134622 0.018556 0.040126 0.994804 -0.091704
23.399991 -5.040887 -3.020008 0.088404 0.012317 -0.097244 0.995010 0.018612
23.599989 -5.087223 -3.122267 0.036844 -0.008589 -0.081041 0.988676 0.126012
23.799984 -5.166103 -3.318238 -0.030273 -0.122781 0.057170 0.962693 0.234261
23.999988 -5.347860 -3.471953 -0.030008 -0.065058 0.071744 0.936577 0.336814
24.199992 -5.606828 -3.548969 0.017450 0.116044 -0.072848 0.900853 0.411935
24.399993 -5.826410 -3.655437 0.026200 0.209394 -0.035573 0.865941 0.452807
24.599992 -5.914339 -3.865565 0.021662 0.032057 0.052050 0.853637 0.517269
24.799993 -5.904162 -4.053163 0.022351 -0.153873 0.033108 0.796079 0.584367
24.999994 -5.990104 -4.120605 0.088942 -0.063872 -0.020775 0.754155 0.653253
25.199994 -6.183924 -4.123378 0.174918 0.186139 0.021708 0.692521 0.696632
25.399994 -6.294039 -4.202978 0.293551 0.163009 0.106972 0.648893 0.735475
25.599994 -6.219884 -4.365590 0.374007 0.013391 0.083645 0.607823 0.789541
25.799994 -6.041098 -4.490118 0.443665 -0.025119 -0.063289 0.556048 0.828357
25.999994 -5.958387 -4.579975 0.500925 0.119983 -0.011087 0.528867 0.840108
26.199993 -5.904383 -4.726864 0.558385 0.114599 0.080773 0.544207 0.827153
26.399993 -5.757384 -4.947984 0.585408 -0.009690 0.089197 0.598614 0.795997
26.599994 -5.513637 -5.130555 0.569839 -0.089347 0.002225 0.668766 0.738081
26.799994 -5.303066 -5.230943 0.534171 -0.009074 -0.086979 0.768592 0.633734
26.999994 -5.152708 -5.331359 0.480506 0.031529 -0.076214 0.866236 0.492780
27.199994 -5.029879 -5.519421 0.399964 0.030225 -0.068745 0.941169 0.329487
27.399994 -4.921835 -5.717544 0.291585 -0.038315 -0.021755 0.984209 0.171438
27.599994 -4.809804 -5.943222 0.189094 -0.080235 -0.002809 0.996367 0.028421
27.799994 -4.773780 -6.156551 0.101775 -0.058489 -0.026054 0.996136 -0.060116
27.999994 -4.812674 -6.387271 0.039351 -0.011903 -0.055172 0.994110 -0.092522
28.199994 -4.873254 -6.670194 0.000270 -0.011014 -0.008781 0.996672 -0.080284
28.399994 -4.932576 -6.974260 0.004132 -0.047077 0.082245 0.994818 -0.036826
28.599994 -5.026363 -7.189534 0.018554 -0.104787 0.102548 0.988842 0.026366
28.799994 -5.214737 -7.257305 0.052746 -0.054127 0.033671 0.991272 0.115394
28.999994 -5.460490 -7.274353 0.103701 0.082702 0.018405 0.972572 0.216622
29.199994 -5.660284 -7.320367 0.128391 0.068926 0.069534 0.947174 0.305410
29.399994 -5.764863 -7.381482 0.161858 -0.011778 0.101851 0.920604 0.376796
29.599994 -5.841187 -7.344371 0.191353 -0.039475 0.078795 0.888748 0.449844
29.799994 -5.941696 -7.169822 0.214379 0.036408 0.026011 0.853289 0.519516
29.999994 -6.036125 -6.945158 0.220541 0.073347 0.061738 0.815543 0.570700
30.199994 -6.058863 -6.730511 0.225326 0.023427 0.096269 0.785433 0.610965
30.399994 -6.001681 -6.479477 0.225753 -0.017458 0.058224 0.754326 0.653680
30.599994 -5.902247 -6.158671 0.222186 0.030297 -0.009343 0.724223 0.688837
30.762700 -5.809294 -5.862681 0.220159 0.124321 -0.031928 0.702211 0.700303
30.999994 -5.630923 -5.504130 0.334054 0.120102 -0.387072 0.648695 0.644163
31.199994 -5.569977 -5.485743 0.408530 0.022608 -0.324266 0.685392 0.651597
31.399992 -5.764541 -5.821343 0.441231 -0.076188 0.298288 0.712053 0.631031
31.563722 -5.896832 -6.029078 0.557868 -0.061980 0.341278 0.716286 0.605494
31.795529 -5.852854 -5.893731 0.687647 -0.048838 0.399817 0.711299 0.576034
31.999984 -5.557955 -5.374732 0.683579 -0.019444 0.243182 0.742349 0.624021
32.199994 -5.137382 -4.578465 0.578372 0.021363 -0.212740 0.745590 0.631174
32.399994 -4.856067 -3.850536 0.552567 0.043398 -0.368415 0.725007 0.580304
32.599992 -4.827653 -3.455482 0.473523 0.049221 -0.098745 0.753317 0.648336
32.799978 -4.938165 -3.329261 0.338036 -0.023938 0.181254 0.743284 0.643508
32.999988 -4.883044 -3.197590 0.254495 -0.110171 0.067906 0.746656 0.652500
33.199993 -4.736936 -2.935030 0.236565 0.047493 -0.236505 0.731631 0.637594
33.399994 -4.669874 -2.701883 0.272015 0.213117 -0.196429 0.699307 0.653427
33.599992 -4.658595 -2.666093 0.281633 0.059595 0.061078 0.688399 0.720295
33.799984 -4.617461 -2.672312 0.308010 -0.224652 0.232675 0.603084 0.729166
33.999992 -4.566603 -2.420125 0.327506 -0.266645 -0.045880 0.564661 0.779714
34.199993 -4.642248 -1.919144 0.242531 0.125059 -0.106230 0.591197 0.789659
34.399992 -4.816021 -1.447992 0.163022 0.254128 0.010843 0.581815 0.772523
34.599990 -4.862627 -1.157095 0.098553 0.006366 0.061483 0.651813 0.755857
34.799990 -4.780259 -0.894561 0.081388 -0.055817 -0.070400 0.675749 0.731636
34.999992 -4.757092 -0.588045 0.057793 0.084123 -0.096850 0.698135 0.704380
35.199989 -4.799155 -0.417856 0.045716 -0.038406 0.198643 0.699429 0.685467
35.399990 -4.799651 -0.161826 0.079103 0.033804 0.056735 0.700913 0.710183
35.599993 -4.751536 0.158823 0.097977 0.052203 -0.221997 0.695488 0.681387
35.799993 -4.761332 0.342091 0.103806 0.112516 -0.211575 0.729485 0.640647
35.999991 -4.863443 0.346970 0.031948 0.149105 -0.020148 0.756228 0.636774
36.199989 -4.913896 0.208642 -0.034924 -0.009724 0.112761 0.789659 0.603017
36.399988 -4.860302 0.143076 -0.082699 -0.047503 -0.070236 0.799298 0.594923
36.599993 -4.805498 0.233630 -0.135938 0.062832 -0.268620 0.787399 0.551270
36.799992 -4.826345 0.242782 -0.279523 0.149174 -0.085984 0.799824 0.575010
36.999988 -4.841939 0.091423 -0.366084 0.010484 0.074296 0.800845 0.594152
