0.800000 -0.000378 -0.000435 -0.000133 0.000026 -0.000047 -0.000075 1.000000
6.450000 -0.035986 0.032488 0.026155 -0.158093 -0.172466 0.028056 0.971841
6.650000 -0.194467 0.203387 -0.001290 0.014754 0.023767 0.013125 0.999522
7.000000 -0.516731 0.532965 -0.068639 -0.024152 -0.124598 0.000711 0.991913
7.250000 -0.718493 0.702446 -0.027437 0.141486 -0.054521 -0.001603 0.988436
7.650000 -1.289766 0.816402 0.068820 -0.004475 -0.009541 -0.031483 0.999449
8.050000 -1.815278 0.837802 0.317731 0.055131 0.078849 -0.063475 0.993335
8.600000 -2.271766 0.676184 0.650097 -0.131014 -0.002334 -0.111660 0.985070
9.050000 -2.481882 0.823591 0.779448 0.032641 0.129535 -0.146254 0.980186
9.400000 -2.444057 0.983312 0.779547 -0.031488 -0.008648 -0.152488 0.987766
10.050000 -2.163317 1.173005 0.701811 -0.103366 -0.080980 0.020606 0.991127
10.250000 -2.033712 1.271513 0.707468 -0.078719 -0.012596 0.157174 0.984348
10.450000 -1.948957 1.455076 0.705630 -0.024317 -0.045233 0.320669 0.945798
10.650000 -1.879672 1.762236 0.703115 -0.046800 -0.048349 0.473098 0.878436
10.850000 -1.840077 2.038079 0.699559 -0.051585 0.008815 0.603101 0.795947
11.050000 -1.865728 2.315239 0.706220 -0.053735 -0.023249 0.698148 0.713555
11.450000 -2.000914 2.906455 0.709037 -0.036774 -0.074776 0.767630 0.635453
11.800000 -2.271740 3.483725 0.605901 0.023432 0.011098 0.692564 0.720891
12.000000 -2.399501 3.770534 0.497035 0.057893 0.007179 0.610327 0.789999
12.200000 -2.491636 4.027255 0.368708 0.076808 0.063586 0.505139 0.857258
12.400000 -2.462023 4.298226 0.192127 0.015357 0.037272 0.375361 0.926002
12.650000 -2.406683 4.561264 0.048524 0.044353 -0.036685 0.254924 0.965246
12.800000 -2.413282 4.773705 -0.042006 0.099880 -0.027612 0.138041 0.984991
13.000000 -2.475000 4.920695 -0.098360 0.039503 0.083806 0.052264 0.994326
13.400000 -2.283531 5.223087 -0.034582 0.038137 0.001711 -0.061455 0.997380
14.050000 -1.684868 5.410839 0.305668 0.082306 0.023278 -0.065502 0.994180
14.450000 -1.140751 5.351620 0.558537 -0.030619 0.017119 -0.027087 0.999017
14.850000 -0.582055 5.357399 0.770107 0.069968 -0.013233 0.000789 0.997461
15.050000 -0.285471 5.361185 0.885266 0.223364 -0.020249 0.001603 0.974523
15.200000 0.018282 5.205260 0.890229 -0.016793 0.022919 -0.001830 0.999595
15.650000 0.666183 4.922680 0.834334 0.021809 -0.025412 -0.007516 0.999411
16.050000 1.280539 4.685525 0.720601 -0.034744 0.008379 0.004679 0.999350
16.450000 1.856994 4.511168 0.605579 -0.017418 -0.015678 0.058397 0.998018
16.850000 2.448877 4.505426 0.484375 -0.015631 0.012593 0.134346 0.990731
17.250000 3.054967 4.513844 0.446206 0.099363 -0.052588 0.188489 0.975620
17.600000 3.661820 4.356143 0.402845 -0.091795 -0.070880 0.230598 0.966113
18.000000 4.029272 4.362264 0.282039 0.035644 -0.019988 0.355488 0.933787
18.200000 4.087758 4.362583 0.265594 -0.000432 0.010890 0.470631 0.882263
18.450000 4.205052 4.371437 0.260843 -0.084060 -0.026095 0.592683 0.800612
18.600000 4.332595 4.415337 0.264523 -0.115605 -0.076778 0.718682 0.681350
18.800000 4.363322 4.493056 0.272364 -0.068856 -0.063049 0.827000 0.554395
19.000000 4.291938 4.593952 0.269324 -0.009567 -0.025274 0.888379 0.458314
19.600000 3.896109 4.874905 0.289908 -0.034527 -0.101606 0.786306 0.608446
19.800000 3.689573 4.920281 0.302439 0.037663 -0.084186 0.664851 0.741260
20.050000 3.467952 4.931520 0.328769 0.044357 -0.023282 0.493365 0.868378
20.200000 3.244056 4.900143 0.398750 0.005915 -0.006369 0.314201 0.949317
20.400000 2.989970 4.881463 0.481518 0.074285 -0.018615 0.167504 0.982892
20.600000 2.735919 4.816630 0.572328 0.100341 -0.015305 0.056775 0.993214
20.800000 2.494242 4.665386 0.655046 -0.010712 0.058478 -0.009783 0.998183
21.450000 2.043524 4.419681 0.856305 0.014572 -0.008345 -0.047812 0.998715
21.850000 1.835365 4.252540 0.821267 0.120848 -0.017275 -0.038547 0.991772
22.450000 1.569216 3.611593 0.588536 0.076438 -0.011706 -0.020922 0.996786
22.850000 1.410349 3.037103 0.396304 -0.003373 0.039081 -0.007026 0.999206
23.250000 1.370558 2.445530 0.203227 -0.021063 -0.033320 0.032930 0.998680
23.650000 1.461687 1.985187 0.074086 -0.019419 0.129570 0.108852 0.985386
24.050000 1.841569 1.664188 0.002193 -0.031515 -0.007609 0.199765 0.979307
24.450000 2.411638 1.404250 0.014679 0.019346 0.010462 0.266742 0.963517
24.850000 2.982012 1.035733 0.027433 0.089901 -0.046623 0.284226 0.953394
25.250000 3.545787 0.462378 -0.040813 -0.026170 -0.135108 0.238917 0.961239
25.650000 3.860301 -0.128984 -0.063299 -0.019697 0.067776 0.101466 0.992332
25.850000 4.019456 -0.436916 -0.036758 -0.076662 -0.080216 0.015650 0.993702
26.050000 4.159181 -0.685021 -0.007183 0.046201 -0.083870 -0.083030 0.991936
26.200000 4.187888 -0.926685 0.022537 0.020379 0.062081 -0.184004 0.980751
26.450000 4.243959 -1.214406 0.051237 0.071059 -0.018017 -0.305325 0.949422
26.600000 4.411007 -1.474264 0.068781 0.062285 -0.091895 -0.412448 0.904191
26.850000 4.421527 -1.862100 0.041343 -0.048542 -0.050937 -0.515780 0.853827
27.050000 4.396043 -2.153386 0.028340 -0.016986 0.047478 -0.601220 0.797491
27.450000 4.438176 -2.669102 0.052760 0.028498 -0.030984 -0.727686 0.684618
27.800000 4.406367 -3.303499 0.128978 0.016432 -0.016117 -0.785148 0.618880
28.250000 4.280526 -3.910277 0.111396 0.051512 -0.031351 -0.827421 0.558336
28.600000 4.031213 -4.517492 0.158565 0.030729 -0.058325 -0.757797 0.649151
28.850000 3.800338 -4.773445 0.198060 -0.032832 -0.060891 -0.672311 0.737029
29.000000 3.544870 -4.988609 0.233902 -0.056823 0.019878 -0.593682 0.802445
29.450000 3.229365 -5.410761 0.281790 -0.008270 0.051253 -0.564869 0.823546
29.800000 3.066431 -5.863240 0.302081 -0.017130 -0.015098 -0.660196 0.750746
30.200000 2.937919 -6.275309 0.320291 -0.002499 0.073286 -0.739493 0.669158
30.400000 2.976617 -6.539531 0.321665 0.029935 -0.058731 -0.790213 0.609276
30.650000 2.986323 -6.836920 0.338647 -0.017619 -0.182931 -0.844320 0.503339
30.800000 2.938338 -7.020870 0.302868 0.045318 0.104897 0.915760 -0.385131
31.000000 2.879558 -7.091254 0.268022 0.034122 -0.026691 0.962787 -0.266767
31.450000 2.895668 -7.295171 0.242893 -0.131014 0.050368 0.979492 -0.144547
31.800000 2.635813 -7.515973 0.345636 -0.010352 0.087157 0.986535 -0.138004
32.400000 1.981116 -7.370454 0.399869 -0.094543 0.000711 0.991368 -0.090835
32.850000 1.364273 -7.313157 0.360265 0.026411 -0.009946 0.999447 -0.017569
33.250000 0.778809 -7.283138 0.305541 -0.038922 0.072539 0.996393 -0.020589
33.600000 0.225378 -7.112153 0.284350 -0.009579 -0.031403 0.997072 -0.069056
34.000000 -0.399371 -6.999403 0.102281 -0.028708 -0.043231 0.995543 -0.078741
34.450000 -1.030843 -7.106865 0.000343 0.002689 0.013989 0.998132 -0.059403
34.600000 -1.346433 -7.163698 0.024828 0.137193 0.029292 0.988920 -0.048559
35.000000 -1.636030 -7.191210 0.060768 0.031122 -0.015297 0.998377 -0.045182
36.200000 -1.546320 -7.284327 0.595544 0.030102 0.018274 0.996041 -0.081622
36.850000 -1.022292 -7.189977 0.738264 0.013329 0.059713 0.994272 -0.087633
37.200000 -0.656625 -6.939176 0.671012 -0.044867 0.058911 0.995755 0.054673
37.400000 -0.506998 -6.769109 0.599425 -0.061310 0.036856 0.978628 0.192797
37.600000 -0.379988 -6.578220 0.512896 -0.064373 0.011495 0.934387 0.350208
37.800000 -0.295611 -6.348524 0.411974 -0.048429 -0.009770 0.871618 0.487690
38.000000 -0.255358 -6.115221 0.298678 -0.029356 -0.008465 0.817282 0.575428
38.600000 -0.312288 -5.474542 0.044640 -0.042894 -0.049690 0.913722 0.401002
38.850000 -0.419668 -5.281266 0.005460 -0.041177 -0.078012 0.964140 0.250304
39.050000 -0.577041 -5.140676 -0.009829 -0.040907 -0.058507 0.991766 0.106315
39.200000 -0.781248 -5.047455 -0.019966 -0.047301 -0.012818 0.998733 -0.011412
39.600000 -1.323431 -4.924088 -0.022886 -0.056753 -0.012876 0.992174 -0.110470
40.050000 -1.996738 -4.909793 0.008311 0.014467 -0.035486 0.996868 -0.069181
40.400000 -2.596164 -5.064843 0.010176 -0.017512 0.049225 0.996876 -0.059225
40.800000 -3.173186 -5.062822 -0.075204 -0.014433 -0.007456 0.999220 -0.035981
41.000000 -3.465290 -5.069507 -0.112548 -0.016024 0.012324 0.997360 0.069751
41.200000 -3.756316 -5.112600 -0.123515 -0.013851 0.034617 0.984496 0.171401
41.650000 -4.361137 -5.195071 -0.086602 0.026420 0.001249 0.996923 0.073786
42.000000 -4.832297 -5.208536 0.010546 -0.079100 0.000676 0.995863 0.044726
42.400000 -5.426641 -5.264908 0.070239 0.037913 -0.053025 0.992731 0.101174
42.650000 -5.741689 -5.402771 0.031703 0.144736 0.030178 0.989008 0.001945
42.800000 -5.891590 -5.524280 -0.007017 0.073194 0.047918 0.982279 -0.165752
43.000000 -5.940063 -5.589980 -0.084168 -0.046008 -0.021458 0.938904 -0.340414
43.200000 -6.047517 -5.635488 -0.096543 -0.053702 -0.099768 0.886874 -0.447903
43.600000 -6.306223 -6.044859 -0.111427 0.043141 -0.012794 0.880696 -0.471539
44.000000 -6.249935 -6.496091 -0.120640 0.055394 0.124237 0.926350 -0.351245
44.450000 -6.110057 -6.602897 -0.101517 -0.047920 -0.015500 0.883448 -0.465814
44.600000 -6.069035 -6.672656 -0.076955 0.034647 -0.021125 -0.801240 0.596966
44.850000 -6.080835 -6.770342 -0.053871 -0.084572 -0.109261 -0.679695 0.720364
45.000000 -6.095371 -6.763802 -0.047655 -0.089904 -0.064148 -0.575853 0.810059
45.650000 -5.956999 -6.419462 -0.073105 -0.024932 -0.092804 -0.733129 0.673267
45.800000 -5.979714 -6.225881 -0.075398 0.014326 0.080388 0.883636 -0.460998
46.000000 -6.058675 -5.951347 -0.074838 -0.021455 0.042779 0.982878 -0.177933
46.200000 -6.114694 -5.714541 -0.060230 -0.055660 0.006131 0.988718 0.138931
46.400000 -6.158530 -5.477136 -0.042617 -0.057522 -0.011888 0.893920 0.444362
46.600000 -6.251552 -5.177094 -0.024561 -0.033722 -0.008923 0.737701 0.674226
46.800000 -6.379374 -4.868216 -0.007858 -0.018172 -0.011667 0.591778 0.805811
47.000000 -6.536301 -4.547107 0.002002 0.020140 0.030839 0.501424 0.864418
47.450000 -6.767183 -3.956325 0.033031 -0.069528 -0.118436 0.519015 0.843660
47.850000 -7.183524 -3.429615 -0.072605 0.047163 0.038397 0.657430 0.751057
48.200000 -7.549039 -2.892124 -0.217404 0.024176 0.009671 0.740756 0.671269
48.800000 -7.692694 -2.383013 -0.304562 -0.015662 0.054174 0.670083 0.740141
49.250000 -7.738046 -2.164171 -0.235270 -0.097727 -0.012546 0.546548 0.831611
49.600000 -7.915261 -1.694024 -0.169998 0.001437 0.028857 0.506368 0.861833
50.000000 -7.956613 -1.178810 -0.148963 0.068039 0.016459 0.514105 0.854866
50.600000 -7.601672 -0.651296 -0.147856 0.033393 0.021180 0.533994 0.844563
51.050000 -7.129913 -0.476417 -0.132787 0.058677 -0.035047 0.536180 0.841332
51.450000 -6.655093 -0.498404 -0.071041 -0.195742 -0.278243 0.467356 0.815993
51.800000 -6.749774 -0.518943 -0.047863 0.024011 0.015135 0.470429 0.881981
52.000000 -7.041228 -0.513715 0.071835 0.128962 0.331441 0.557789 0.749925
52.250000 -6.851543 -0.480696 0.191138 -0.010731 0.321992 0.575910 0.751354
52.400000 -6.317443 -0.349103 0.198872 -0.156643 -0.213750 0.589819 0.762816
