0.799989 -0.000378 -0.000435 -0.000133 0.000026 -0.000047 -0.000075 1.000000
0.999989 -0.001182 -0.000578 -0.000349 0.000043 -0.000129 -0.000170 1.000000
1.199989 -0.001968 -0.000702 -0.000641 0.000046 -0.000156 -0.000215 1.000000
1.399989 -0.002423 -0.000698 -0.000801 0.000054 -0.000191 -0.000222 1.000000
1.599989 -0.002780 -0.000682 -0.000840 0.000058 -0.000230 -0.000242 1.000000
1.799989 -0.002763 -0.000590 -0.000719 0.000032 -0.000225 -0.000236 1.000000
1.999989 -0.003107 -0.000586 -0.000693 0.000025 -0.000259 -0.000278 1.000000
2.199989 -0.003023 -0.000561 -0.000609 0.000015 -0.000236 -0.000263 1.000000
2.399989 -0.002970 -0.000563 -0.000617 0.000019 -0.000245 -0.000263 1.000000
2.599989 -0.002807 -0.000570 -0.000636 0.000021 -0.000231 -0.000251 1.000000
2.799989 -0.002661 -0.000580 -0.000643 0.000025 -0.000223 -0.000245 1.000000
2.999989 -0.002647 -0.000601 -0.000625 0.000024 -0.000223 -0.000245 1.000000
3.199989 -0.002586 -0.000587 -0.000583 0.000019 -0.000214 -0.000239 1.000000
3.399989 -0.002739 -0.000573 -0.000601 0.000019 -0.000228 -0.000251 1.000000
3.599989 -0.002884 -0.000572 -0.000638 0.000019 -0.000231 -0.000256 1.000000
3.799989 -0.002890 -0.000583 -0.000667 0.000020 -0.000229 -0.000253 1.000000
3.999989 -0.002864 -0.000593 -0.000672 0.000021 -0.000231 -0.000252 1.000000
4.199989 -0.002800 -0.000599 -0.000644 0.000021 -0.000230 -0.000251 1.000000
4.399989 -0.002782 -0.000592 -0.000625 0.000021 -0.000230 -0.000250 1.000000
4.599989 -0.002772 -0.000578 -0.000621 0.000020 -0.000228 -0.000251 1.000000
4.799989 -0.002794 -0.000576 -0.000629 0.000020 -0.000230 -0.000253 1.000000
4.999989 -0.002856 -0.000579 -0.000650 0.000020 -0.000233 -0.000254 1.000000
5.199989 -0.002903 -0.000590 -0.000666 0.000021 -0.000234 -0.000255 1.000000
5.399989 -0.002806 -0.000585 -0.000648 0.000020 -0.000227 -0.000248 1.000000
5.599989 -0.002821 -0.000581 -0.000646 0.000021 -0.000233 -0.000253 1.000000
5.799989 -0.002876 -0.000583 -0.000650 0.000020 -0.000234 -0.000255 1.000000
5.999989 -0.002943 -0.000597 -0.000660 0.000021 -0.000237 -0.000258 1.000000
6.199989 -0.002789 -0.000583 -0.000639 0.000018 -0.000223 -0.000247 1.000000
6.399989 -0.002789 -0.000578 -0.000640 0.000022 -0.000232 -0.000253 1.000000
6.599989 -0.002805 -0.000585 -0.000642 0.000021 -0.000230 -0.000253 1.000000
6.799989 -0.002773 -0.000587 -0.000631 0.000021 -0.000227 -0.000248 1.000000
6.999989 -0.002775 -0.000591 -0.000631 0.000022 -0.000228 -0.000251 1.000000
7.199989 -0.002760 -0.000586 -0.000629 0.000021 -0.000226 -0.000247 1.000000
7.399989 -0.002822 -0.000585 -0.000651 0.000020 -0.000230 -0.000254 1.000000
7.599989 -0.002919 -0.000597 -0.000675 0.000021 -0.000235 -0.000255 1.000000
7.799989 -0.002807 -0.000582 -0.000653 0.000018 -0.000224 -0.000247 1.000000
7.999989 -0.002869 -0.000576 -0.000654 0.000020 -0.000236 -0.000257 1.000000
8.199989 -0.002939 -0.000582 -0.000661 0.000020 -0.000237 -0.000259 1.000000
8.399989 -0.002836 -0.000583 -0.000647 0.000018 -0.000228 -0.000249 1.000000
8.599993 -0.001546 -0.007220 0.021967 -0.142665 -0.127130 0.011512 0.981505
8.799994 -0.064310 0.058009 0.018533 -0.169614 -0.194288 0.042045 0.965254
8.999978 -0.292957 0.288519 -0.087529 0.157226 0.173729 0.018138 0.971992
9.199986 -0.449004 0.468809 -0.160205 0.048911 -0.015557 0.007692 0.998652
9.399992 -0.520560 0.506959 -0.166441 -0.019718 -0.175809 0.006333 0.984206
9.599990 -0.753577 0.548573 -0.090115 0.017703 -0.068054 0.008152 0.997491
9.799987 -1.119034 0.616332 -0.014478 0.092788 0.080072 0.008101 0.992428
9.999988 -1.426761 0.642389 0.071136 0.021141 0.030848 -0.000693 0.999300
10.199990 -1.649562 0.617884 0.168863 -0.020310 0.004385 -0.010018 0.999734
10.399990 -1.854148 0.604187 0.284324 0.023667 0.038716 -0.020229 0.998765
10.599989 -2.047176 0.598058 0.421830 0.141566 0.048358 -0.029168 0.988317
10.799990 -2.206219 0.484698 0.565103 0.031295 0.023444 -0.049409 0.998013
10.999990 -2.339948 0.291750 0.674125 0.007591 0.050694 -0.067263 0.996418
11.199989 -2.429772 0.105378 0.765589 0.065067 0.059959 -0.075948 0.993178
11.399989 -2.458810 -0.096436 0.834286 0.042419 0.043100 -0.079586 0.994992
11.599991 -2.448556 -0.342038 0.873678 -0.034344 0.031720 -0.081808 0.995551
11.799991 -2.403114 -0.572318 0.890840 -0.076085 0.005754 -0.068431 0.994734
11.999992 -2.333149 -0.746669 0.896922 -0.091359 -0.044334 -0.033530 0.994265
12.199992 -2.276743 -0.839599 0.876305 -0.032613 -0.016766 0.015459 0.999208
12.399993 -2.237196 -0.895977 0.843182 -0.034880 -0.002837 0.084110 0.995842
12.599994 -2.200222 -0.943914 0.809265 -0.074009 0.006038 0.168628 0.982879
12.799994 -2.149537 -0.934604 0.767726 -0.059187 -0.010328 0.267243 0.961754
12.999994 -2.118786 -0.869952 0.713520 -0.042100 -0.004321 0.376504 0.925448
13.199994 -2.126131 -0.770539 0.656230 -0.047037 0.024423 0.479359 0.876017
13.399994 -2.153019 -0.627224 0.590186 -0.055830 0.037745 0.569220 0.819419
13.599994 -2.175135 -0.418659 0.530201 -0.044388 0.026327 0.650244 0.757971
13.799994 -2.192616 -0.163513 0.464379 -0.022594 0.017588 0.712726 0.700858
13.999994 -2.212836 0.105866 0.397015 -0.006660 0.020220 0.752527 0.658217
14.199994 -2.233641 0.381249 0.326653 -0.008217 0.020331 0.774753 0.631883
14.399994 -2.246873 0.675412 0.265303 -0.008410 0.007240 0.785559 0.618687
14.599993 -2.264426 0.988222 0.207138 -0.004971 -0.006129 0.793130 0.609001
14.799991 -2.286704 1.305351 0.157006 -0.005764 -0.011644 0.800707 0.598915
14.999991 -2.320688 1.620535 0.113142 -0.025898 -0.028216 0.811206 0.583505
15.199990 -2.373879 1.925573 0.088993 -0.025361 -0.019615 0.826634 0.561826
15.399990 -2.443657 2.227353 0.079734 0.004346 0.003592 0.847108 0.531391
15.599989 -2.511445 2.516421 0.070654 0.008250 0.001769 0.876801 0.480780
15.799985 -2.556294 2.809103 0.081242 -0.044048 -0.011545 0.912673 0.406147
15.999983 -2.607356 3.132191 0.121771 -0.064829 -0.025214 0.923725 0.376689
16.199988 -2.702246 3.488550 0.162779 0.019020 -0.033792 0.892229 0.449916
16.399992 -2.841898 3.798824 0.136332 0.097202 -0.078562 0.844911 0.520100
16.599991 -2.944847 3.969772 0.103090 0.080498 -0.037107 0.868519 0.487666
16.799975 -3.015822 4.034708 0.064079 0.015283 0.063470 0.947531 0.312926
16.999955 -2.985060 4.158743 0.049638 -0.017004 0.058040 0.993558 0.095835
17.199432 -2.961553 4.453922 0.066282 -0.093025 0.080957 0.990614 -0.058957
17.397500 -3.012387 4.840014 0.095823 -0.098391 0.035530 0.990912 -0.084555
17.599976 -3.116282 5.226283 0.121565 -0.045247 -0.117863 0.991977 -0.006534
17.799991 -3.282373 5.472516 0.136915 0.009014 -0.196874 0.978909 0.053816
17.999986 -3.457949 5.514900 0.068330 0.000956 -0.089624 0.995005 0.043953
18.199960 -3.596539 5.484509 -0.020999 -0.048778 -0.013936 0.998299 -0.028727
18.399920 -3.757587 5.511380 -0.045993 -0.049746 0.007697 0.993520 -0.101899
18.599986 -3.974185 5.605036 0.003655 0.065733 -0.039205 0.981933 -0.173057
18.799991 -4.167555 5.675973 0.063406 0.139685 -0.064278 0.963520 -0.219054
18.999989 -4.226308 5.672111 0.140666 0.058640 -0.045744 0.965528 -0.249450
19.199979 -4.147921 5.614982 0.233681 -0.038823 -0.003930 0.959283 -0.279740
19.399982 -4.059087 5.549845 0.335160 -0.013622 0.014026 0.945707 -0.324431
19.599988 -4.020111 5.508258 0.420083 0.065460 -0.011930 0.917932 -0.391119
19.799991 -3.963828 5.500748 0.496609 0.073933 -0.045597 0.869659 -0.485950
19.999991 -3.836673 5.515167 0.566020 0.016464 -0.041467 0.797095 -0.602203
20.199993 -3.629472 5.536151 0.622917 0.005895 0.009516 -0.687191 0.726391
20.399994 -3.406875 5.485094 0.678019 -0.007210 0.012671 -0.543298 0.839413
20.599994 -3.168794 5.432967 0.719541 -0.003913 0.035281 -0.366222 0.929850
20.799994 -2.970228 5.393857 0.744592 0.010843 -0.002468 -0.171959 0.985041
20.999993 -2.742301 5.363506 0.778543 0.068746 -0.158195 -0.008355 0.984976
21.199992 -2.583063 5.315245 0.807227 0.039930 -0.155181 0.114796 0.980381
21.399985 -2.493629 5.206758 0.784132 0.037863 0.132948 0.161313 0.977174
21.599983 -2.369095 5.050339 0.796194 -0.027762 0.160033 0.133710 0.977620
21.799991 -2.045186 4.920965 0.759242 -0.020256 -0.086709 0.054480 0.994537
21.999992 -1.641525 4.849865 0.742610 0.032406 -0.024084 -0.045814 0.998134
22.199992 -1.308044 4.767033 0.706972 -0.030423 0.038715 -0.126084 0.990797
22.399993 -0.969661 4.693471 0.671051 -0.005739 -0.061733 -0.161426 0.984935
22.599993 -0.645985 4.647028 0.613132 0.050083 -0.060828 -0.150777 0.985423
22.799992 -0.392265 4.571565 0.554537 0.024973 0.005189 -0.091597 0.995469
22.999991 -0.133494 4.443781 0.534168 -0.062495 -0.007110 -0.018630 0.997846
23.199990 0.139518 4.360712 0.519843 -0.039448 -0.037245 0.059278 0.996766
23.399989 0.408183 4.320398 0.524334 -0.069274 -0.042340 0.097662 0.991903
23.599989 0.656098 4.322803 0.526840 -0.043167 -0.018402 0.073035 0.996225
23.799991 0.903325 4.364976 0.522470 -0.012077 -0.004742 -0.004698 0.999905
23.999992 1.163149 4.430756 0.510019 -0.002192 -0.022389 -0.119547 0.992574
24.199994 1.377241 4.516230 0.478449 0.050960 -0.038949 -0.235703 0.969706
24.399994 1.572833 4.612292 0.492379 0.032712 -0.017800 -0.340848 0.939380
24.599994 1.756506 4.663730 0.462833 -0.077977 -0.063741 -0.410393 0.906330
24.799994 1.940649 4.721477 0.457911 -0.132416 -0.106034 -0.419645 0.891695
24.999994 2.193739 4.926442 0.408420 0.025622 0.066373 -0.399697 0.913882
25.199994 2.538530 5.156597 0.371084 0.163851 0.030135 -0.317970 0.933349
25.399994 2.944167 5.245165 0.290531 0.070190 -0.063279 -0.243445 0.965300
25.599994 3.276870 5.238128 0.204641 -0.073007 -0.072572 -0.163250 0.981200
25.799994 3.517397 5.321408 0.159383 0.012463 0.029743 -0.152526 0.987773
25.999994 3.788968 5.458470 0.128162 0.104897 -0.034390 -0.225088 0.968065
26.199994 4.080350 5.545131 0.093393 0.087519 -0.147633 -0.369830 0.913111
26.399994 4.276333 5.562342 0.080344 0.020649 -0.090688 -0.533568 0.840628
26.599994 4.403798 5.569477 0.065925 0.054384 -0.003114 -0.669537 0.740779
26.799994 4.520778 5.597131 0.108307 0.127259 0.044435 -0.778927 0.612456
26.999994 4.619829 5.552526 0.167314 0.134425 -0.033668 -0.868486 0.475950
27.199994 4.620821 5.463525 0.218042 -0.070286 0.096717 0.930729 -0.345615
27.399994 4.557391 5.393639 0.260739 -0.015612 0.047966 0.970582 -0.235426
27.599994 4.483222 5.383395 0.301927 -0.055798 -0.010532 0.986392 -0.154295
27.799994 4.404030 5.375277 0.340333 -0.123824 -0.010453 0.987155 -0.100413
27.999994 4.264112 5.337657 0.371979 -0.123159 0.030693 0.988762 -0.078990
28.199994 4.035661 5.301579 0.392443 -0.077942 0.026036 0.992850 -0.086579
28.399994 3.754594 5.288690 0.404694 -0.049663 -0.007783 0.991583 -0.119315
28.599994 3.469135 5.281607 0.401588 -0.052046 -0.030581 0.983585 -0.170047
28.799994 3.187421 5.259247 0.378288 -0.059913 -0.029614 0.969697 -0.234992
28.999994 2.895992 5.215278 0.337981 -0.037574 -0.029170 0.950727 -0.306358
29.199994 2.604706 5.139453 0.272989 -0.017851 -0.032479 0.922875 -0.383313
29.399994 2.328324 5.031574 0.219742 -0.023811 0.008225 0.886690 -0.461678
29.599994 2.054179 4.917936 0.208844 -0.013107 0.007949 0.841881 -0.539446
29.799993 1.784784 4.820981 0.227169 0.005331 0.037081 -0.792100 0.609240
29.999992 1.537393 4.723493 0.296421 0.010461 0.067660 -0.741196 0.667789
30.199992 1.328775 4.585408 0.407149 0.028750 0.054710 -0.689823 0.721335
30.399992 1.152358 4.396163 0.542709 0.021946 0.029548 -0.638754 0.768530
30.599993 0.999716 4.173307 0.673317 0.003949 0.034750 -0.587027 0.808812
30.799992 0.869468 3.940312 0.806146 -0.012165 0.056933 -0.537537 0.841228
30.999992 0.741744 3.701619 0.896076 -0.010666 0.040147 -0.487010 0.872408
31.199991 0.727893 3.467378 0.964609 -0.002783 0.031228 -0.430481 0.902055
31.399991 0.764709 3.229400 0.996276 -0.014284 0.027320 -0.371792 0.927804
31.599991 0.850604 2.989369 0.997559 -0.029290 0.024903 -0.312313 0.949201
31.799988 0.983871 2.758673 0.962318 -0.015893 0.044217 -0.252957 0.966336
31.999986 1.162048 2.539480 0.885997 -0.004523 0.008983 -0.192400 0.981265
32.199986 1.369291 2.324361 0.793961 -0.077979 0.033140 -0.130038 0.987882
32.399978 1.622025 2.145924 0.678703 -0.072344 0.033840 -0.072890 0.994137
32.599976 1.953883 2.040463 0.543326 0.008564 -0.048445 -0.018908 0.998610
32.799985 2.292124 1.944510 0.366218 0.026582 -0.098557 0.014132 0.994676
32.999982 2.558068 1.820324 0.175859 0.060788 -0.005845 0.016359 0.998000
33.199982 2.802500 1.644093 0.076548 0.100808 0.087748 -0.002715 0.991025
33.399989 3.159402 1.375248 0.037178 0.026749 -0.043145 -0.069093 0.996318
33.599992 3.521113 1.091606 0.001470 -0.057332 -0.096922 -0.140413 0.983668
33.799992 3.787486 0.853943 -0.000075 -0.048160 -0.017940 -0.222742 0.973522
33.999986 4.066827 0.665101 0.042244 0.250695 -0.031601 -0.292071 0.922414
34.199993 4.347005 0.378416 0.006803 0.120167 -0.061437 -0.405887 0.903903
34.399994 4.533308 -0.018922 0.022574 -0.027143 -0.163142 -0.504432 0.847464
34.599994 4.615104 -0.351535 0.035715 -0.090836 -0.053075 -0.572671 0.813007
34.799993 4.700729 -0.544757 0.060646 0.064287 0.049608 -0.622673 0.778258
34.999992 4.840847 -0.719184 0.097109 0.171514 0.016867 -0.643870 0.745473
35.199993 4.909438 -1.029336 0.170301 0.101697 -0.152458 -0.690564 0.699668
35.399994 4.873978 -1.418967 0.220134 -0.032791 -0.092062 -0.737341 0.668414
35.599994 4.792704 -1.741375 0.259595 -0.058544 0.031165 -0.759915 0.646630
35.799994 4.798999 -1.994266 0.246442 0.037719 0.116863 -0.784178 0.608264
35.999994 4.876637 -2.316874 0.263619 0.095943 -0.045721 -0.803001 0.586424
36.199994 4.909526 -2.672167 0.265599 0.139262 -0.178035 -0.802553 0.552103
36.399994 4.797780 -2.983102 0.232570 0.048098 -0.075011 -0.815243 0.572223
36.599994 4.599215 -3.241996 0.153204 0.001350 0.057883 -0.788867 0.611830
36.799993 4.469886 -3.523558 0.116208 0.027560 0.088674 -0.758155 0.645429
36.999993 4.412002 -3.880967 0.103247 0.065040 -0.089907 -0.741560 0.661646
37.199993 4.306930 -4.236213 0.084771 0.108416 -0.158366 -0.743945 0.640088
37.399993 4.053167 -4.519621 0.088272 0.030994 -0.048114 -0.782440 0.620090
37.599993 3.753471 -4.783160 0.077683 -0.023790 0.045478 -0.811722 0.581784
37.799993 3.540252 -5.077203 0.096846 0.064396 0.047388 -0.831366 0.549944
37.999994 3.345367 -5.437854 0.148044 -0.136576 -0.089498 -0.818456 0.550878
38.199994 3.182233 -5.710646 0.108288 -0.170556 -0.112156 -0.742595 0.637875
38.399990 3.081672 -5.770759 0.070107 0.075213 0.089854 -0.625154 0.771655
38.599982 3.034293 -5.840418 0.065639 0.170488 0.171947 -0.456257 0.856269
38.799991 3.040568 -6.150837 0.052670 -0.034137 0.011164 -0.379662 0.924428
38.999992 3.137283 -6.533775 0.016725 -0.103173 -0.103045 -0.309145 0.939769
39.199992 3.195158 -6.773328 0.005659 -0.036679 -0.053060 -0.273473 0.959715
39.399991 3.210117 -6.881804 0.002384 0.021444 -0.021172 -0.233604 0.971865
39.599992 3.227942 -6.988131 0.032517 -0.000439 -0.073575 -0.176683 0.981514
39.799993 3.222599 -7.121941 0.082435 -0.050726 -0.124089 -0.090205 0.986860
39.999993 3.149018 -7.221495 0.150536 -0.032179 -0.111233 0.011897 0.993202
40.199991 2.985944 -7.264109 0.237831 -0.003445 -0.031324 0.103642 0.994115
40.399990 2.808784 -7.274511 0.324038 -0.007222 -0.059119 0.184990 0.980934
40.599991 2.623748 -7.302067 0.398921 -0.051486 -0.103195 0.263604 0.957712
40.799990 2.374534 -7.340841 0.446503 -0.053671 -0.066390 0.343120 0.935404
40.999988 2.074675 -7.356037 0.465421 -0.024470 -0.028652 0.442216 0.896117
41.199990 1.789751 -7.337607 0.458941 -0.026463 -0.000548 0.556987 0.830099
41.399991 1.510685 -7.287564 0.434386 -0.027332 -0.020224 0.668558 0.742883
41.599993 1.243513 -7.253391 0.378036 -0.009375 -0.037205 0.778040 0.627042
41.799994 0.930053 -7.230937 0.278655 -0.001014 -0.032287 0.872685 0.487214
41.999994 0.654767 -7.243047 0.146156 0.006560 0.030636 0.943555 0.329731
42.199994 0.411081 -7.212660 -0.005202 0.088397 0.018190 0.974620 0.204869
42.399994 0.227978 -7.161210 -0.180449 0.030946 0.013236 0.987290 0.155324
42.599994 0.107779 -7.124489 -0.329413 -0.033808 0.024313 0.977391 0.207299
42.799994 0.007681 -7.086050 -0.436584 -0.036330 0.016281 0.945856 0.322136
42.999994 -0.090909 -7.029725 -0.490122 -0.010106 0.032403 0.892640 0.449491
43.199994 -0.174286 -6.928933 -0.502108 0.012067 0.057473 0.843961 0.533181
43.399994 -0.205429 -6.777638 -0.496637 -0.014595 0.035818 0.832195 0.553132
43.599994 -0.193441 -6.587834 -0.464450 -0.064062 -0.020407 0.851342 0.520286
43.799994 -0.218315 -6.386450 -0.408221 -0.034776 0.016126 0.891379 0.451635
43.999994 -0.276934 -6.175687 -0.335731 -0.003880 0.058070 0.930571 0.361457
44.199994 -0.290704 -5.925589 -0.262108 -0.072323 0.012527 0.961319 0.265479
44.399994 -0.308233 -5.621516 -0.200858 -0.116324 -0.154547 0.963097 0.187160
44.599994 -0.407279 -5.379993 -0.164679 -0.068981 -0.162086 0.976830 0.121546
44.799993 -0.585277 -5.270611 -0.160707 -0.020348 -0.058440 0.995814 0.067268
44.999993 -0.791910 -5.231180 -0.170740 -0.030312 0.014399 0.999032 0.028454
45.199992 -1.002722 -5.176575 -0.183058 -0.083463 -0.015436 0.996383 -0.004037
45.399991 -1.254798 -5.109783 -0.188337 -0.073978 -0.065036 0.994333 -0.039993
45.599990 -1.563682 -5.092082 -0.182713 -0.031175 -0.058978 0.993598 -0.091172
45.799988 -1.880830 -5.137837 -0.185823 -0.018962 -0.012287 0.989413 -0.143356
45.999988 -2.201152 -5.198424 -0.205319 -0.013469 0.013788 0.985009 -0.171421
46.199989 -2.512824 -5.226142 -0.224773 -0.028714 -0.012671 0.986587 -0.160190
46.399990 -2.819840 -5.247421 -0.249897 -0.037378 -0.013481 0.994396 -0.097968
46.599992 -3.083021 -5.283092 -0.267383 -0.031985 0.038656 0.998738 0.002385
46.799993 -3.366643 -5.302030 -0.281189 -0.031213 0.019916 0.990301 0.133911
46.999994 -3.658622 -5.293602 -0.297728 0.004990 -0.104081 0.965902 0.237013
47.199994 -3.948602 -5.339443 -0.318333 0.011144 -0.127672 0.970759 0.202986
47.399993 -4.230869 -5.503568 -0.340933 -0.032127 -0.011291 0.998387 0.045436
47.599992 -4.523381 -5.663620 -0.334423 -0.035924 0.109029 0.986274 -0.118681
47.799991 -4.827201 -5.699808 -0.334603 -0.002679 0.081339 0.978764 -0.188142
47.999991 -5.135373 -5.640131 -0.340000 -0.042257 -0.047418 0.976221 -0.207264
48.199991 -5.429266 -5.633361 -0.374126 -0.052841 -0.131737 0.955100 -0.260072
48.399993 -5.693354 -5.776176 -0.381016 0.086216 -0.036131 0.912115 -0.399134
48.599993 -5.905568 -5.947304 -0.400773 0.100843 0.038135 0.824081 -0.556117
48.799991 -6.049934 -5.997785 -0.439009 -0.031307 0.034810 -0.717191 0.695302
48.999989 -6.151032 -5.993284 -0.455480 0.066622 0.142221 -0.592101 0.790412
49.199987 -6.165897 -6.096636 -0.465470 0.043315 -0.031347 -0.481970 0.874555
49.399993 -6.158259 -6.304010 -0.462553 -0.169225 -0.163666 -0.341661 0.909860
49.599993 -6.232565 -6.344470 -0.441292 -0.175013 -0.016799 -0.236132 0.955683
49.799980 -6.289954 -6.145422 -0.436090 0.074853 0.078302 -0.099777 0.989096
49.999990 -6.224707 -5.966561 -0.410206 0.020168 -0.108638 0.054555 0.992378
50.199993 -6.187651 -5.876302 -0.374883 -0.144054 -0.030800 0.212724 0.965944
50.399994 -6.223758 -5.749141 -0.380100 -0.030593 0.013654 0.384094 0.922686
50.599994 -6.261041 -5.540192 -0.372220 -0.028158 -0.097523 0.528938 0.842568
50.799994 -6.330264 -5.319490 -0.334290 -0.081178 -0.031073 0.638122 0.765013
50.999994 -6.437595 -5.045829 -0.284914 -0.052524 -0.039874 0.721894 0.688854
51.199994 -6.565222 -4.730012 -0.242513 -0.014200 -0.039962 0.779077 0.625492
51.399992 -6.694190 -4.417641 -0.217672 -0.022148 -0.045691 0.816215 0.575513
51.599992 -6.834561 -4.132747 -0.212701 -0.031561 -0.029701 0.839448 0.541710
51.799992 -6.989902 -3.857203 -0.224034 -0.063398 -0.042523 0.844761 0.529670
51.999992 -7.186692 -3.580489 -0.242389 -0.042564 -0.029332 0.840249 0.539732
52.199993 -7.416201 -3.307987 -0.255187 0.002288 -0.007133 0.825913 0.563748
52.399993 -7.630096 -3.029925 -0.269173 0.032883 0.004933 0.802950 0.595118
52.599994 -7.789935 -2.742890 -0.277546 0.035446 0.012942 0.776556 0.628917
52.799993 -7.890801 -2.454461 -0.270252 0.022578 -0.000016 0.750848 0.660089
52.999993 -7.962131 -2.156124 -0.266062 0.038354 -0.054670 0.732599 0.677377
53.199993 -8.041312 -1.894538 -0.289106 0.048954 -0.047183 0.745679 0.662827
53.399992 -8.109390 -1.699668 -0.329848 -0.034426 0.064524 0.782065 0.618891
53.599991 -8.122831 -1.464078 -0.350538 -0.041427 -0.002293 0.817506 0.574423
53.799991 -8.110069 -1.169708 -0.329229 -0.015577 -0.057771 0.829973 0.554585
53.999991 -8.127419 -0.877168 -0.281618 -0.019192 -0.058696 0.822262 0.565749
54.199991 -8.173498 -0.675835 -0.215610 -0.043698 -0.012794 0.796743 0.602601
54.399992 -8.254801 -0.418130 -0.142007 -0.017760 -0.007379 0.761100 0.648350
54.599993 -8.346767 -0.089933 -0.035135 0.215856 -0.134139 0.692562 0.675108
54.799994 -8.388397 0.128135 0.017543 0.329148 -0.298954 0.612275 0.653764
54.999993 -8.383822 0.043221 -0.101320 0.083789 -0.040571 0.690828 0.717000
55.199992 -8.304205 -0.312371 -0.184063 -0.252661 0.118740 0.656268 0.700982
55.399993 -8.234051 -0.521143 -0.180487 -0.163878 0.043131 0.673621 0.719388
55.599993 -8.229254 -0.526055 -0.212298 0.075886 -0.134776 0.697393 0.699800
55.799993 -8.307120 -0.524557 -0.203230 0.168719 -0.035397 0.691823 0.701186
55.999993 -8.342827 -0.607867 -0.175285 -0.025282 0.090230 0.704307 0.703684
56.199993 -8.280197 -0.648635 -0.122658 -0.120692 -0.011533 0.694229 0.709469
56.399993 -8.233805 -0.571747 -0.081620 -0.026880 -0.095445 0.698880 0.708333
56.599993 -8.271340 -0.499435 -0.090356 0.079148 -0.062738 0.699611 0.707350
56.799993 -8.312458 -0.531544 -0.104877 0.019438 0.036424 0.701321 0.711649
56.999993 -8.290521 -0.584706 -0.116398 -0.055984 0.002924 0.697434 0.714453
57.199993 -8.255473 -0.583810 -0.124998 -0.025156 -0.056164 0.696964 0.714461
