0.800000 -0.000378 -0.000435 -0.000133 0.000026 -0.000047 -0.000075 1.000000
8.600000 -0.001546 -0.007220 0.021967 -0.142665 -0.127130 0.011512 0.981505
9.000000 -0.292957 0.288519 -0.087529 0.157226 0.173729 0.018138 0.971992
9.200000 -0.449004 0.468809 -0.160205 0.048911 -0.015557 0.007692 0.998652
9.450000 -0.520560 0.506959 -0.166441 -0.019718 -0.175809 0.006333 0.984206
9.650000 -0.758845 0.550547 -0.084377 0.028247 -0.064190 0.009696 0.997491
9.850000 -1.121770 0.611482 -0.012509 0.084835 0.093205 0.009270 0.991983
10.050000 -1.413586 0.631054 0.083222 0.039450 -0.031392 -0.002307 0.998726
10.250000 -1.654398 0.592772 0.159424 -0.101740 -0.079490 -0.012769 0.991548
10.400000 -1.957178 0.602731 0.257359 -0.059874 0.140462 -0.051489 0.986932
10.650000 -2.210997 0.716988 0.378274 0.160059 0.166890 -0.063456 0.970826
10.800000 -2.295503 0.727249 0.534556 0.188858 -0.027182 -0.108151 0.975652
11.050000 -2.389747 0.529906 0.597018 -0.107863 -0.017502 -0.131978 0.985211
11.250000 -2.509678 0.354157 0.679357 -0.027327 0.143313 -0.174837 0.973728
11.600000 -2.486371 0.154064 0.771381 -0.103123 -0.130525 -0.158682 0.973216
11.850000 -2.478262 0.124441 0.791690 -0.092040 0.033051 -0.130145 0.986660
12.000000 -2.490013 0.193517 0.774902 0.037140 0.068688 -0.054548 0.995453
12.200000 -2.442353 0.254350 0.748803 -0.042896 -0.034092 0.054813 0.996992
12.450000 -2.390364 0.306167 0.690865 -0.100787 -0.015762 0.197006 0.975081
12.650000 -2.358414 0.429929 0.626209 -0.022685 0.007634 0.352840 0.935377
12.850000 -2.331751 0.594480 0.556105 -0.017599 0.006954 0.510340 0.859765
13.050000 -2.339678 0.785135 0.475739 -0.055990 0.028921 0.645639 0.761038
13.250000 -2.361645 1.030917 0.406722 -0.050799 0.019562 0.755221 0.653206
13.450000 -2.386731 1.305015 0.337728 -0.021845 0.010134 0.833233 0.552398
13.850000 -2.425516 1.964945 0.230743 0.002626 0.005395 0.870791 0.491616
14.200000 -2.469493 2.616883 0.182094 -0.029499 -0.025140 0.857460 0.513089
14.600000 -2.658508 3.155213 0.210503 -0.019422 -0.018283 0.920637 0.389507
14.850000 -2.798801 3.439468 0.221818 0.005158 0.019448 0.962618 0.270116
15.000000 -2.924552 3.760976 0.158884 0.110327 -0.016816 0.984977 0.131776
15.200000 -2.987812 4.084343 0.105537 0.096575 0.040939 0.994249 0.021596
15.600000 -2.879683 4.764081 0.014310 -0.121050 -0.083130 0.988873 0.023780
16.000000 -3.079735 5.156029 0.101357 0.024182 -0.079136 0.992056 0.094753
16.650000 -3.353987 5.475732 0.135523 -0.021372 -0.020080 0.997445 -0.065147
16.800000 -3.342587 5.576204 0.139673 -0.076305 -0.030269 0.982635 -0.166401
17.050000 -3.387222 5.615118 0.137314 -0.021197 -0.060603 0.952324 -0.298258
17.200000 -3.420800 5.620244 0.105139 0.007017 -0.050850 0.894863 -0.443378
17.450000 -3.450602 5.592557 0.057329 0.014213 0.029430 -0.800199 0.598844
17.600000 -3.480373 5.582840 0.002861 -0.001753 -0.025029 -0.684509 0.728572
17.800000 -3.532862 5.546479 -0.035883 0.005165 0.027427 -0.552967 0.832735
18.000000 -3.599826 5.492377 -0.082424 -0.045156 0.225276 -0.423530 0.876261
18.200000 -3.523093 5.400364 -0.133528 -0.015033 -0.108038 -0.386701 0.915732
18.600000 -3.494869 5.438171 -0.201090 -0.059546 0.129443 -0.537344 0.831240
19.000000 -3.338402 5.613790 -0.188482 0.159673 0.035898 -0.622094 0.765647
19.200000 -3.200779 5.510271 -0.151277 0.008333 -0.086990 -0.660936 0.745336
19.600000 -3.080764 5.307312 -0.045174 0.038522 0.116389 -0.729010 0.673435
20.000000 -2.872440 4.985315 0.064314 0.080018 -0.053066 -0.814114 0.572713
20.400000 -2.873602 4.519152 0.162606 -0.007157 -0.014009 0.885039 -0.465250
21.050000 -3.083677 3.861237 0.319778 -0.033942 0.086516 0.929972 -0.355689
21.400000 -3.497822 3.493486 0.416897 -0.003596 0.042521 0.929547 -0.366225
22.000000 -4.202872 3.237288 0.476816 0.055801 -0.032449 0.872096 -0.485059
22.600000 -4.719888 2.703775 0.409254 -0.010007 0.087864 -0.795003 0.600125
23.000000 -4.912146 2.156519 0.340386 -0.027449 0.068154 -0.722785 0.687156
23.400000 -4.928042 1.552079 0.267883 -0.011922 0.017941 -0.646746 0.762401
23.850000 -4.903582 0.928737 0.170097 0.002089 -0.000033 -0.596415 0.802674
24.200000 -4.917158 0.319069 0.099837 -0.006003 0.009522 -0.595617 0.803190
24.650000 -4.884242 -0.285204 0.038670 0.016072 0.017333 -0.641066 0.767122
25.050000 -4.820749 -0.876457 -0.018233 0.026179 -0.017414 -0.753539 0.656651
25.400000 -4.850979 -1.449483 -0.091625 0.032846 -0.018075 0.877326 -0.478428
25.600000 -4.818853 -1.719827 -0.141900 0.002698 -0.013802 0.937286 -0.348277
25.800000 -4.764720 -1.995232 -0.163165 -0.135766 -0.005641 0.973344 -0.184761
26.000000 -4.778456 -2.336318 -0.168271 -0.095084 -0.023771 0.995139 -0.009663
26.200000 -4.899766 -2.657673 -0.160563 -0.005478 0.035811 0.985794 0.164006
26.400000 -5.042812 -2.892426 -0.130856 0.023099 0.060425 0.942091 0.329060
26.600000 -5.159466 -3.103747 -0.127137 -0.041555 -0.004304 0.866141 0.498051
26.800000 -5.279739 -3.310447 -0.091998 -0.100290 -0.070156 0.771116 0.624820
27.000000 -5.496511 -3.494964 -0.035693 -0.023649 -0.064499 0.713059 0.697731
27.200000 -5.779985 -3.669164 0.024394 0.029103 0.111637 0.684693 0.719642
27.600000 -6.065526 -3.839329 0.191927 -0.070978 0.010828 0.712562 0.697925
27.800000 -6.152603 -3.787986 0.306389 0.000804 -0.075456 0.737545 0.671068
28.200000 -6.509895 -3.722193 0.443790 -0.023032 0.092630 0.748964 0.655699
28.600000 -6.740540 -3.531014 0.524572 0.030215 0.036469 0.665805 0.744621
29.000000 -6.780263 -3.089154 0.549089 0.165636 -0.046465 0.494867 0.851770
29.200000 -6.757694 -2.932931 0.537347 0.113199 -0.003651 0.403923 0.907755
29.400000 -6.704844 -2.913290 0.489105 0.025388 0.029805 0.288544 0.956666
29.650000 -6.611667 -2.928123 0.430925 0.044640 -0.019954 0.149288 0.987584
29.800000 -6.502764 -2.951542 0.389864 0.121916 0.006259 0.006516 0.992499
30.000000 -6.373131 -3.043595 0.317336 0.053145 0.045535 -0.138487 0.987888
30.200000 -6.211836 -3.181697 0.257669 0.048601 0.017501 -0.272887 0.960658
30.400000 -6.044489 -3.320287 0.201439 0.087223 0.023543 -0.382197 0.919654
30.800000 -5.755601 -3.712217 0.096440 0.045936 0.002811 -0.530993 0.846125
31.250000 -5.477408 -4.236343 -0.004627 0.042681 0.017003 -0.586421 0.808702
31.650000 -5.161470 -4.860071 -0.101475 0.014967 -0.001155 -0.656324 0.754330
31.800000 -4.965452 -5.137463 -0.159384 0.095155 -0.040947 -0.742201 0.662123
32.000000 -4.856289 -5.435186 -0.180274 0.079962 -0.043208 -0.845212 0.526646
32.200000 -4.832535 -5.707772 -0.173092 0.000218 0.026849 0.924775 -0.379567
32.400000 -4.842836 -5.961331 -0.156946 0.002716 0.043679 0.967655 -0.248452
32.800000 -4.861812 -6.387333 -0.063065 -0.027454 -0.079313 0.988888 -0.122706
33.200000 -4.904949 -6.919810 -0.008399 0.013873 0.109510 0.987978 -0.108238
33.800000 -4.947641 -7.118310 -0.055169 0.012546 -0.000710 0.995389 0.095091
34.050000 -4.936025 -7.138564 -0.076705 0.005870 0.029065 0.971428 0.235473
34.250000 -4.920366 -7.154931 -0.113396 -0.038216 0.054007 0.916619 0.394249
34.450000 -4.917547 -7.108818 -0.150250 -0.042777 0.037110 0.835235 0.546969
34.650000 -4.930204 -6.981229 -0.180223 -0.006047 0.011503 0.731033 0.682219
34.800000 -4.929725 -6.818663 -0.206408 -0.002695 0.012744 0.621863 0.783018
35.000000 -4.917291 -6.625911 -0.228510 -0.029847 0.025302 0.513242 0.857351
35.200000 -4.896799 -6.393132 -0.227446 -0.006629 0.013871 0.420730 0.907056
35.600000 -4.815878 -5.855794 -0.202146 0.045911 0.029074 0.272410 0.960645
36.200000 -4.459114 -5.205186 -0.144138 0.069696 0.035947 0.149517 0.985644
36.650000 -4.031699 -4.847227 -0.112135 0.070532 0.030424 0.104467 0.991558
37.050000 -3.457990 -4.674122 -0.062598 0.074463 0.008166 0.070470 0.994697
37.450000 -2.845292 -4.665413 -0.031273 0.019321 -0.025578 0.048304 0.998318
37.800000 -2.315243 -4.677846 -0.021392 0.128715 0.001280 0.037339 0.990978
38.050000 -2.027881 -4.747800 0.009959 -0.028725 -0.009377 0.027818 0.999156
38.400000 -1.434658 -4.839977 0.025788 0.052521 0.000090 0.015479 0.998500
38.800000 -0.844936 -4.907580 0.022349 0.016480 -0.029939 -0.009095 0.999374
39.200000 -0.287657 -4.975930 0.067181 0.015956 -0.022683 -0.037339 0.998918
39.600000 0.221432 -4.990820 0.111458 0.132667 -0.054483 -0.092206 0.985357
40.050000 0.558208 -5.279267 0.084848 -0.018024 -0.087475 -0.190255 0.977664
40.400000 0.728613 -5.515426 0.016948 0.076253 -0.003017 -0.364037 0.928253
40.600000 0.760992 -5.623421 -0.018008 0.088641 -0.037645 -0.502898 0.858964
40.800000 0.758492 -5.785913 -0.045941 0.052937 -0.011052 -0.644353 0.762813
41.000000 0.714341 -5.954452 -0.058448 -0.012594 0.015609 -0.769622 0.638184
41.200000 0.687258 -6.099790 -0.026891 0.045907 -0.000726 0.873289 -0.485035
41.450000 0.686697 -6.240746 -0.000587 -0.075463 -0.036935 0.939431 -0.332280
41.600000 0.690982 -6.393369 0.037011 -0.045507 -0.000943 0.978044 -0.203367
42.000000 0.665687 -6.681109 0.120098 -0.014782 -0.038991 0.998286 -0.041056
42.400000 0.624202 -6.962244 0.266101 -0.055565 -0.003637 0.991756 0.115407
42.800000 0.441764 -7.199719 0.428846 0.119416 0.069607 0.940330 0.310924
43.000000 0.465933 -7.232451 0.496576 0.067941 0.042461 0.908972 0.409085
43.200000 0.601618 -7.222674 0.553159 0.019741 -0.027278 0.855822 0.516173
43.400000 0.762587 -7.200675 0.595705 0.032404 -0.030160 0.777117 0.627798
43.650000 0.913263 -7.207156 0.618383 -0.059062 -0.028500 0.691716 0.719186
43.850000 1.055768 -7.209499 0.648244 -0.163565 -0.027548 0.585830 0.793278
44.000000 1.084361 -7.092006 0.654306 -0.037863 -0.096852 0.519579 0.848070
44.250000 1.017986 -6.911538 0.631126 0.237075 0.083627 0.444261 0.859904
44.600000 1.103671 -6.837173 0.520704 -0.008292 -0.012468 0.348313 0.937259
44.800000 1.292129 -6.827906 0.451416 0.042292 -0.135957 0.285683 0.947688
45.800000 1.460421 -6.945509 0.158336 0.006734 -0.034112 0.389337 0.920439
46.250000 1.256984 -6.960668 0.182504 -0.068792 -0.045363 0.518220 0.851268
46.650000 0.848246 -6.828919 0.274653 -0.039736 -0.027592 0.656619 0.752669
47.000000 0.298094 -6.558297 0.344205 -0.030502 0.042227 0.789399 0.611667
47.400000 -0.188800 -6.087830 0.335938 0.002004 -0.010693 0.893902 0.448130
47.800000 -0.613956 -5.562340 0.255231 0.010986 -0.052227 0.955917 0.288747
48.200000 -1.029909 -5.150500 0.173272 -0.024525 -0.085716 0.982332 0.164543
48.600000 -1.564764 -4.896424 0.088696 -0.010131 -0.071468 0.993336 0.089852
49.000000 -1.896438 -4.796516 0.023719 -0.021319 -0.072372 0.994071 0.078302
49.400000 -2.381026 -4.844981 -0.032737 -0.002879 -0.028899 0.991497 0.126844
49.850000 -2.895952 -4.923478 -0.067857 -0.005112 -0.004278 0.973676 0.227839
50.200000 -3.502842 -4.914151 -0.101181 0.004443 0.018592 0.938539 0.344644
50.650000 -4.035420 -4.806836 -0.114690 0.004064 0.046682 0.888903 0.455693
51.000000 -4.497073 -4.519910 -0.114573 0.017542 0.044807 0.836662 0.545602
51.400000 -4.829514 -4.087365 -0.083742 0.003218 0.038058 0.791723 0.609685
51.800000 -5.075210 -3.547773 0.004753 0.007431 -0.012903 0.760589 0.649063
52.250000 -5.292501 -2.966302 0.184991 0.015228 0.014851 0.740181 0.672071
52.600000 -5.418310 -2.353741 0.436505 0.019761 -0.008784 0.723543 0.689940
53.000000 -5.508820 -1.731752 0.693418 0.019555 0.002926 0.707562 0.706375
53.450000 -5.519769 -1.107344 0.886165 0.082443 -0.084040 0.650133 0.750644
53.850000 -5.533046 -0.701504 0.978373 0.041336 -0.030587 0.575818 0.815959
54.200000 -5.542600 -0.542034 1.004330 0.069188 -0.045639 0.469606 0.878977
54.600000 -5.546068 -0.522779 0.988112 0.040784 -0.012322 0.346628 0.937035
55.000000 -5.538873 -0.671188 0.893401 -0.036903 -0.001214 0.239147 0.970281
55.850000 -5.547372 -0.661254 0.811974 -0.066244 0.001411 0.140142 0.987912
56.450000 -5.581173 -0.166357 0.935599 -0.048845 -0.006256 0.118614 0.991719
56.850000 -5.625416 0.381201 1.010937 -0.025179 0.021400 0.128969 0.991098
57.200000 -5.600604 1.007522 1.048515 -0.012844 -0.019598 0.152634 0.988005
57.600000 -5.599408 1.648451 1.043168 0.006122 0.012989 0.181143 0.983352
58.050000 -5.550544 2.295027 1.074442 0.034190 0.038639 0.212998 0.975689
58.400000 -4.722905 2.644367 0.881549 0.077042 0.019676 0.223870 0.971370
58.850000 -4.366844 3.063386 0.807994 -0.006914 0.062494 0.244913 0.967504
59.200000 -3.882113 3.499830 0.729915 0.071607 -0.009654 0.251415 0.965179
59.650000 -3.309356 3.768356 0.683817 0.011447 0.009497 0.242150 0.970125
60.050000 -2.632261 3.980884 0.670356 0.012570 -0.020803 0.213231 0.976700
60.450000 -1.954579 4.144247 0.723772 -0.001980 -0.108373 0.144088 0.983611
60.850000 -1.516460 4.254617 0.796169 0.012296 -0.054159 0.027552 0.998076
61.250000 -1.451528 4.332259 0.861448 -0.005663 0.106232 -0.113363 0.987842
61.650000 -1.230508 4.396292 0.778071 -0.027016 -0.014359 -0.237690 0.970859
62.250000 -0.513036 4.708677 0.725660 -0.003770 0.045661 -0.315490 0.947822
62.650000 0.120088 4.958047 0.713844 0.051965 -0.034718 -0.292301 0.954282
63.050000 0.678419 5.156468 0.637275 0.100673 0.046426 -0.225716 0.967865
63.450000 1.273415 5.130467 0.471425 -0.013596 -0.068973 -0.148727 0.986376
63.850000 1.756639 5.171768 0.275924 -0.024284 0.009414 -0.132329 0.990864
64.250000 2.107749 5.347805 0.200562 0.070435 -0.038346 -0.265494 0.960771
64.450000 2.286024 5.355172 0.120161 -0.015309 0.030709 -0.348114 0.936824
64.800000 2.026829 5.697039 0.009656 0.107972 0.086381 -0.456112 0.879115
65.200000 2.738597 5.573433 -0.004698 -0.008279 -0.184932 -0.463156 0.866729
65.400000 2.948445 5.493656 -0.008466 -0.091618 -0.102406 -0.457442 0.878559
65.600000 3.058617 5.559430 -0.042545 -0.013932 0.101197 -0.514338 0.851482
65.800000 3.297103 5.652265 0.001556 0.168555 0.071784 -0.633184 0.752007
66.000000 3.535052 5.624816 0.054252 0.123904 -0.075435 -0.769361 0.622126
66.200000 3.640464 5.532324 0.116580 -0.041052 0.101520 0.883827 -0.454817
66.400000 3.652262 5.480660 0.158251 0.038192 0.017891 0.961340 -0.272116
66.650000 3.693106 5.493548 0.187419 -0.028490 -0.074466 0.989540 -0.120227
66.800000 3.757838 5.490419 0.207868 -0.120878 -0.054206 0.991186 0.000418
67.200000 3.623901 5.382131 0.255092 -0.062006 0.047515 0.995497 0.053694
67.600000 3.235802 5.409920 0.235476 -0.041905 -0.040005 0.995177 -0.079160
67.800000 3.044461 5.413666 0.216772 -0.066993 -0.027173 0.979527 -0.187883
68.000000 2.815509 5.393283 0.213999 -0.039564 -0.016784 0.950617 -0.307376
68.200000 2.548271 5.354989 0.226430 -0.001775 -0.044842 0.905064 -0.422901
68.400000 2.278574 5.301334 0.245728 0.005236 0.073329 -0.848499 0.524066
68.600000 2.044269 5.202955 0.280513 0.016018 0.073624 -0.789200 0.609496
69.000000 1.668816 4.885673 0.360728 0.013140 0.021609 -0.674767 0.737598
69.450000 1.339814 4.512572 0.409302 0.005568 0.083339 -0.583542 0.807776
69.850000 1.169595 4.016308 0.438870 -0.023361 0.022081 -0.512104 0.858322
70.450000 1.209466 3.313591 0.405888 -0.010676 0.057512 -0.375366 0.925029
70.850000 1.475884 2.835581 0.348148 -0.009486 0.013831 -0.195126 0.980635
71.050000 1.683567 2.597453 0.266894 -0.077969 0.026370 -0.067568 0.994314
71.250000 1.879972 2.427186 0.151355 0.001623 0.070078 0.068712 0.995171
71.450000 2.129651 2.304651 0.098197 0.084019 0.019547 0.190943 0.977804
71.600000 2.429690 2.130033 0.067266 0.046089 -0.004434 0.287860 0.956553
72.000000 3.111460 1.645001 0.041463 -0.060869 0.009604 0.389469 0.918976
72.250000 3.454319 1.483174 0.054164 0.109097 -0.108516 0.381537 0.911456
72.650000 3.984640 0.946867 0.014557 -0.007842 0.161522 0.266300 0.950228
72.800000 4.334242 0.618063 -0.001129 -0.081998 -0.068309 0.160362 0.981272
73.050000 4.660729 0.419846 -0.016881 0.071567 -0.133470 0.027901 0.988072
73.200000 4.815202 0.184985 -0.009236 0.001778 0.013258 -0.107797 0.994083
73.450000 4.969627 -0.117885 -0.008139 0.004173 -0.015112 -0.261957 0.964952
73.650000 5.135113 -0.421009 0.007374 0.072506 -0.056023 -0.387157 0.917450
73.850000 5.254939 -0.691624 0.043335 0.067276 0.003624 -0.491787 0.868105
74.050000 5.345587 -0.967322 0.093002 0.040118 -0.037821 -0.588989 0.806258
74.400000 5.436847 -1.532480 0.141466 -0.150504 -0.218567 -0.688711 0.674725
74.600000 5.439803 -1.737171 0.113757 -0.363216 -0.369789 -0.637130 0.570435
74.800000 5.457290 -1.493831 -0.099031 0.033318 0.064351 -0.741261 0.667294
75.000000 5.464534 -1.069677 -0.065917 0.241026 0.279143 -0.696971 0.614993
75.450000 5.459623 -1.050616 0.034531 -0.051573 -0.096137 -0.739379 0.664392
75.600000 5.436948 -1.347610 0.040210 -0.186154 -0.206298 -0.708969 0.648191
75.800000 5.428821 -1.430274 0.052819 -0.082961 0.019952 -0.736419 0.671123
76.050000 5.490809 -1.307925 0.058872 0.115642 0.158502 -0.731147 0.653397
76.200000 5.557752 -1.261204 0.109796 0.161985 0.006773 -0.727528 0.666647
76.450000 5.533382 -1.342394 0.127770 -0.026455 -0.104342 -0.739232 0.664792
76.650000 5.447738 -1.384905 0.143772 -0.123864 -0.019117 -0.731369 0.670367
76.850000 5.427392 -1.314852 0.145484 -0.007782 0.087500 -0.737523 0.669585
77.050000 5.491859 -1.255775 0.132732 0.097931 0.041726 -0.732710 0.672164
77.200000 5.527040 -1.299073 0.125007 0.038413 -0.045645 -0.735311 0.675099
