0.800000 -0.000378 -0.000435 -0.000133 0.000026 -0.000047 -0.000075 1.000000
8.600000 -0.009257 0.004636 0.018434 -0.138225 -0.133320 0.012136 0.981312
9.000000 -0.292870 0.284830 -0.058131 0.008483 0.110275 0.003812 0.993858
9.400000 -0.455960 0.611637 -0.116883 -0.058336 -0.062472 -0.020047 0.996139
9.850000 -0.742998 1.110446 0.024315 0.040496 -0.023471 -0.086983 0.995110
10.250000 -1.289687 1.542210 0.200224 0.046466 -0.067424 -0.163158 0.983196
10.650000 -1.826247 1.840922 0.481493 -0.003698 0.155365 -0.226256 0.961590
11.050000 -2.137727 1.943187 0.617579 0.115457 0.024037 -0.315467 0.941580
11.250000 -2.255248 1.898878 0.693515 -0.007875 0.014535 -0.365007 0.930858
11.600000 -2.452126 1.768575 0.735751 0.041891 0.123461 -0.460501 0.878033
11.850000 -2.433520 1.634826 0.738185 0.006932 0.003517 -0.489720 0.871845
12.250000 -2.364009 1.279906 0.728501 -0.071927 -0.027666 -0.378995 0.922184
12.450000 -2.312994 1.183421 0.717047 -0.040833 -0.028194 -0.241070 0.969238
12.600000 -2.272945 1.143380 0.685823 -0.034973 -0.012868 -0.063591 0.997280
12.850000 -2.253145 1.135075 0.659210 -0.052411 0.020613 0.115174 0.991748
13.000000 -2.201806 1.168275 0.659098 -0.055380 0.008528 0.298949 0.952623
13.250000 -2.121549 1.312902 0.672170 -0.067219 -0.021579 0.457499 0.886403
13.450000 -2.098361 1.476461 0.692093 -0.053948 -0.010351 0.592706 0.803543
13.650000 -2.138992 1.656127 0.704568 -0.039164 0.021244 0.690010 0.722427
13.850000 -2.192988 1.869657 0.712129 -0.050097 0.042500 0.759923 0.646685
14.250000 -2.325621 2.472723 0.716715 -0.054430 0.003954 0.838830 0.541652
14.650000 -2.516764 3.070888 0.647802 0.010185 -0.044631 0.838703 0.542662
15.000000 -2.768390 3.629211 0.409628 0.030470 0.029100 0.862776 0.503828
15.400000 -2.889449 4.182056 0.034888 -0.003711 0.056185 0.912317 0.405596
15.800000 -2.913202 4.849433 -0.133119 0.052826 -0.138497 0.935616 0.320392
16.250000 -3.068296 5.211018 -0.149263 -0.027401 -0.026092 0.976066 0.214159
16.600000 -3.359400 5.456537 0.019670 -0.037752 -0.042277 0.996853 0.055413
17.000000 -3.744737 5.654115 0.259598 -0.030751 -0.063288 0.996456 -0.046096
17.400000 -4.297685 5.526116 0.520398 0.116694 -0.068714 0.986991 -0.086653
17.800000 -4.612027 5.348820 0.648406 0.051322 0.030902 0.969704 -0.236823
18.200000 -4.692684 5.316630 0.673313 0.083469 -0.001998 0.900242 -0.427310
18.400000 -4.695582 5.337772 0.670810 -0.057357 0.056181 -0.850323 0.520101
18.800000 -4.533520 5.365043 0.619196 -0.007576 0.004764 -0.745857 0.666046
19.200000 -4.242265 5.397520 0.536614 -0.003065 0.052983 -0.662553 0.747132
19.800000 -3.584537 5.270052 0.369655 0.044531 -0.006726 -0.638953 0.767926
20.450000 -3.057989 4.946479 0.272772 0.075806 -0.000469 -0.729566 0.679696
20.850000 -2.929643 4.586500 0.223051 0.036432 -0.017272 -0.814974 0.578093
21.200000 -2.909729 4.220807 0.143726 -0.063247 0.014201 0.883850 -0.463257
21.800000 -3.214789 3.642495 0.104591 -0.020672 0.039332 0.933228 -0.356527
22.400000 -3.859581 3.310398 0.130684 0.001526 -0.010279 0.907935 -0.418982
22.850000 -4.334658 3.145077 0.137574 -0.042011 0.030349 -0.835723 0.546700
23.200000 -4.694662 2.953360 0.092540 0.031703 0.131524 -0.725119 0.675203
23.600000 -4.849634 2.487253 0.023360 -0.023196 0.006111 -0.637160 0.770358
24.000000 -4.981136 1.962701 -0.039195 -0.002276 0.102836 -0.623590 0.774955
24.400000 -4.900533 1.311957 -0.062605 -0.006140 -0.061781 -0.652554 0.755194
24.800000 -4.922978 0.736615 -0.061256 -0.004696 0.051416 -0.674317 0.736635
25.200000 -4.913678 0.133198 -0.023029 -0.006960 -0.000846 -0.675597 0.737237
25.650000 -4.862594 -0.489814 0.015411 -0.005143 0.018383 -0.670351 0.741799
26.000000 -4.787828 -1.091791 0.051823 0.024506 -0.024886 -0.668647 0.742759
26.450000 -4.789365 -1.667134 0.089921 -0.041982 -0.003045 -0.611854 0.789850
26.800000 -4.721942 -2.126215 0.100269 -0.070278 -0.010785 -0.502917 0.861405
27.200000 -4.600499 -2.384755 0.112306 0.007679 -0.039987 -0.345899 0.937388
27.400000 -4.578813 -2.499720 0.120157 -0.035424 -0.050554 -0.240540 0.968674
27.650000 -4.600448 -2.578698 0.116151 -0.072305 -0.000163 -0.123736 0.989677
27.800000 -4.608976 -2.601572 0.111889 -0.028173 0.014626 -0.000476 0.999496
28.000000 -4.601159 -2.598546 0.107107 -0.003665 -0.072021 0.135253 0.988183
28.250000 -4.628882 -2.577508 0.103302 -0.009500 -0.080341 0.271109 0.959143
28.450000 -4.779181 -2.559760 0.116126 0.015908 -0.003559 0.407587 0.913021
28.650000 -4.960938 -2.545129 0.137069 -0.005770 -0.017057 0.540413 0.841207
28.850000 -5.140670 -2.525908 0.154957 -0.035228 -0.048033 0.660839 0.748160
29.000000 -5.351380 -2.500642 0.172572 0.015020 -0.078210 0.765921 0.637983
29.200000 -5.605821 -2.517012 0.197768 0.079867 -0.027946 0.845838 0.526687
29.650000 -5.982003 -2.766894 0.276430 0.084519 0.018663 0.910049 0.405364
29.800000 -6.051495 -2.957620 0.297111 -0.215029 0.122537 0.883859 0.396915
30.050000 -6.215121 -3.003482 0.302797 -0.121288 0.028293 0.866029 0.484233
30.250000 -6.491706 -2.918519 0.302034 0.157533 0.022789 0.801475 0.576456
30.400000 -6.685806 -2.860861 0.284836 0.198757 0.063329 0.712552 0.669892
30.650000 -6.687316 -2.901208 0.257507 0.042324 0.100812 0.644004 0.757168
30.800000 -6.584373 -2.923652 0.189028 -0.071679 -0.001885 0.545635 0.834950
31.050000 -6.533935 -2.865290 0.130419 0.066954 -0.012134 0.457731 0.886483
31.200000 -6.533122 -2.821490 0.112483 0.066359 0.111214 0.396937 0.908663
31.600000 -6.264266 -2.813742 0.092698 -0.042315 -0.015415 0.320511 0.946174
32.200000 -5.624295 -2.557186 0.095332 -0.039637 0.014802 0.337302 0.940445
32.600000 -5.199019 -2.217230 0.178936 -0.016281 -0.032287 0.402054 0.914902
33.200000 -4.822343 -1.627673 0.373487 -0.064691 -0.011797 0.508049 0.858814
33.650000 -4.721961 -1.083647 0.529213 -0.010744 -0.014782 0.568777 0.822289
34.000000 -4.718242 -0.480922 0.704275 0.012345 0.011847 0.605023 0.796024
34.450000 -4.681595 0.109099 0.850180 -0.005657 -0.036152 0.615258 0.787476
34.800000 -4.760360 0.706517 0.888028 0.025232 0.018006 0.596288 0.802172
35.200000 -4.821630 1.372067 0.888148 0.024822 0.016482 0.543320 0.838997
35.600000 -4.769655 2.041613 0.877913 0.029961 0.008969 0.457384 0.888719
36.000000 -4.702753 2.638885 0.900145 0.071373 0.021486 0.332756 0.940063
36.400000 -4.530790 3.103906 0.935042 0.092648 -0.058853 0.164670 0.980223
36.850000 -4.499418 3.330494 0.941507 0.064324 -0.005942 0.005561 0.997896
37.200000 -4.515499 3.402635 0.944338 0.076158 -0.007871 -0.154702 0.984990
37.650000 -4.595971 3.289742 0.931724 0.071202 0.025292 -0.304291 0.949578
38.050000 -4.695171 3.002509 0.917190 0.042398 0.033218 -0.438366 0.897181
38.400000 -4.760701 2.542513 0.892286 0.030195 0.043989 -0.546758 0.835589
38.800000 -4.783950 1.977488 0.869398 0.002883 0.029584 -0.624020 0.780842
39.200000 -4.781021 1.366855 0.854630 0.004150 0.023990 -0.674035 0.738298
39.650000 -4.780633 0.724252 0.841308 -0.001148 0.010615 -0.701195 0.712890
40.050000 -4.781493 0.044259 0.826726 -0.003701 0.020875 -0.710527 0.703350
40.450000 -4.752983 -0.661839 0.821009 -0.004461 -0.006083 -0.709932 0.704230
40.800000 -4.755177 -1.341271 0.810677 -0.018948 0.002511 -0.705789 0.708164
41.200000 -4.770473 -1.939002 0.725779 -0.031912 0.000446 -0.701727 0.711731
41.650000 -4.752011 -2.261480 0.631395 0.060868 0.070866 -0.699802 0.708202
42.000000 -4.756603 -2.617873 0.527575 -0.040594 0.005029 -0.705354 0.707674
42.400000 -4.709687 -3.224733 0.372624 0.011370 0.019844 -0.714148 0.699621
42.800000 -4.652897 -3.939648 0.205745 -0.021841 -0.002987 -0.716257 0.697488
43.200000 -4.599071 -4.505150 0.109288 -0.002974 0.023785 -0.712816 0.700941
43.600000 -4.526678 -5.109647 0.097043 0.077330 -0.072532 -0.749000 0.654032
44.000000 -4.723501 -5.731901 -0.026637 -0.042814 0.019949 -0.834807 0.548513
44.450000 -4.799613 -6.280043 -0.082901 0.033639 -0.010243 0.928334 -0.370081
44.600000 -4.789389 -6.609554 -0.115298 -0.099345 0.063903 0.959223 -0.256785
44.800000 -4.885167 -6.914693 -0.085449 -0.092479 0.093946 0.981159 -0.141241
45.050000 -5.121911 -7.124187 -0.045761 0.060322 0.084987 0.994538 -0.005728
45.200000 -5.342518 -7.242818 -0.014525 0.148970 0.066090 0.977820 0.131562
45.400000 -5.402985 -7.330719 0.018628 0.057140 0.043861 0.963885 0.256393
45.600000 -5.363087 -7.420092 0.033611 -0.051743 0.032111 0.921823 0.382798
45.800000 -5.386970 -7.479377 0.035722 -0.011647 0.040448 0.864041 0.501659
46.000000 -5.484437 -7.491452 0.038381 0.042285 0.133644 0.788951 0.598254
46.200000 -5.515711 -7.449759 0.033872 0.012643 0.122741 0.722069 0.680728
46.400000 -5.438262 -7.346923 0.005082 -0.030423 0.050947 0.651282 0.756512
46.850000 -5.208792 -7.029592 -0.066361 -0.014923 0.026554 0.505669 0.862190
47.250000 -5.031717 -6.590009 -0.116453 -0.034827 0.007310 0.376571 0.925704
47.650000 -4.872102 -5.952599 -0.086642 0.004505 -0.023235 0.262353 0.964682
48.000000 -4.819669 -5.419415 -0.006145 0.087161 -0.004681 0.176250 0.980468
48.400000 -4.902484 -5.031403 0.076062 0.018676 0.112485 0.095506 0.988877
49.000000 -4.550676 -4.610028 0.151853 0.041303 0.101048 -0.006267 0.994004
49.650000 -3.882455 -4.583479 0.135744 0.059263 0.046208 -0.083983 0.993629
50.050000 -3.287059 -4.703254 0.107391 0.008829 -0.004749 -0.117746 0.992993
50.400000 -2.670945 -4.875802 0.119401 -0.047312 0.001192 -0.125823 0.990923
50.800000 -2.110056 -4.931387 0.013737 -0.008684 0.012385 -0.106805 0.994165
51.200000 -1.500760 -5.036457 -0.039831 -0.039669 -0.001654 -0.073552 0.996501
51.400000 -1.196716 -5.120524 -0.055175 -0.168023 -0.016959 -0.048761 0.984430
51.650000 -0.914702 -5.062662 -0.087845 0.030178 0.002154 -0.033051 0.998996
52.050000 -0.336896 -4.959425 -0.085391 -0.010173 -0.000086 -0.058965 0.998208
52.450000 0.201735 -4.981315 -0.100794 0.034543 -0.113587 -0.212079 0.970014
52.800000 0.504590 -4.933500 -0.124439 0.005612 0.002692 -0.386373 0.922322
53.200000 0.726810 -4.930789 -0.137931 0.048784 -0.067174 -0.561802 0.823095
53.400000 0.737979 -4.932723 -0.135080 0.035225 -0.037023 -0.649994 0.758219
53.600000 0.687978 -4.920959 -0.120900 0.039718 -0.025030 -0.731006 0.680754
53.800000 0.591387 -4.908499 -0.106308 0.052191 -0.020030 -0.803024 0.593319
54.000000 0.434669 -4.913618 -0.087952 -0.059549 0.020934 0.867076 -0.494161
54.200000 0.223345 -4.915807 -0.081665 -0.044086 0.015746 0.918816 -0.391900
54.450000 -0.034902 -4.920608 -0.069608 -0.026777 0.004183 0.957583 -0.286881
54.600000 -0.313650 -4.931974 -0.050761 -0.024220 -0.004889 0.982006 -0.187226
55.000000 -0.866686 -4.948296 -0.000899 -0.009635 0.007227 0.999927 -0.000978
55.450000 -1.473844 -4.947850 0.096711 0.002010 0.005902 0.987641 0.156609
55.800000 -2.140929 -4.942527 0.204639 0.013077 0.007248 0.959664 0.280751
56.250000 -2.782479 -4.919462 0.287741 -0.009566 0.026953 0.929658 0.367313
56.600000 -3.407126 -4.780846 0.379799 -0.022258 0.063690 0.900774 0.429015
57.000000 -3.983165 -4.452739 0.493895 0.020155 0.044095 0.873331 0.484709
57.450000 -4.519369 -4.008495 0.650887 -0.056494 0.019577 0.831452 0.552369
57.600000 -4.868608 -3.722656 0.749645 0.072394 0.074285 0.797703 0.594063
58.050000 -5.397683 -3.121174 0.951025 -0.074786 -0.076648 0.710945 0.695046
58.200000 -5.649767 -2.831492 0.978811 0.035859 -0.042701 0.674244 0.736401
58.450000 -5.946791 -2.558193 0.964161 0.085501 0.069616 0.642450 0.758354
58.850000 -6.322934 -2.061618 0.880630 -0.021729 0.042324 0.634155 0.771740
59.250000 -6.542095 -1.406558 0.792198 0.114031 -0.020540 0.632930 0.765490
59.800000 -6.618864 -0.809803 0.721562 -0.012634 -0.020683 0.567865 0.822765
60.800000 -6.651676 -0.243028 0.572025 -0.075632 0.072828 0.508958 0.854364
61.200000 -6.648116 0.120939 0.524672 0.083834 -0.085154 0.492929 0.861825
61.650000 -6.714011 0.351375 0.429926 0.040011 0.053742 0.441295 0.894858
62.000000 -6.632022 0.391304 0.344653 0.076101 -0.085568 0.360246 0.925802
62.400000 -6.680976 0.252674 0.281517 0.019124 0.046189 0.279383 0.958878
62.800000 -6.626370 -0.035935 0.256583 0.069926 -0.043269 0.210044 0.974228
63.400000 -6.616601 -0.711205 0.242711 0.008085 0.012485 0.161005 0.986842
63.800000 -6.543079 -1.207221 0.237233 -0.004174 0.031624 0.157250 0.987044
64.200000 -6.414756 -1.699887 0.236249 -0.029540 0.030286 0.172875 0.984035
64.400000 -6.312117 -1.920617 0.232085 0.076683 0.037608 0.176528 0.980583
64.850000 -5.989222 -2.503994 0.202445 0.001690 0.068545 0.176796 0.981856
65.200000 -5.478041 -3.159636 0.163641 0.020133 0.018627 0.125493 0.991715
65.650000 -4.939054 -3.726583 0.173890 -0.016777 0.013800 0.051165 0.998454
66.000000 -4.362453 -4.310459 0.207536 -0.055487 0.006783 -0.016217 0.998305
66.400000 -3.766731 -4.712649 0.251358 -0.037247 0.005614 -0.050339 0.998022
66.800000 -3.122673 -4.925238 0.290911 -0.054947 0.003239 -0.066434 0.996271
67.200000 -2.480459 -5.017976 0.327220 -0.033424 -0.011818 -0.087072 0.995571
67.600000 -1.903556 -4.980420 0.343962 -0.011234 0.002280 -0.117810 0.992970
68.000000 -1.306020 -4.880642 0.331873 0.020712 0.006874 -0.174730 0.984375
68.400000 -0.698504 -4.849237 0.272487 0.050238 0.021851 -0.280351 0.958333
68.800000 -0.078972 -4.960248 0.178363 -0.026060 -0.080120 -0.445299 0.891409
69.050000 0.202595 -5.001664 0.145019 -0.007672 -0.081891 -0.552180 0.829658
69.200000 0.443148 -4.978435 0.104330 0.024419 0.016384 -0.671036 0.740841
69.400000 0.636665 -4.947121 0.090744 0.070187 0.055085 -0.786306 0.611361
69.650000 0.789761 -4.987023 0.100071 -0.099077 -0.039104 0.871640 -0.478433
70.000000 0.949685 -5.244334 0.045675 -0.039783 -0.020747 0.927861 -0.370217
70.600000 0.959683 -5.877714 -0.047518 -0.059691 -0.037848 0.951950 -0.297985
70.800000 0.884394 -6.174519 -0.054739 0.064381 0.019969 0.976482 -0.204789
71.050000 0.835088 -6.447949 -0.106116 0.036338 0.056540 0.994647 -0.078488
71.200000 0.842780 -6.668136 -0.147539 -0.045532 0.063379 0.995869 0.046416
71.400000 0.832246 -6.834626 -0.175195 0.058535 0.045191 0.982852 0.168920
71.600000 0.821712 -6.979356 -0.203763 0.110256 0.036765 0.951940 0.283375
71.800000 0.922038 -7.116211 -0.194479 0.049484 0.068792 0.918092 0.387203
72.000000 1.093651 -7.202604 -0.179620 -0.019917 0.067795 0.865215 0.496396
72.200000 1.264693 -7.201027 -0.152370 0.001972 0.037415 0.789356 0.612791
72.400000 1.429954 -7.146181 -0.101710 0.046432 0.045137 0.692784 0.718232
72.600000 1.664248 -7.109980 -0.054961 0.036382 0.053003 0.580226 0.811914
72.800000 1.931540 -7.104495 -0.001844 0.012121 0.023065 0.446087 0.894610
73.000000 2.201882 -7.100555 0.065829 0.007256 -0.000236 0.305071 0.952302
73.250000 2.489511 -7.074895 0.119323 0.020678 -0.009784 0.175679 0.984182
73.400000 2.775823 -7.004811 0.142169 0.048301 0.007599 0.061374 0.996917
73.800000 3.390466 -6.945797 0.164069 -0.029428 0.012156 -0.070425 0.997009
74.200000 3.997729 -6.941173 0.178152 -0.002747 -0.196543 -0.101272 0.975247
74.400000 4.121858 -6.878973 0.182453 -0.067967 -0.002981 -0.094536 0.993194
74.800000 4.265462 -6.503685 0.194653 -0.003727 -0.122732 -0.021838 0.992193
75.200000 4.252563 -6.058445 0.177867 -0.017736 0.073734 0.091265 0.992935
75.600000 4.224612 -5.547061 0.073141 0.016065 -0.060076 0.228845 0.971475
75.850000 4.154195 -5.272973 0.013669 0.088210 0.113455 0.286183 0.947336
76.200000 4.273253 -4.849120 -0.050700 0.010611 -0.021259 0.364080 0.931064
76.600000 4.550994 -4.479738 -0.126764 -0.022013 0.084264 0.483958 0.870747
77.000000 4.890835 -3.946663 -0.149713 -0.038751 0.000100 0.655178 0.754480
77.400000 5.211680 -3.250868 -0.169276 0.003749 -0.053921 0.780260 0.623116
77.800000 5.440380 -2.718889 -0.143430 -0.068739 -0.022616 0.863391 0.499319
78.250000 5.429483 -2.206152 -0.062308 0.033723 0.010992 0.885873 0.462570
78.600000 5.423904 -1.611137 -0.030930 -0.041706 -0.062993 0.839725 0.537730
79.050000 5.303353 -1.125030 0.036318 -0.031081 -0.016741 0.852612 0.521351
79.450000 5.017385 -0.679897 0.110687 0.024618 0.053656 0.934767 0.350322
79.800000 4.811077 0.028682 0.172260 0.034924 -0.026647 0.947824 0.315753
80.250000 4.671681 0.627091 0.198994 -0.029931 -0.008922 0.853987 0.519357
80.400000 4.537577 0.903278 0.219110 -0.047395 -0.072729 0.773384 0.627966
80.600000 4.372014 1.183685 0.249709 -0.016762 -0.079868 0.708492 0.700985
81.050000 3.943300 1.679329 0.358487 -0.014881 -0.009896 0.697454 0.716407
81.450000 3.432020 2.120321 0.485812 -0.015417 -0.040374 0.796612 0.602945
81.850000 2.713688 2.494514 0.615488 0.034277 0.020146 0.887608 0.458879
82.200000 2.169926 2.872123 0.713991 -0.027743 0.004183 0.887693 0.459580
82.600000 1.514798 3.357288 0.759095 0.017074 0.055866 0.759157 0.648281
82.800000 1.216900 3.628404 0.778529 0.039208 0.077188 0.638351 0.764862
83.050000 0.889545 4.019904 0.786148 0.046829 0.019089 0.449972 0.891610
83.250000 0.741580 4.361244 0.756896 0.047304 0.013847 0.286711 0.956748
83.450000 0.586816 4.654868 0.704687 0.024268 0.044825 0.148658 0.987574
83.650000 0.466394 4.943880 0.642567 0.093899 -0.005189 0.042255 0.994671
84.050000 0.280780 5.349976 0.542289 0.042614 0.116954 -0.072783 0.989550
84.800000 0.395721 5.650475 0.083846 0.052017 0.057688 -0.127778 0.988756
85.450000 0.975245 5.557791 -0.037688 -0.003053 0.079431 -0.100506 0.991756
85.800000 1.565226 5.479414 -0.008210 0.015185 -0.006567 -0.067066 0.997611
86.200000 2.188776 5.422705 0.037004 0.010381 0.012349 -0.019753 0.999675
86.600000 2.803390 5.322455 0.115991 0.093466 0.002196 0.035810 0.994976
86.850000 3.102308 5.181904 0.174640 -0.079420 0.009236 0.063566 0.994770
87.200000 3.689861 5.164623 0.442602 -0.019131 -0.422791 0.142039 0.894822
87.650000 3.582662 5.200858 0.366973 0.031138 0.097225 0.139888 0.984890
87.800000 3.242731 5.134917 0.329298 -0.024898 0.307277 0.125696 0.942954
88.000000 3.153056 5.121815 0.312245 -0.009575 0.038584 0.120241 0.991948
88.200000 3.321695 5.159366 0.278237 0.040780 -0.135772 0.114284 0.983281
88.600000 3.396524 5.175934 0.175343 -0.003256 0.128377 0.120731 0.984344
89.000000 3.403149 5.168804 0.227757 0.018927 -0.070658 0.118308 0.990279
