0.799989 -0.000378 -0.000435 -0.000133 0.000026 -0.000047 -0.000075 1.000000
0.999989 -0.001182 -0.000578 -0.000349 0.000043 -0.000129 -0.000170 1.000000
1.199989 -0.001968 -0.000702 -0.000641 0.000046 -0.000156 -0.000215 1.000000
1.399989 -0.002423 -0.000698 -0.000801 0.000054 -0.000191 -0.000222 1.000000
1.599989 -0.002780 -0.000682 -0.000840 0.000058 -0.000230 -0.000242 1.000000
1.799989 -0.002763 -0.000590 -0.000719 0.000032 -0.000225 -0.000236 1.000000
1.999989 -0.003107 -0.000586 -0.000693 0.000025 -0.000259 -0.000278 1.000000
2.199989 -0.003023 -0.000561 -0.000609 0.000015 -0.000236 -0.000263 1.000000
2.399989 -0.002970 -0.000563 -0.000617 0.000019 -0.000245 -0.000263 1.000000
2.599989 -0.002807 -0.000570 -0.000636 0.000021 -0.000231 -0.000251 1.000000
2.799989 -0.002661 -0.000580 -0.000643 0.000025 -0.000223 -0.000245 1.000000
2.999989 -0.002647 -0.000601 -0.000625 0.000024 -0.000223 -0.000245 1.000000
3.199989 -0.002586 -0.000587 -0.000583 0.000019 -0.000214 -0.000239 1.000000
3.399989 -0.002739 -0.000573 -0.000601 0.000019 -0.000228 -0.000251 1.000000
3.599989 -0.002884 -0.000572 -0.000638 0.000019 -0.000231 -0.000256 1.000000
3.799989 -0.002890 -0.000583 -0.000667 0.000020 -0.000229 -0.000253 1.000000
3.999989 -0.002864 -0.000593 -0.000672 0.000021 -0.000231 -0.000252 1.000000
4.199989 -0.002800 -0.000599 -0.000644 0.000021 -0.000230 -0.000251 1.000000
4.399989 -0.002782 -0.000592 -0.000625 0.000021 -0.000230 -0.000250 1.000000
4.599989 -0.002772 -0.000578 -0.000621 0.000020 -0.000228 -0.000251 1.000000
4.799989 -0.002794 -0.000576 -0.000629 0.000020 -0.000230 -0.000253 1.000000
4.999989 -0.002856 -0.000579 -0.000650 0.000020 -0.000233 -0.000254 1.000000
5.199989 -0.002903 -0.000590 -0.000666 0.000021 -0.000234 -0.000255 1.000000
5.399989 -0.002806 -0.000585 -0.000648 0.000020 -0.000227 -0.000248 1.000000
5.599989 -0.002821 -0.000581 -0.000646 0.000021 -0.000233 -0.000253 1.000000
5.799989 -0.002876 -0.000583 -0.000650 0.000020 -0.000234 -0.000255 1.000000
5.999989 -0.002943 -0.000597 -0.000660 0.000021 -0.000237 -0.000258 1.000000
6.199991 -0.002813 -0.003728 0.009103 -0.080470 -0.068751 0.002946 0.994379
6.399994 -0.035986 0.032488 0.026155 -0.158093 -0.172466 0.028056 0.971841
6.599989 -0.194390 0.202212 0.001790 0.032057 0.036755 0.015994 0.998682
6.799890 -0.382652 0.379067 -0.008188 0.214631 0.235986 0.045822 0.946649
6.999994 -0.389892 0.396479 -0.070156 -0.310388 -0.319569 0.027573 0.894860
7.199993 -0.521138 0.528442 -0.105381 -0.010014 -0.211519 0.080443 0.974006
7.399983 -0.998006 0.828514 -0.161610 0.206439 0.148439 0.048703 0.965907
7.599986 -1.370987 0.913446 -0.018923 0.115696 0.127086 0.012696 0.985039
7.799988 -1.568838 0.854203 0.111329 0.000407 0.107102 -0.018889 0.994068
7.999989 -1.640456 0.778960 0.227927 0.022081 -0.034582 -0.044444 0.998169
8.199988 -1.741905 0.734687 0.334508 0.088571 0.041685 -0.057835 0.993515
8.399987 -1.875905 0.650686 0.394202 0.051271 0.114853 -0.070090 0.989579
8.599990 -1.941610 0.492793 0.430955 -0.069668 -0.013814 -0.067908 0.995160
8.799992 -1.969957 0.355636 0.472787 -0.131204 -0.042828 -0.046804 0.989323
8.999990 -2.034666 0.341832 0.485729 -0.021074 0.029988 -0.015702 0.999205
9.199992 -2.094256 0.392758 0.479097 -0.006840 0.034941 0.042241 0.998473
9.399993 -2.107004 0.430072 0.488235 -0.069561 0.009924 0.124977 0.989668
9.599994 -2.111308 0.488894 0.493945 -0.058388 0.015310 0.230755 0.971138
9.799994 -2.112042 0.608552 0.513044 -0.005176 0.013462 0.353264 0.935412
9.999994 -2.122369 0.754345 0.512988 -0.038354 0.036486 0.484546 0.873163
10.199994 -2.161882 0.941681 0.502717 -0.052449 0.037690 0.605398 0.793298
10.399992 -2.205643 1.194271 0.492589 -0.049075 0.025817 0.713234 0.698729
10.599990 -2.249123 1.485417 0.462708 -0.021518 0.011635 0.801515 0.597474
10.799988 -2.298908 1.799151 0.433830 0.005999 -0.009595 0.868038 0.496368
10.999984 -2.339460 2.106547 0.408525 -0.006537 -0.007583 0.913555 0.406591
11.199978 -2.386601 2.366596 0.394061 -0.014736 0.000316 0.944231 0.328954
11.399968 -2.461358 2.644845 0.393673 0.008240 0.001837 0.966037 0.258267
11.599952 -2.540745 2.953641 0.384186 -0.009728 -0.001860 0.979601 0.200710
11.799924 -2.635888 3.289838 0.356503 -0.034854 -0.008503 0.988103 0.149552
11.999965 -2.765707 3.626687 0.280068 0.036922 -0.046038 0.993294 0.099424
12.199989 -2.887199 3.911897 0.168770 0.107056 -0.111830 0.986646 0.050618
12.399988 -2.928227 4.086265 0.081831 0.071867 -0.081074 0.994025 0.013275
12.599973 -2.892627 4.171001 0.017269 -0.009491 0.020303 0.999547 -0.020088
12.799872 -2.867216 4.275369 0.009240 -0.055128 0.083079 0.993893 -0.047272
12.999952 -2.912433 4.499700 0.032065 0.000470 0.037952 0.998560 -0.037912
13.199985 -2.982910 4.779749 0.029299 0.129202 0.006802 0.991591 0.002911
13.399990 -2.980415 5.056750 0.004352 0.076852 -0.109751 0.990159 0.040408
13.599984 -2.915669 5.229670 -0.049025 -0.112370 -0.129959 0.981379 0.085902
13.799971 -2.934761 5.267818 -0.074871 -0.125263 -0.066130 0.985548 0.092909
13.999982 -3.097673 5.270678 -0.044375 0.060011 0.001454 0.995770 0.069565
14.199990 -3.261005 5.313094 -0.033318 0.187099 0.013845 0.980668 0.055614
14.399989 -3.282982 5.406625 0.001488 0.116644 -0.027225 0.990746 0.063833
14.599986 -3.177944 5.479916 0.075324 0.022355 -0.048175 0.992074 0.113882
14.799980 -3.051463 5.463395 0.180938 0.003822 -0.025373 0.976863 0.212323
14.999975 -2.959216 5.386606 0.293152 0.066748 0.017693 0.934860 0.348237
15.199980 -2.832654 5.333851 0.412532 0.091135 0.052831 0.861463 0.496774
15.399987 -2.679480 5.340933 0.522464 0.057166 0.045748 0.761478 0.644042
15.599986 -2.470615 5.353860 0.639562 0.028969 0.031772 0.621271 0.782415
15.799987 -2.249450 5.377006 0.731473 0.014033 0.028700 0.452441 0.891222
15.999990 -1.958429 5.311513 0.791569 -0.009679 0.055319 0.280656 0.958164
16.199991 -1.634934 5.269627 0.831777 0.003939 0.021382 0.128209 0.991509
16.399992 -1.279254 5.299008 0.840809 0.037540 -0.003173 -0.008059 0.999258
16.599993 -0.932653 5.335729 0.832297 0.021624 0.012791 -0.119247 0.992547
16.799994 -0.609875 5.340202 0.806609 -0.033904 0.016234 -0.202579 0.978544
16.999994 -0.320051 5.341305 0.775681 -0.013078 0.024983 -0.259966 0.965206
17.199994 -0.033715 5.356634 0.723119 0.026199 0.034349 -0.289605 0.956171
17.399994 0.254851 5.360819 0.643441 0.022261 0.019697 -0.298028 0.954094
17.599994 0.546401 5.343802 0.521263 -0.029049 0.008415 -0.287565 0.957284
17.799994 0.834431 5.345182 0.375142 -0.027287 -0.008255 -0.263915 0.964125
17.999994 1.130330 5.381040 0.212340 -0.002279 -0.045423 -0.235102 0.970906
18.199994 1.394299 5.422050 0.007345 -0.024745 -0.078103 -0.204297 0.975474
18.399994 1.577851 5.497701 -0.212916 -0.019360 0.028309 -0.194362 0.980330
18.599994 1.736159 5.585636 -0.329866 -0.034646 0.012439 -0.213086 0.976340
18.799994 1.962997 5.730252 -0.424147 0.149578 -0.142701 -0.258734 0.943567
18.999994 2.045222 5.778413 -0.508368 0.090061 -0.187557 -0.250381 0.945527
19.199994 1.959612 5.760107 -0.626499 -0.042918 0.154568 -0.322722 0.932801
19.399994 1.853462 5.711324 -0.621575 -0.162264 0.531792 -0.257380 0.790331
19.599994 2.129194 5.672569 -0.751929 -0.194835 0.451554 -0.014958 0.870583
19.799992 3.138317 5.787764 -0.963060 -0.305969 0.011189 0.367712 0.878092
19.950311 4.058371 6.232847 -1.039886 -0.261933 -0.195740 0.656744 0.679532
20.199987 5.254012 7.166165 -0.994426 -0.160847 -0.328512 0.821043 0.438288
20.399981 5.782677 7.821289 -0.879886 -0.136345 -0.358053 0.791862 0.475565
20.599972 5.972860 8.200342 -0.765142 -0.046329 -0.388929 0.680582 0.619190
20.799961 5.814579 8.307894 -0.685114 0.079428 -0.388301 0.449636 0.800463
20.999963 5.298663 8.185606 -0.642222 0.174437 -0.342610 0.206554 0.899736
21.199992 4.597681 7.862260 -0.742193 -0.113839 0.049809 -0.025797 0.991914
21.399993 3.770592 7.475399 -1.054842 -0.295073 0.167432 -0.215163 0.915753
21.599994 3.161021 7.195280 -1.083592 -0.348544 0.147126 -0.263830 0.887280
21.799994 2.705893 7.072002 -1.175026 -0.315110 0.117840 -0.307922 0.889946
21.999993 2.466566 7.135080 -1.326389 -0.109514 -0.102648 -0.265384 0.952387
22.199994 2.251570 7.360724 -1.432426 0.132060 -0.239834 -0.258241 0.926473
22.399994 1.840850 7.554398 -1.482446 0.112607 -0.156532 -0.272756 0.942561
22.599994 1.274003 7.679031 -1.521635 -0.113172 -0.018747 -0.296224 0.948205
22.799994 0.699424 7.864484 -1.585606 -0.074674 -0.093337 -0.300801 0.946166
22.999994 0.157222 8.113767 -1.650689 0.072556 -0.133442 -0.311014 0.938189
23.199994 -0.487574 8.330362 -1.702947 0.043614 -0.082592 -0.343313 0.934566
23.399994 -1.183631 8.463963 -1.781913 0.007529 -0.058960 -0.375527 0.924904
23.599994 -1.894668 8.583517 -1.897806 0.031067 -0.031878 -0.406287 0.912661
23.799994 -2.627282 8.695119 -2.022225 0.047220 -0.008256 -0.438813 0.897299
