0.799989 -0.000378 -0.000435 -0.000133 0.000026 -0.000047 -0.000075 1.000000
0.999989 -0.001182 -0.000578 -0.000349 0.000043 -0.000129 -0.000170 1.000000
1.199989 -0.001968 -0.000702 -0.000641 0.000046 -0.000156 -0.000215 1.000000
1.399989 -0.002423 -0.000698 -0.000801 0.000054 -0.000191 -0.000222 1.000000
1.599989 -0.002780 -0.000682 -0.000840 0.000058 -0.000230 -0.000242 1.000000
1.799989 -0.002763 -0.000590 -0.000719 0.000032 -0.000225 -0.000236 1.000000
1.999989 -0.003107 -0.000586 -0.000693 0.000025 -0.000259 -0.000278 1.000000
2.199989 -0.003023 -0.000561 -0.000609 0.000015 -0.000236 -0.000263 1.000000
2.399989 -0.002970 -0.000563 -0.000617 0.000019 -0.000245 -0.000263 1.000000
2.599989 -0.002807 -0.000570 -0.000636 0.000021 -0.000231 -0.000251 1.000000
2.799989 -0.002661 -0.000580 -0.000643 0.000025 -0.000223 -0.000245 1.000000
2.999989 -0.002647 -0.000601 -0.000625 0.000024 -0.000223 -0.000245 1.000000
3.199989 -0.002586 -0.000587 -0.000583 0.000019 -0.000214 -0.000239 1.000000
3.399989 -0.002739 -0.000573 -0.000601 0.000019 -0.000228 -0.000251 1.000000
3.599989 -0.002884 -0.000572 -0.000638 0.000019 -0.000231 -0.000256 1.000000
3.799989 -0.002890 -0.000583 -0.000667 0.000020 -0.000229 -0.000253 1.000000
3.999989 -0.002864 -0.000593 -0.000672 0.000021 -0.000231 -0.000252 1.000000
4.199989 -0.002800 -0.000599 -0.000644 0.000021 -0.000230 -0.000251 1.000000
4.399989 -0.002782 -0.000592 -0.000625 0.000021 -0.000230 -0.000250 1.000000
4.599989 -0.002772 -0.000578 -0.000621 0.000020 -0.000228 -0.000251 1.000000
4.799989 -0.002794 -0.000576 -0.000629 0.000020 -0.000230 -0.000253 1.000000
4.999989 -0.002856 -0.000579 -0.000650 0.000020 -0.000233 -0.000254 1.000000
5.199989 -0.002903 -0.000590 -0.000666 0.000021 -0.000234 -0.000255 1.000000
5.399989 -0.002806 -0.000585 -0.000648 0.000020 -0.000227 -0.000248 1.000000
5.599989 -0.002821 -0.000581 -0.000646 0.000021 -0.000233 -0.000253 1.000000
5.799989 -0.002876 -0.000583 -0.000650 0.000020 -0.000234 -0.000255 1.000000
5.999989 -0.002943 -0.000597 -0.000660 0.000021 -0.000237 -0.000258 1.000000
6.199989 -0.002789 -0.000583 -0.000639 0.000018 -0.000223 -0.000247 1.000000
6.399989 -0.002789 -0.000578 -0.000640 0.000022 -0.000232 -0.000253 1.000000
6.599989 -0.002805 -0.000585 -0.000642 0.000021 -0.000230 -0.000253 1.000000
6.799989 -0.002773 -0.000587 -0.000631 0.000021 -0.000227 -0.000248 1.000000
6.999989 -0.002775 -0.000591 -0.000631 0.000022 -0.000228 -0.000251 1.000000
7.199989 -0.002760 -0.000586 -0.000629 0.000021 -0.000226 -0.000247 1.000000
7.399989 -0.002822 -0.000585 -0.000651 0.000020 -0.000230 -0.000254 1.000000
7.599989 -0.002919 -0.000597 -0.000675 0.000021 -0.000235 -0.000255 1.000000
7.799989 -0.002807 -0.000582 -0.000653 0.000018 -0.000224 -0.000247 1.000000
7.999989 -0.002869 -0.000576 -0.000654 0.000020 -0.000236 -0.000257 1.000000
8.199989 -0.002939 -0.000582 -0.000661 0.000020 -0.000237 -0.000259 1.000000
8.399989 -0.003083 -0.001555 0.000399 -0.021186 -0.017369 0.000239 0.999625
8.599993 -0.009257 0.004636 0.018434 -0.138225 -0.133320 0.012136 0.981312
8.799992 -0.096282 0.103260 0.011299 -0.065445 -0.092917 0.017115 0.993373
8.999987 -0.292190 0.285794 -0.060695 0.017148 0.052454 0.003467 0.998470
9.199988 -0.452969 0.446974 -0.098812 0.009022 -0.052821 -0.006293 0.998543
9.399991 -0.609193 0.574709 -0.097598 -0.069221 -0.073917 -0.018621 0.994685
9.599992 -0.833127 0.731426 -0.089920 -0.124065 -0.032721 -0.044219 0.990748
9.799982 -1.104165 1.042882 -0.028328 0.053183 -0.005282 -0.100706 0.993480
9.999972 -1.390499 1.337849 0.077363 0.120893 0.031477 -0.172194 0.977110
10.199963 -1.674900 1.500258 0.202013 0.036610 0.031057 -0.262149 0.963833
10.399975 -1.922960 1.588756 0.316949 -0.032907 0.077960 -0.359354 0.929357
10.599953 -2.070461 1.747246 0.398886 -0.006708 0.073795 -0.445696 0.892112
10.799890 -2.150553 1.881753 0.491718 -0.001674 -0.014136 -0.494966 0.868796
10.999930 -2.254199 1.954406 0.603922 -0.006680 -0.013471 -0.510877 0.859523
11.199970 -2.406098 2.037182 0.688741 -0.000478 0.105460 -0.493342 0.863419
11.399974 -2.503807 2.095443 0.756949 0.007044 0.107087 -0.460162 0.881325
11.599982 -2.484513 2.110139 0.788384 -0.001874 0.016606 -0.400539 0.916127
11.799990 -2.412402 2.108783 0.778100 -0.126829 -0.081072 -0.317216 0.936331
11.999991 -2.361549 2.228708 0.769567 -0.067710 -0.032483 -0.267394 0.960656
12.199991 -2.355715 2.410416 0.707605 0.016690 -0.039849 -0.260948 0.964386
12.399992 -2.379782 2.572140 0.640707 -0.001603 -0.086171 -0.314164 0.945448
12.599993 -2.468926 2.746630 0.546805 -0.047058 -0.060674 -0.416344 0.905959
12.799992 -2.602545 2.986509 0.426331 -0.019375 0.017572 -0.548412 0.835799
12.999989 -2.699252 3.303166 0.301415 0.048803 0.037803 -0.698562 0.712881
13.199975 -2.785291 3.540408 0.181489 0.122473 0.087240 -0.795655 0.586790
13.399986 -2.946662 3.596818 0.070255 -0.014472 -0.002358 -0.863379 0.504343
13.599987 -3.106743 3.578340 0.004171 -0.081582 -0.088653 -0.887569 0.444642
13.799988 -3.227763 3.715096 -0.038638 -0.067275 -0.019024 -0.905161 0.419281
13.999993 -3.273921 4.024944 -0.037099 -0.133162 0.078225 -0.908102 0.389229
14.199986 -3.236994 4.332866 -0.013820 0.005962 -0.019511 0.942015 -0.334951
14.399966 -3.183443 4.554704 0.051405 0.003094 0.039523 0.971355 -0.234305
14.599967 -3.113289 4.699181 0.105267 0.024535 0.036055 0.994402 -0.096239
14.799968 -2.974136 4.916416 0.148852 -0.045064 -0.057543 0.996533 0.039754
14.999976 -2.913374 5.166624 0.229520 -0.108796 -0.124387 0.983360 0.075461
15.199953 -3.064994 5.343117 0.349260 -0.059255 -0.067458 0.995029 -0.043075
15.399987 -3.295098 5.421480 0.437457 0.105233 -0.040525 0.969005 -0.219801
15.599990 -3.440492 5.484405 0.470319 0.087398 -0.056555 0.913356 -0.393630
15.799989 -3.439976 5.544965 0.475455 -0.069845 -0.065594 0.840412 -0.533411
15.999990 -3.389303 5.528630 0.486026 0.105552 0.025386 -0.762505 0.637809
16.199992 -3.360313 5.405260 0.464802 0.005068 0.017419 -0.723891 0.689676
16.399992 -3.329089 5.230499 0.416901 -0.013614 0.037170 -0.713775 0.699255
16.599992 -3.254017 5.050288 0.357212 0.041683 0.057317 -0.731736 0.677894
16.799990 -3.144073 4.834994 0.300866 0.058174 0.024754 -0.769788 0.635161
16.999988 -3.029975 4.578925 0.251857 0.056841 -0.041394 -0.814891 0.575333
17.199983 -2.969224 4.317936 0.222380 0.042477 -0.062395 -0.860735 0.503427
17.399978 -3.012656 4.081981 0.205493 0.029039 -0.043602 -0.900396 0.431905
17.599969 -3.141957 3.867914 0.193620 -0.024303 0.042107 0.928261 -0.368738
17.799936 -3.315658 3.670969 0.193347 -0.028800 0.059098 0.941951 -0.329251
17.999915 -3.518225 3.502936 0.204177 -0.029860 0.060314 0.944752 -0.320804
18.199932 -3.749746 3.366993 0.222189 -0.019223 0.018490 0.938494 -0.344263
18.399950 -3.995357 3.247553 0.243662 0.005345 -0.017901 0.918032 -0.396067
18.599983 -4.238558 3.122920 0.259260 0.058306 -0.045843 0.879638 -0.469826
18.799987 -4.447439 2.988182 0.263906 0.059230 -0.092230 0.826081 -0.552789
18.999986 -4.598454 2.825522 0.245512 -0.008061 0.106680 -0.768116 0.631310
19.199985 -4.694783 2.622083 0.221247 0.017825 0.068370 -0.714751 0.695801
19.399986 -4.773526 2.355953 0.187096 0.002653 0.037488 -0.672610 0.739042
19.599989 -4.849553 2.059950 0.155836 -0.028526 0.034986 -0.650196 0.758424
19.799991 -4.902286 1.761074 0.118006 -0.058954 0.066739 -0.643734 0.760050
19.999991 -4.890930 1.455620 0.085956 -0.033892 0.023398 -0.647697 0.760784
20.199992 -4.822261 1.154662 0.053586 0.039176 -0.051150 -0.652721 0.754854
20.399992 -4.789665 0.868760 0.022521 0.056087 -0.058200 -0.663034 0.744213
20.599993 -4.871234 0.571010 -0.001544 -0.031047 0.014405 -0.687900 0.724998
20.799993 -4.959835 0.284340 -0.003723 -0.056724 0.043125 -0.715613 0.694853
20.999993 -4.961606 0.012096 0.031488 -0.014499 0.033021 -0.745769 0.665227
21.199993 -4.898031 -0.281163 0.088819 0.046182 -0.029861 -0.766696 0.639650
21.399993 -4.873005 -0.591546 0.138575 -0.000136 -0.024720 -0.784792 0.619266
21.599994 -4.907238 -0.893275 0.162072 -0.110445 0.063251 -0.787595 0.602906
21.799994 -4.878709 -1.191015 0.169884 -0.040482 0.030834 -0.807127 0.588181
21.999994 -4.759587 -1.475498 0.128904 0.128540 -0.040433 -0.827712 0.544735
22.199994 -4.731769 -1.783668 0.124701 0.111086 -0.090945 -0.866629 0.477853
22.399994 -4.874744 -2.091212 0.099457 0.002504 -0.059175 -0.923400 0.379243
22.599992 -5.076034 -2.360486 0.082019 0.045059 0.032748 0.962424 -0.265778
22.799992 -5.207739 -2.635294 0.096066 -0.010938 0.037506 0.985915 -0.162618
22.999989 -5.303684 -2.873296 0.108547 -0.014685 0.068937 0.995678 -0.060476
23.199985 -5.430067 -3.048352 0.126024 0.024765 0.082056 0.995498 0.040468
23.399985 -5.576042 -3.147286 0.144224 0.029205 0.065679 0.988960 0.129585
23.599986 -5.696544 -3.204296 0.167294 -0.007653 0.043296 0.976916 0.209049
23.799989 -5.805875 -3.237487 0.191870 -0.037896 0.018027 0.958441 0.282188
23.999990 -5.938971 -3.254638 0.239284 -0.048388 0.010355 0.933104 0.356185
24.199991 -6.120332 -3.270252 0.310750 -0.006209 0.032637 0.901666 0.431155
24.399991 -6.305573 -3.263245 0.400669 0.010434 0.111530 0.857962 0.501352
24.599992 -6.430944 -3.184025 0.507950 0.006045 0.116678 0.815874 0.566303
24.799993 -6.486677 -3.020760 0.594150 -0.032898 0.071651 0.774890 0.627160
24.999993 -6.524246 -2.804984 0.661715 -0.021842 0.028917 0.732328 0.679987
25.199993 -6.579023 -2.562820 0.695502 0.004718 0.069931 0.693078 0.717447
25.399993 -6.620257 -2.298736 0.722078 -0.003346 0.089913 0.670079 0.736816
25.599994 -6.596943 -2.000814 0.742908 0.031325 -0.008297 0.660222 0.750371
25.799994 -6.549862 -1.680806 0.745601 0.107463 -0.118132 0.656672 0.737074
25.999993 -6.521735 -1.469874 0.706367 0.066229 -0.045873 0.669325 0.738589
26.199992 -6.500722 -1.390418 0.660836 -0.077047 0.105702 0.666385 0.734045
26.399992 -6.464420 -1.277617 0.604972 -0.094768 0.031439 0.665334 0.739838
26.599993 -6.435782 -1.071212 0.571862 0.131778 -0.014172 0.653494 0.745238
26.799993 -6.396033 -0.897460 0.497126 0.191706 0.006307 0.631586 0.751204
26.999990 -6.247080 -0.858633 0.441200 0.023983 0.188091 0.659105 0.727755
27.199993 -5.963645 -0.788107 0.383686 -0.098819 -0.096751 0.640949 0.755022
27.399993 -5.744037 -0.664870 0.301051 0.139095 -0.135444 0.601702 0.774766
27.514356 -5.668099 -0.629735 0.230881 0.212338 -0.088788 0.571577 0.787610
27.799906 -5.445336 -0.790547 0.104420 -0.209640 -0.035693 0.546102 0.810277
27.999994 -5.247367 -0.872179 0.181047 -0.267548 -0.205749 0.518520 0.785635
28.199994 -5.350765 -0.848970 0.168783 0.010747 -0.065094 0.541826 0.837897
28.320797 -5.528456 -0.781616 0.168710 0.277756 0.120770 0.522744 0.796872
28.514077 -5.641908 -0.769188 0.314555 0.263950 0.129887 0.514643 0.805358
28.799993 -5.380730 -0.990232 0.424455 0.145017 0.060165 0.534607 0.830389
28.999992 -4.910559 -1.309919 0.407131 -0.294024 -0.045778 0.542062 0.785890
29.199992 -4.615602 -1.514600 0.410090 -0.320892 -0.110214 0.538195 0.771510
29.399991 -4.634931 -1.559151 0.364449 -0.128517 -0.017799 0.588623 0.797929
29.599990 -4.815051 -1.511061 0.274555 0.081599 0.056951 0.621827 0.776808
29.799987 -4.901421 -1.471741 0.235846 0.007345 0.144309 0.645699 0.749796
29.999990 -4.834040 -1.393875 0.183494 -0.131735 0.085796 0.654120 0.739873
30.199990 -4.758195 -1.204241 0.155488 -0.023598 -0.013254 0.667291 0.744305
30.399991 -4.760314 -0.951965 0.092063 0.045538 -0.006594 0.675611 0.735821
30.599989 -4.805465 -0.736331 0.046613 -0.017092 0.085088 0.684395 0.723928
30.799990 -4.819768 -0.498258 0.002290 -0.080203 0.060686 0.688639 0.718095
30.999991 -4.817200 -0.191255 -0.005934 -0.016909 -0.019460 0.695838 0.717736
31.199992 -4.821034 0.135904 -0.047173 0.038088 -0.023736 0.698810 0.713898
31.399992 -4.830304 0.418489 -0.084306 0.016933 0.026150 0.701845 0.711648
31.599992 -4.821903 0.692683 -0.117445 -0.019142 0.036579 0.702632 0.710355
31.799993 -4.809480 0.995581 -0.137936 0.001034 -0.010057 0.700563 0.713519
31.999993 -4.819897 1.306816 -0.147164 0.095125 -0.064283 0.680548 0.723652
32.199993 -4.834460 1.581734 -0.147933 0.098442 -0.042396 0.660209 0.743395
32.399994 -4.824733 1.749772 -0.136400 0.042344 0.005160 0.635082 0.771266
32.599994 -4.777527 1.862812 -0.111575 0.025605 -0.005811 0.591159 0.806128
32.799994 -4.731669 1.949241 -0.084843 0.085630 -0.055508 0.523654 0.845797
32.999994 -4.706350 1.966162 -0.052800 0.082711 -0.024694 0.442493 0.892608
33.199994 -4.680521 1.900595 -0.018053 0.034975 0.007345 0.345544 0.937722
33.399994 -4.618756 1.813867 0.021611 0.050810 -0.008446 0.225953 0.972775
33.599994 -4.536983 1.701963 0.064307 0.075430 -0.049158 0.090435 0.991824
