0.800000 -0.000378 -0.000435 -0.000133 0.000026 -0.000047 -0.000075 1.000000
6.450000 -0.035986 0.032488 0.026155 -0.158093 -0.172466 0.028056 0.971841
6.650000 -0.194467 0.203387 -0.001290 0.014754 0.023767 0.013125 0.999522
7.050000 -0.516731 0.532965 -0.068639 -0.024152 -0.124598 0.000711 0.991913
7.250000 -0.719774 0.701326 -0.029974 0.137256 -0.056136 -0.000892 0.988943
7.650000 -1.285696 0.818647 0.069821 -0.006328 -0.018198 -0.031392 0.999321
8.050000 -1.814822 0.848760 0.301329 0.060600 0.074554 -0.064528 0.993280
8.650000 -2.318870 0.663328 0.604822 -0.206642 0.036017 -0.107834 0.971789
8.850000 -2.422866 0.689484 0.693617 -0.088734 0.081777 -0.132631 0.983792
9.050000 -2.467670 0.835881 0.718225 0.024376 0.050328 -0.136721 0.989030
9.650000 -2.373216 1.142479 0.782234 -0.092157 -0.052048 -0.096517 0.989688
9.850000 -2.349014 1.343089 0.808811 0.017338 -0.006003 -0.080854 0.996557
10.450000 -2.356856 2.111204 0.708059 -0.014489 -0.029033 0.064670 0.997379
10.650000 -2.391784 2.400713 0.661674 0.006873 -0.005466 0.171206 0.985196
10.850000 -2.425800 2.690804 0.625586 -0.001045 -0.016776 0.296791 0.954795
11.050000 -2.454480 2.983249 0.593035 -0.019903 -0.048837 0.435630 0.898580
11.250000 -2.512230 3.273843 0.527584 -0.038315 -0.036014 0.573521 0.817501
11.450000 -2.607621 3.570022 0.433681 -0.031488 -0.019568 0.699656 0.713517
11.650000 -2.738250 3.859346 0.298812 0.039851 0.027815 0.796624 0.602519
11.850000 -2.845228 4.169042 0.145406 0.106898 0.046678 0.858013 0.500207
12.200000 -2.800094 4.770154 -0.114198 -0.094698 -0.136178 0.903750 0.394618
12.600000 -3.068090 5.134302 -0.139740 0.102099 -0.041654 0.941540 0.318343
13.000000 -3.313195 5.289805 -0.114011 -0.010080 0.041118 0.989656 0.137074
13.200000 -3.292148 5.429855 -0.095831 -0.245528 -0.072945 0.966147 0.030890
13.400000 -3.437325 5.538166 -0.026611 -0.120685 -0.126943 0.980980 -0.083656
13.600000 -3.749969 5.483650 -0.000424 0.178634 -0.057322 0.960210 -0.206884
13.800000 -3.957714 5.383821 0.046170 0.259446 -0.002269 0.915378 -0.307840
14.000000 -3.916241 5.368328 0.062826 0.034283 0.008102 0.918833 -0.393070
14.200000 -3.779305 5.414202 0.091192 -0.100591 0.032270 0.869142 -0.483149
14.450000 -3.705072 5.444928 0.140801 0.021273 0.034380 -0.821228 0.569166
14.850000 -3.635253 5.395546 0.201612 -0.040051 0.064169 -0.711280 0.698826
15.000000 -3.484154 5.331054 0.211755 0.056759 -0.001655 -0.663730 0.745814
15.600000 -3.093515 5.001087 0.237574 0.022709 0.041885 -0.593444 0.803464
16.250000 -2.815793 4.456689 0.192353 0.050968 -0.041341 -0.688119 0.722624
16.600000 -2.862184 4.054470 0.160642 0.037923 -0.036825 -0.808586 0.585999
17.050000 -3.032020 3.736702 0.127759 -0.033868 0.041878 0.897539 -0.437634
17.600000 -3.574271 3.370773 0.089215 -0.045835 0.040694 0.926229 -0.371944
18.000000 -4.122832 3.254941 0.108703 -0.052851 0.061855 -0.857187 0.508538
18.200000 -4.383357 3.155267 0.108605 -0.053913 0.085662 -0.796295 0.596381
18.400000 -4.552837 3.033191 0.106760 0.016116 0.084211 -0.735914 0.671624
18.850000 -4.777966 2.603941 0.111440 -0.001969 0.045037 -0.643259 0.764320
19.200000 -4.931603 2.052197 0.100988 0.007933 0.051626 -0.622839 0.780605
19.600000 -4.912870 1.427077 0.090113 -0.008332 -0.012942 -0.636335 0.771259
20.050000 -4.929453 0.846204 0.074828 -0.002672 0.035728 -0.651067 0.758174
20.400000 -4.931227 0.253098 0.096242 -0.004152 0.013434 -0.642208 0.766401
20.800000 -4.903837 -0.366077 0.084586 0.021929 0.002538 -0.655932 0.754497
21.200000 -4.900900 -0.964710 0.070181 -0.039199 -0.016212 -0.693457 0.719248
21.600000 -4.872051 -1.468084 0.043693 0.054692 0.088517 -0.672082 0.733130
22.000000 -4.783277 -2.069790 0.023085 -0.003939 -0.107400 -0.846649 0.521187
22.250000 -4.792081 -2.276469 0.001150 0.003272 0.085466 0.942991 -0.321641
22.400000 -4.886047 -2.482243 -0.024348 0.005232 0.031377 0.993775 -0.106771
22.600000 -4.971332 -2.650177 -0.025311 -0.010277 0.010015 0.997993 0.061671
22.850000 -5.046676 -2.776802 -0.027169 -0.051425 0.019231 0.984002 0.169487
23.200000 -5.351949 -2.913851 -0.009622 -0.047238 0.031007 0.955409 0.289829
23.600000 -5.871322 -2.914017 0.095528 0.071685 0.040292 0.897012 0.434288
24.000000 -6.180078 -2.868097 0.277731 -0.017153 0.032031 0.815208 0.578027
24.400000 -6.461282 -2.580227 0.420910 -0.040831 0.027890 0.745437 0.664740
24.600000 -6.678601 -2.386508 0.444902 0.067886 0.103153 0.714241 0.688920
25.000000 -6.841128 -1.916605 0.349164 -0.021074 0.069524 0.672678 0.736361
25.200000 -6.760062 -1.575901 0.282640 0.106974 -0.152162 0.622997 0.759788
25.600000 -6.753940 -1.221492 0.110713 -0.038098 0.124500 0.550044 0.824924
25.800000 -6.721870 -1.159034 0.066221 -0.180052 0.100340 0.500822 0.840649
26.000000 -6.647428 -0.940187 0.046694 0.039943 -0.169102 0.500553 0.848090
26.200000 -6.666155 -0.710708 0.036530 0.181662 -0.180777 0.458556 0.850908
26.450000 -6.782355 -0.681227 0.003799 0.199070 0.066744 0.470579 0.857013
26.600000 -6.798851 -0.836704 -0.073614 -0.048468 0.139253 0.455800 0.877785
26.800000 -6.666412 -0.965021 -0.122202 -0.060874 -0.079887 0.405346 0.908629
27.000000 -6.582648 -1.013887 -0.121953 0.156604 -0.136811 0.321817 0.923684
27.200000 -6.639376 -1.145258 -0.072655 0.135459 0.090759 0.247794 0.954993
27.450000 -6.684978 -1.415596 -0.040452 -0.176052 0.105189 0.144829 0.967970
27.600000 -6.620500 -1.602655 -0.021339 -0.196778 -0.125616 0.093135 0.967897
27.850000 -6.613057 -1.591347 -0.036959 0.045271 -0.030664 0.033905 0.997928
28.000000 -6.685412 -1.535653 -0.028317 0.035711 0.145628 0.053072 0.987269
28.200000 -6.679185 -1.515872 -0.033934 -0.083011 0.013201 0.106237 0.990782
28.600000 -6.614028 -1.283714 -0.052177 0.014000 0.001034 0.321838 0.946691
28.800000 -6.643647 -1.108661 -0.052171 -0.001535 0.059237 0.457410 0.887279
29.000000 -6.662891 -0.919862 -0.049031 -0.062011 0.058685 0.587160 0.804956
29.200000 -6.662634 -0.663566 -0.048590 -0.049453 -0.008464 0.698897 0.713460
29.400000 -6.668349 -0.372918 -0.015183 0.068834 -0.132953 0.794185 0.588944
29.600000 -6.692973 -0.142979 -0.031729 0.143377 -0.127508 0.870392 0.453434
29.800000 -6.659975 -0.044801 -0.071375 0.007017 0.071850 0.937608 0.340117
30.000000 -6.587856 0.019559 -0.092851 -0.126339 0.207909 0.951555 0.188027
30.250000 -6.588943 0.247633 -0.104642 -0.108818 0.093619 0.980872 0.131468
30.400000 -6.710655 0.680314 -0.130249 0.065823 -0.067442 0.988336 0.119631
30.800000 -6.862521 1.433764 -0.067813 0.038098 -0.050947 0.985554 0.156957
31.400000 -6.724323 1.981131 0.024496 0.057816 -0.078857 0.964322 0.246012
32.400000 -6.775821 1.672399 0.121273 0.021712 -0.069755 0.992870 0.094191
32.800000 -6.765022 1.291844 0.134922 -0.002718 -0.047302 0.994180 -0.096758
33.000000 -6.767790 1.054888 0.138415 0.008644 -0.043755 0.976507 -0.210821
33.200000 -6.765501 0.790093 0.142492 0.010173 -0.044213 0.942646 -0.330696
33.400000 -6.738596 0.492893 0.140038 -0.006238 -0.026189 0.890863 -0.453474
33.600000 -6.686856 0.154641 0.135602 0.013447 0.004580 -0.819446 0.572980
33.800000 -6.653057 -0.203021 0.135224 0.003881 -0.005286 -0.735096 0.677931
34.000000 -6.633376 -0.565961 0.140527 -0.004365 -0.000490 -0.637887 0.770117
34.200000 -6.622497 -0.919244 0.133789 -0.015148 0.010542 -0.530272 0.847627
34.400000 -6.618526 -1.251863 0.115178 -0.020948 0.015275 -0.422306 0.906083
34.650000 -6.588266 -1.573444 0.090562 -0.037411 0.018245 -0.301943 0.952417
34.800000 -6.513469 -1.787551 0.072445 -0.055991 0.027091 -0.180149 0.981671
35.000000 -6.417152 -1.936435 0.050338 -0.047373 0.035615 -0.066896 0.995998
35.250000 -6.288174 -2.043867 0.026145 -0.044470 0.035492 0.045641 0.997336
35.450000 -6.130050 -2.141731 0.005363 -0.047882 0.033909 0.152989 0.986485
35.850000 -5.781270 -2.330255 -0.031937 -0.023257 0.017221 0.338097 0.940666
36.400000 -5.289988 -2.582560 -0.038012 0.027039 -0.080568 0.395515 0.914519
36.800000 -5.142861 -2.857367 -0.015933 0.052352 0.010475 0.190786 0.980179
37.000000 -5.133846 -3.054094 -0.013121 0.030752 0.021922 0.031755 0.998782
37.250000 -5.103614 -3.332963 -0.004226 0.057363 0.001214 -0.148402 0.987261
37.400000 -5.052467 -3.657979 -0.009188 0.034588 0.006550 -0.317310 0.947668
37.600000 -4.991203 -4.043299 -0.008239 0.017177 -0.039176 -0.471648 0.880748
37.800000 -4.974697 -4.356150 -0.005303 0.010746 -0.024469 -0.591630 0.805766
38.000000 -5.026718 -4.636059 0.019997 -0.014156 0.046688 -0.683338 0.728470
38.450000 -5.053946 -5.213882 0.027798 0.008766 -0.000445 -0.770118 0.637841
38.800000 -5.038842 -5.813045 0.018499 0.005723 -0.032377 0.898225 -0.438304
39.050000 -5.049250 -6.075761 0.007116 0.057517 -0.043435 0.956653 -0.282170
39.250000 -5.010108 -6.384640 0.011321 -0.080952 0.024465 0.985377 -0.147919
39.600000 -5.096659 -7.022757 0.009024 -0.048217 -0.002827 0.998815 -0.005980
39.800000 -5.280369 -7.320356 0.019275 0.188827 0.159227 0.968986 0.007514
40.000000 -5.415471 -7.504393 0.085920 0.299775 0.202900 0.931680 0.030655
40.200000 -5.246411 -7.520846 0.071517 0.007208 0.046279 0.998870 0.008012
40.400000 -4.933855 -7.415506 0.029929 -0.176987 -0.084906 0.976994 0.083358
40.650000 -4.783964 -7.367360 0.022511 -0.108705 -0.053500 0.973465 0.194133
40.850000 -4.855342 -7.406021 -0.032954 0.045888 0.082594 0.948374 0.302753
41.000000 -4.953431 -7.425944 -0.055466 0.020439 0.133303 0.894017 0.427253
41.200000 -4.971569 -7.339842 -0.075978 -0.051818 0.036969 0.821561 0.566556
41.400000 -4.946963 -7.145763 -0.075995 -0.005729 -0.057504 0.725905 0.685363
41.650000 -4.950035 -6.929717 -0.076588 0.033186 -0.010529 0.627771 0.777619
41.800000 -4.986602 -6.727571 -0.079681 -0.013830 0.095759 0.523253 0.846667
42.000000 -4.988806 -6.489463 -0.059612 -0.026949 0.052215 0.428992 0.901395
42.450000 -4.914436 -5.887796 -0.012111 0.057060 0.009577 0.265993 0.962237
42.800000 -4.826681 -5.384968 0.027590 0.081725 0.064705 0.154010 0.982555
43.450000 -4.327656 -4.922882 0.025606 0.044639 0.024855 0.053661 0.997251
43.800000 -3.837571 -4.737873 0.031957 0.040109 0.051147 0.023368 0.997612
44.250000 -3.192935 -4.672924 0.030381 0.046460 -0.027771 0.007833 0.998503
44.600000 -2.625782 -4.728593 0.022614 0.011277 0.046485 0.016344 0.998722
45.050000 -2.043678 -4.767514 0.033007 0.017360 -0.012990 0.036477 0.999099
45.400000 -1.444354 -4.784607 0.061420 0.038941 0.014577 0.054209 0.997664
45.800000 -0.841019 -4.872530 0.018318 0.021395 0.001385 0.051151 0.998461
46.200000 -0.256913 -4.954280 -0.001468 -0.094798 0.003267 -0.016289 0.995358
46.400000 0.023341 -4.919550 0.025109 0.120559 -0.031650 -0.066953 0.989940
46.800000 0.479809 -5.077384 0.044810 -0.108379 -0.108846 -0.202355 0.967191
47.050000 0.630212 -5.162516 0.023223 -0.021171 -0.025820 -0.286619 0.957462
47.200000 0.733602 -5.134923 0.013213 0.104219 0.070394 -0.392539 0.911096
47.450000 0.852985 -5.168733 0.013360 0.161427 0.035187 -0.514034 0.841708
47.600000 0.965068 -5.369442 -0.002566 0.119326 -0.102361 -0.646813 0.746268
47.800000 0.952136 -5.642299 -0.041791 0.007233 -0.055187 -0.767865 0.638190
48.050000 0.835427 -5.840459 -0.091674 -0.062992 0.042631 -0.852827 0.516624
48.200000 0.721340 -6.014430 -0.107246 -0.007247 -0.051186 0.925160 -0.376040
48.400000 0.675578 -6.217983 -0.077604 0.024286 0.024148 0.968988 -0.244721
48.600000 0.693394 -6.423333 -0.031425 -0.067261 0.037422 0.988649 -0.129030
48.800000 0.685771 -6.587812 0.025756 -0.083720 0.005224 0.996246 -0.021387
49.000000 0.578889 -6.741093 0.092256 0.085920 0.006726 0.993031 0.080389
49.200000 0.480942 -6.886466 0.098504 0.174875 0.040404 0.966083 0.185662
49.400000 0.518646 -7.029910 0.094967 0.073113 0.051987 0.953433 0.287954
49.600000 0.662723 -7.152852 0.091049 -0.031769 0.035704 0.914404 0.401971
49.800000 0.788295 -7.225421 0.087843 -0.019224 0.016435 0.845061 0.534071
50.050000 0.889616 -7.240721 0.090192 0.053685 0.060571 0.741311 0.666264
50.200000 1.045921 -7.244278 0.100429 0.036744 0.095146 0.610440 0.785468
50.400000 1.272355 -7.246214 0.106406 -0.038531 0.070651 0.453720 0.887503
50.600000 1.548783 -7.203869 0.142621 -0.027854 0.015190 0.293836 0.955329
50.850000 1.812423 -7.106722 0.161840 0.036511 0.014058 0.143329 0.988902
51.050000 2.096134 -6.974515 0.150086 0.016606 0.006541 0.016856 0.999699
51.400000 2.634185 -6.765715 0.114122 0.074458 0.021524 -0.134801 0.987837
51.800000 3.212013 -6.836940 0.151038 -0.026933 -0.051218 -0.180714 0.981832
52.200000 3.740880 -6.800721 0.082206 -0.067445 -0.131187 -0.167285 0.974811
52.600000 3.964966 -6.541463 -0.060789 -0.014592 0.030316 -0.131294 0.990772
53.050000 4.121169 -6.204741 -0.129995 -0.057347 -0.092893 -0.064714 0.991914
53.200000 4.100051 -5.983399 -0.124233 -0.049815 0.016101 -0.037868 0.997910
53.600000 4.073881 -5.419548 -0.105368 0.067111 -0.041301 0.003713 0.996883
54.050000 4.032279 -5.016390 -0.092372 0.031429 0.158764 0.030940 0.986331
54.400000 4.280065 -4.705954 -0.118786 -0.024171 -0.058718 -0.004910 0.997970
54.800000 4.528169 -4.316107 -0.101074 -0.025622 0.081511 -0.017100 0.996196
55.200000 4.861642 -3.778126 -0.109751 -0.026804 -0.065658 0.090344 0.993382
55.650000 5.103451 -3.239222 -0.090212 0.022095 0.027396 0.287409 0.957161
55.850000 5.237398 -2.955473 -0.074720 0.020665 0.023745 0.414336 0.909579
56.000000 5.382454 -2.639178 -0.035263 -0.002801 -0.006134 0.540249 0.841479
56.200000 5.527972 -2.278508 0.003334 -0.014472 -0.093138 0.646991 0.756650
56.450000 5.636428 -1.966041 -0.001382 0.009294 -0.125099 0.742945 0.657492
56.650000 5.638734 -1.786874 0.020511 0.030243 -0.039437 0.837901 0.543555
56.800000 5.622655 -1.628064 0.015454 -0.051887 0.092699 0.904651 0.412700
57.200000 5.618357 -1.127993 0.105584 -0.044044 -0.014193 0.960286 0.275152
57.600000 5.352922 -0.492040 0.187246 -0.020705 -0.021141 0.939416 0.341500
58.000000 5.058051 0.133989 0.169930 -0.037947 -0.037531 0.847301 0.528425
58.200000 4.812552 0.401637 0.181951 -0.018215 -0.031330 0.777385 0.627981
58.600000 4.231600 0.944667 0.164391 0.053593 0.069576 0.663105 0.743356
59.050000 3.938154 1.586575 0.117939 -0.102339 -0.164754 0.594845 0.780091
59.250000 3.701854 1.887396 0.088751 -0.005448 -0.082174 0.596897 0.798080
59.450000 3.280405 2.158085 0.088433 0.081294 0.019061 0.597591 0.797442
59.850000 2.580838 2.590701 0.275171 0.004796 -0.031026 0.610341 0.791517
60.250000 2.041575 2.994349 0.505203 -0.005469 0.024149 0.574983 0.817791
60.650000 1.599141 3.408265 0.763220 -0.058018 0.053742 0.447742 0.890658
60.850000 1.383031 3.765958 0.815408 0.091292 0.041106 0.360316 0.927442
61.250000 1.103653 4.363304 0.800721 0.012212 0.102026 0.184674 0.977413
61.600000 0.991995 4.922032 0.740667 0.078660 0.013697 0.073911 0.994063
62.200000 1.055602 5.484914 0.516977 0.035160 0.032609 0.022604 0.998594
63.050000 1.604826 5.793532 0.292457 0.064772 0.030332 -0.009645 0.997392
63.600000 2.321422 5.732399 0.234411 0.007460 -0.018061 -0.076321 0.996892
64.000000 2.877945 5.705785 0.217068 0.020666 0.004795 -0.123776 0.992083
64.200000 3.185815 5.718804 0.217421 0.126016 0.000153 -0.140152 0.982078
64.450000 3.493402 5.645979 0.274326 0.011265 -0.386395 -0.187653 0.902972
64.850000 3.270141 5.651171 0.169766 0.010901 0.097542 -0.162738 0.981775
65.050000 2.978812 5.740500 0.145726 0.089567 0.256423 -0.147158 0.951089
65.250000 2.927992 5.736564 0.153998 0.053350 0.040704 -0.155223 0.985598
65.400000 3.072932 5.676645 0.154667 -0.016522 -0.131822 -0.159771 0.978173
65.800000 3.074733 5.717541 0.190515 0.028656 0.115955 -0.155078 0.980655
66.000000 3.077802 5.736656 0.224417 0.047098 0.000373 -0.156954 0.986482
