0.800000 -0.000120 -0.000332 -0.000063 -0.000021 -0.000030 -0.000120 1.000000
8.200000 -0.006976 -0.001930 0.026653 0.132758 -0.128361 -0.009069 0.982760
8.450000 -0.091927 -0.082843 -0.002879 0.030104 -0.070383 -0.010880 0.997006
8.600000 -0.267150 -0.244368 0.031478 -0.015954 0.055394 -0.005672 0.998321
8.850000 -0.401711 -0.384209 0.091432 0.059775 -0.067557 -0.016234 0.995791
9.200000 -0.774613 -0.774580 0.204491 -0.013262 -0.045564 -0.129811 0.990402
9.600000 -1.354341 -1.214659 0.345147 0.033088 0.079824 -0.175126 0.980747
10.000000 -1.773918 -1.635450 0.592016 -0.046007 -0.139169 -0.069691 0.986741
10.450000 -2.280638 -1.946854 0.739661 -0.036253 0.176062 0.022068 0.983464
10.800000 -2.524394 -2.030280 0.762371 -0.078656 0.000261 0.081713 0.993547
11.400000 -2.538151 -1.846664 0.656838 -0.032410 0.122540 0.136084 0.982555
11.600000 -2.433177 -1.725495 0.596875 -0.063484 0.008035 0.154993 0.985841
12.050000 -2.152834 -1.345929 0.391209 -0.032476 0.132424 0.170929 0.975803
12.200000 -1.902747 -1.081510 0.294149 0.161789 -0.176212 0.138914 0.960977
12.450000 -1.604375 -0.832958 0.237149 0.224306 -0.453871 0.092214 0.857429
12.650000 -1.671606 -0.829608 -0.039420 -0.043018 0.085404 0.134054 0.986349
12.800000 -1.861622 -0.913221 -0.097343 -0.092470 0.350063 0.191550 0.912257
13.000000 -1.658587 -0.788865 -0.078969 -0.065786 0.373321 0.326667 0.865790
13.200000 -1.084120 -0.413784 -0.119052 -0.075120 -0.064896 0.480725 0.871234
13.450000 -0.449938 0.092929 -0.121661 -0.062127 -0.336263 0.613679 0.711664
13.650000 -0.137159 0.444300 -0.106776 -0.038747 -0.200842 0.750069 0.628934
13.850000 -0.177079 0.538198 -0.076911 0.023263 0.017563 0.836348 0.547424
14.050000 -0.237397 0.562852 -0.054610 -0.068704 0.115722 0.877156 0.460962
14.250000 -0.303346 0.652985 0.019355 -0.113361 -0.050720 0.902770 0.411806
14.650000 -0.516601 0.797552 0.200195 0.008569 -0.067106 0.932206 0.355550
14.850000 -0.620038 0.724987 0.279597 -0.015201 0.059781 0.930636 0.360710
15.450000 -1.060471 0.605892 0.496421 0.054323 0.065758 0.881209 0.464968
15.850000 -1.319875 0.743080 0.579063 -0.086073 0.032942 0.825097 0.557424
16.250000 -1.510522 1.228054 0.698197 0.294691 -0.142340 0.702050 0.632473
16.600000 -1.672335 1.171117 0.628894 0.080799 0.097360 0.730311 0.671296
16.850000 -1.442035 0.947481 0.613212 -0.260530 0.124943 0.698149 0.655059
17.050000 -1.283633 0.927635 0.655765 -0.253995 -0.122618 0.701013 0.655006
17.250000 -1.345557 1.111177 0.608770 0.090196 -0.108888 0.737420 0.660470
17.450000 -1.524749 1.126808 0.595703 -0.270704 0.242723 0.665696 0.651654
17.650000 -1.751845 1.230516 0.702600 -0.275213 0.185213 0.605239 0.723630
17.850000 -1.988612 1.609786 0.703394 -0.217308 -0.018575 0.549356 0.806622
18.050000 -2.310164 2.277698 0.684786 0.329639 -0.003008 0.441812 0.834345
18.250000 -2.507085 2.760860 0.668545 0.335934 0.115691 0.374782 0.856331
18.400000 -2.507056 2.908193 0.613006 0.006704 0.098934 0.341371 0.934683
18.650000 -2.387223 2.955743 0.528051 -0.124197 -0.071726 0.284115 0.948003
18.850000 -2.326563 3.182116 0.464361 0.053884 -0.053742 0.239494 0.967911
19.000000 -2.385692 3.425808 0.371954 0.112380 0.147612 0.223338 0.956923
19.450000 -2.221741 3.642629 0.226866 -0.001002 -0.044125 0.156962 0.986618
19.850000 -1.916186 3.838700 0.086352 0.033484 0.118203 0.116402 0.985575
