0.799989 -0.000378 -0.000435 -0.000133 0.000026 -0.000047 -0.000075 1.000000
0.999989 -0.001182 -0.000578 -0.000349 0.000043 -0.000129 -0.000170 1.000000
1.199989 -0.001968 -0.000702 -0.000641 0.000046 -0.000156 -0.000215 1.000000
1.399989 -0.002423 -0.000698 -0.000801 0.000054 -0.000191 -0.000222 1.000000
1.599989 -0.002780 -0.000682 -0.000840 0.000058 -0.000230 -0.000242 1.000000
1.799989 -0.002763 -0.000590 -0.000719 0.000032 -0.000225 -0.000236 1.000000
1.999989 -0.003107 -0.000586 -0.000693 0.000025 -0.000259 -0.000278 1.000000
2.199989 -0.003023 -0.000561 -0.000609 0.000015 -0.000236 -0.000263 1.000000
2.399989 -0.002970 -0.000563 -0.000617 0.000019 -0.000245 -0.000263 1.000000
2.599989 -0.002807 -0.000570 -0.000636 0.000021 -0.000231 -0.000251 1.000000
2.799989 -0.002661 -0.000580 -0.000643 0.000025 -0.000223 -0.000245 1.000000
2.999989 -0.002647 -0.000601 -0.000625 0.000024 -0.000223 -0.000245 1.000000
3.199989 -0.002586 -0.000587 -0.000583 0.000019 -0.000214 -0.000239 1.000000
3.399989 -0.002739 -0.000573 -0.000601 0.000019 -0.000228 -0.000251 1.000000
3.599989 -0.002884 -0.000572 -0.000638 0.000019 -0.000231 -0.000256 1.000000
3.799989 -0.002890 -0.000583 -0.000667 0.000020 -0.000229 -0.000253 1.000000
3.999989 -0.002864 -0.000593 -0.000672 0.000021 -0.000231 -0.000252 1.000000
4.199989 -0.002800 -0.000599 -0.000644 0.000021 -0.000230 -0.000251 1.000000
4.399989 -0.002782 -0.000592 -0.000625 0.000021 -0.000230 -0.000250 1.000000
4.599989 -0.002772 -0.000578 -0.000621 0.000020 -0.000228 -0.000251 1.000000
4.799989 -0.002794 -0.000576 -0.000629 0.000020 -0.000230 -0.000253 1.000000
4.999989 -0.002856 -0.000579 -0.000650 0.000020 -0.000233 -0.000254 1.000000
5.199989 -0.002903 -0.000590 -0.000666 0.000021 -0.000234 -0.000255 1.000000
5.399989 -0.002806 -0.000585 -0.000648 0.000020 -0.000227 -0.000248 1.000000
5.599989 -0.002821 -0.000581 -0.000646 0.000021 -0.000233 -0.000253 1.000000
5.799989 -0.002876 -0.000583 -0.000650 0.000020 -0.000234 -0.000255 1.000000
5.999989 -0.002943 -0.000597 -0.000660 0.000021 -0.000237 -0.000258 1.000000
6.199989 -0.002789 -0.000583 -0.000639 0.000018 -0.000223 -0.000247 1.000000
6.399989 -0.002789 -0.000578 -0.000640 0.000022 -0.000232 -0.000253 1.000000
6.599989 -0.002805 -0.000585 -0.000642 0.000021 -0.000230 -0.000253 1.000000
6.799989 -0.002773 -0.000587 -0.000631 0.000021 -0.000227 -0.000248 1.000000
6.999989 -0.002775 -0.000591 -0.000631 0.000022 -0.000228 -0.000251 1.000000
7.199989 -0.002760 -0.000586 -0.000629 0.000021 -0.000226 -0.000247 1.000000
7.399989 -0.002822 -0.000585 -0.000651 0.000020 -0.000230 -0.000254 1.000000
7.599989 -0.002919 -0.000597 -0.000675 0.000021 -0.000235 -0.000255 1.000000
7.799989 -0.002807 -0.000582 -0.000653 0.000018 -0.000224 -0.000247 1.000000
7.999989 -0.002869 -0.000576 -0.000654 0.000020 -0.000236 -0.000257 1.000000
8.199989 -0.002939 -0.000582 -0.000661 0.000020 -0.000237 -0.000259 1.000000
8.399989 -0.002836 -0.000583 -0.000647 0.000018 -0.000228 -0.000249 1.000000
8.599993 -0.001546 -0.007220 0.021967 -0.142665 -0.127130 0.011512 0.981505
8.799994 -0.064310 0.058009 0.018533 -0.169614 -0.194288 0.042045 0.965254
8.999978 -0.292957 0.288519 -0.087529 0.157226 0.173729 0.018138 0.971992
9.199986 -0.449004 0.468809 -0.160205 0.048911 -0.015557 0.007692 0.998652
9.399992 -0.520560 0.506959 -0.166441 -0.019718 -0.175809 0.006333 0.984206
9.599989 -0.757390 0.550312 -0.077433 0.057513 -0.063798 0.009544 0.996258
9.799987 -1.123376 0.596720 0.002903 0.084269 0.076141 0.011922 0.993458
9.999990 -1.428476 0.582750 0.038749 -0.034761 0.000311 -0.002408 0.999393
10.199989 -1.674286 0.574089 0.132496 -0.003445 0.049423 -0.011832 0.998702
10.399990 -1.875589 0.584773 0.264320 0.054586 0.053883 -0.022453 0.996801
10.599989 -2.035702 0.572293 0.420597 0.141128 0.017784 -0.036541 0.989157
10.799990 -2.188250 0.436813 0.550425 0.013441 0.017427 -0.057430 0.998107
10.999990 -2.330000 0.244246 0.634306 0.002069 0.071584 -0.076701 0.994479
11.199989 -2.418460 0.069626 0.676535 0.075741 0.056408 -0.087638 0.991666
11.399990 -2.446522 -0.123220 0.705308 -0.001368 0.033609 -0.094505 0.994956
11.599991 -2.444729 -0.351786 0.716665 -0.086748 0.051368 -0.096238 0.990239
11.799991 -2.396968 -0.513399 0.723389 -0.039716 0.027915 -0.073882 0.996085
11.999992 -2.316389 -0.625852 0.717539 -0.054406 -0.044470 -0.024969 0.997216
12.199992 -2.252517 -0.702044 0.701556 -0.057598 -0.008038 0.042238 0.997414
12.399993 -2.202048 -0.737746 0.664673 -0.036286 0.033644 0.127874 0.990555
12.599994 -2.112715 -0.736014 0.621411 -0.044408 0.017425 0.229582 0.972120
12.799994 -1.993291 -0.700973 0.560903 -0.066070 -0.004686 0.342045 0.937346
12.999994 -1.911914 -0.616404 0.504131 -0.046290 -0.007279 0.454165 0.889684
13.199994 -1.882358 -0.487670 0.438274 -0.041488 0.010233 0.551979 0.832762
13.399994 -1.868141 -0.314786 0.376077 -0.050057 0.023554 0.636927 0.768937
13.599994 -1.853155 -0.094431 0.317777 -0.057562 0.011029 0.707702 0.704076
13.799994 -1.849362 0.159739 0.272895 -0.044775 -0.006934 0.762020 0.645967
13.999994 -1.877305 0.429628 0.238020 -0.032121 -0.007618 0.800361 0.598609
14.199994 -1.934766 0.711692 0.207922 -0.034730 -0.000150 0.822702 0.567411
14.399992 -2.011172 1.014370 0.187613 -0.019881 0.004106 0.830441 0.556736
14.599989 -2.103365 1.346761 0.171154 -0.004216 -0.003820 0.829367 0.558675
14.799990 -2.208178 1.691613 0.149548 0.005712 -0.017070 0.825112 0.564683
14.999990 -2.316071 2.015611 0.119964 0.000042 -0.009190 0.827454 0.561458
15.199990 -2.443271 2.316470 0.093221 0.006402 0.014011 0.842702 0.538160
15.399989 -2.539255 2.602368 0.095023 0.001205 0.003513 0.870314 0.492483
15.599987 -2.611677 2.899079 0.130763 -0.018848 -0.031284 0.907655 0.418125
15.799986 -2.700897 3.203952 0.172691 -0.011030 -0.074966 0.944233 0.320441
15.999987 -2.828093 3.467416 0.207111 0.039104 -0.099709 0.971635 0.210843
16.199986 -2.951268 3.654151 0.201769 0.036016 -0.097374 0.988675 0.108364
16.399965 -3.054029 3.756678 0.174099 -0.036392 -0.060796 0.997188 0.024410
16.599937 -3.171423 3.815782 0.130995 -0.059235 -0.045376 0.995699 -0.054924
16.799970 -3.338136 3.840714 0.092124 -0.020312 -0.045957 0.989922 -0.132404
16.999982 -3.520555 3.815989 0.059073 0.008725 -0.067513 0.975297 -0.210147
17.199975 -3.669053 3.734733 0.038848 -0.012048 -0.034072 0.956815 -0.288442
17.399959 -3.800706 3.616610 0.029164 -0.023019 0.027289 0.929669 -0.366663
17.599975 -3.964106 3.502488 0.012993 0.002146 0.030898 0.897883 -0.439142
17.799985 -4.160081 3.427606 0.017037 0.010756 0.017051 0.866608 -0.498583
17.999972 -4.349511 3.399580 0.015404 -0.128288 0.041468 0.817022 -0.560622
18.199985 -4.615527 3.355356 0.051821 0.025847 -0.031042 -0.764002 0.643948
18.399993 -4.944876 3.286354 0.098897 -0.124882 0.136731 -0.670280 0.718634
18.599993 -5.139958 3.170878 0.212320 -0.074914 0.081716 -0.563370 0.818734
18.799993 -5.197055 3.095543 0.288734 -0.001736 0.092520 -0.505001 0.858144
18.999993 -5.183738 3.011962 0.268602 0.070053 -0.026633 -0.459060 0.885239
19.199993 -5.221328 2.908397 0.240731 0.107631 0.040387 -0.412290 0.903771
19.399993 -5.309629 2.694861 0.232051 -0.086932 -0.028935 -0.396167 0.913596
19.599584 -5.386965 2.517348 0.233175 -0.149854 0.043904 -0.377727 0.912655
19.799993 -5.409878 2.520937 0.256534 -0.016191 0.206768 -0.385016 0.899304
19.999993 -5.251005 2.488551 0.252059 0.068604 0.010595 -0.332244 0.940635
20.199994 -5.051342 2.348246 0.266802 -0.100291 -0.155747 -0.260292 0.947593
20.399994 -4.979917 2.275761 0.274248 -0.141745 -0.025386 -0.193401 0.970495
20.599994 -4.995006 2.393162 0.232456 0.019938 0.137134 -0.117663 0.983337
20.799994 -4.916776 2.538532 0.230149 0.024226 -0.026620 -0.020391 0.999144
20.999994 -4.781723 2.641672 0.219001 -0.107781 0.002986 0.081395 0.990833
21.199994 -4.662342 2.786939 0.232312 0.008016 0.170659 0.174069 0.969800
21.399994 -4.443366 3.005269 0.277831 0.053305 0.022438 0.273638 0.960092
21.599994 -4.145989 3.205556 0.298508 0.019348 -0.056428 0.363783 0.929572
21.799994 -3.902910 3.365266 0.304113 0.016672 0.030616 0.442336 0.896172
21.999993 -3.641555 3.530636 0.295138 0.063188 0.076977 0.509069 0.854945
22.199993 -3.295970 3.692448 0.275858 -0.116866 -0.042433 0.575974 0.807958
22.399993 -3.001443 3.900316 0.292874 -0.147701 -0.071692 0.651845 0.740367
22.599993 -2.823548 4.181049 0.284254 -0.034002 -0.144386 0.745806 0.649438
22.799989 -2.750688 4.401416 0.256715 0.074088 -0.007014 0.816214 0.572937
22.999983 -2.655919 4.558967 0.220580 -0.058625 0.043489 0.866942 0.493034
23.199979 -2.549278 4.748650 0.198519 -0.111978 -0.044120 0.900473 0.417927
23.399985 -2.521400 5.007327 0.168245 -0.059156 -0.110992 0.933264 0.336452
23.599989 -2.591412 5.214055 0.126778 0.012630 -0.096210 0.962874 0.251908
23.799984 -2.691325 5.308466 0.087940 -0.002701 -0.032164 0.984044 0.174973
23.999961 -2.775483 5.345137 0.082052 -0.069403 -0.001095 0.991928 0.106113
24.199926 -2.883748 5.402484 0.108178 -0.098225 -0.026669 0.993324 0.054301
24.399960 -3.056546 5.473694 0.165649 -0.061809 -0.050151 0.996641 0.019245
24.599980 -3.299921 5.509576 0.254033 0.059621 -0.041940 0.997330 -0.004481
24.799990 -3.534234 5.498928 0.298976 0.214984 -0.015243 0.976498 0.000602
24.999984 -3.608044 5.465931 0.295384 0.095308 0.000301 0.993474 0.062657
25.199972 -3.561656 5.422749 0.307870 -0.037043 -0.010897 0.984849 0.169060
25.399983 -3.542288 5.391207 0.315050 -0.031148 -0.015023 0.949297 0.312472
25.599990 -3.589961 5.372300 0.309818 0.069206 0.024118 0.882765 0.464064
25.799992 -3.606394 5.387021 0.288639 0.099915 0.066404 0.784313 0.608655
25.999993 -3.532469 5.387643 0.267494 0.040290 0.054091 0.665867 0.743015
26.199993 -3.387376 5.389363 0.230351 0.004566 0.011343 0.525937 0.850436
26.399991 -3.224724 5.335465 0.202139 0.012930 0.035485 0.382062 0.923365
26.599991 -3.038929 5.292781 0.168166 0.005011 0.081226 0.259826 0.962220
26.799991 -2.801431 5.300746 0.143097 -0.010395 0.042130 0.161996 0.985837
26.999992 -2.539447 5.345110 0.121162 0.017752 -0.007210 0.084587 0.996232
27.199992 -2.281022 5.396466 0.125169 0.021864 0.008441 0.028159 0.999329
27.399993 -2.034517 5.424916 0.166703 0.003356 0.027879 -0.007551 0.999577
27.599993 -1.769250 5.439605 0.248321 0.007683 0.000360 -0.029773 0.999527
27.799993 -1.485499 5.454690 0.353636 0.025045 -0.014494 -0.041397 0.998724
27.999993 -1.204434 5.457728 0.471678 0.014554 0.000236 -0.046292 0.998822
28.199993 -0.912314 5.449438 0.582017 -0.005499 0.005377 -0.047040 0.998863
28.399993 -0.607636 5.447231 0.682598 0.000590 0.004150 -0.043189 0.999058
28.599993 -0.294145 5.454237 0.743147 0.084172 0.005318 -0.030236 0.995978
28.799993 0.033351 5.413682 0.756823 -0.024033 -0.010935 -0.011525 0.999585
28.999992 0.343553 5.360391 0.739556 -0.096173 -0.003510 0.014923 0.995247
29.199992 0.657370 5.391018 0.683378 0.037616 0.008008 0.043998 0.998291
29.399991 0.963968 5.426407 0.645307 0.106958 -0.008039 0.072580 0.991578
29.599991 1.275511 5.369034 0.555141 0.030554 -0.014000 0.097514 0.994667
29.799991 1.573631 5.261224 0.464453 -0.021333 -0.006922 0.122336 0.992235
29.999990 1.860029 5.185345 0.378171 0.014361 -0.003895 0.143859 0.989486
30.199990 2.142056 5.121662 0.286667 -0.037721 0.002402 0.157512 0.986793
30.399991 2.424447 5.082688 0.196631 0.015475 -0.017856 0.167653 0.985563
30.599991 2.700621 5.044876 0.077960 0.037897 -0.006985 0.169780 0.984728
30.799990 2.998895 4.965648 0.041138 0.005042 0.004677 0.167852 0.985788
30.999991 3.315589 4.878723 0.029835 -0.025419 -0.010891 0.156562 0.987281
31.199991 3.629448 4.817686 0.019234 -0.015576 -0.021309 0.116743 0.992811
31.399992 3.918468 4.775145 0.013168 0.003735 -0.021258 0.029348 0.999336
31.599993 4.178365 4.736345 0.002507 0.009937 -0.023971 -0.078057 0.996611
31.799993 4.419187 4.701259 -0.021877 0.000086 -0.037821 -0.149316 0.988066
31.999994 4.645623 4.671697 -0.055768 -0.019427 -0.056434 -0.165032 0.984481
32.199994 4.846841 4.659830 -0.107653 -0.013283 -0.052952 -0.168553 0.984180
32.399994 5.019468 4.669774 -0.152539 0.015701 -0.036875 -0.188862 0.981185
32.599994 5.168126 4.680856 -0.189515 0.026517 -0.038883 -0.210424 0.976477
32.799994 5.291106 4.678289 -0.229507 0.007711 -0.049674 -0.205720 0.977319
32.999994 5.385677 4.678305 -0.262626 -0.003108 -0.036401 -0.183494 0.982342
33.199994 5.460428 4.691002 -0.301902 0.003536 -0.031451 -0.182038 0.982782
33.399994 5.522109 4.707488 -0.336348 0.000520 -0.028949 -0.223894 0.974183
33.599994 5.558945 4.719641 -0.361972 0.000515 -0.050180 -0.320099 0.946054
33.799994 5.588499 4.748860 -0.366086 0.022799 -0.116723 -0.442608 0.888794
33.999994 5.551592 4.809886 -0.359347 0.020576 -0.080419 -0.574446 0.814323
34.199994 5.445749 4.902074 -0.327723 0.020123 -0.026131 -0.693678 0.719530
34.399994 5.317144 5.002516 -0.261618 0.051196 -0.007487 -0.790648 0.610081
34.599994 5.164316 5.078595 -0.166190 0.085111 -0.019653 -0.864779 0.494497
34.799994 4.960046 5.117632 -0.057493 -0.082472 0.034269 0.915677 -0.391866
34.999994 4.706235 5.159680 0.038118 -0.050751 0.012418 0.946687 -0.317889
35.199994 4.419902 5.222583 0.118661 -0.025748 -0.026724 0.960589 -0.275485
35.399994 4.126791 5.275637 0.174112 -0.025206 -0.046711 0.962913 -0.264540
35.599994 3.829248 5.284084 0.205675 -0.028166 -0.048147 0.957254 -0.283819
35.799994 3.520407 5.243078 0.218838 -0.016286 -0.046139 0.943349 -0.328175
35.999994 3.211930 5.161924 0.214835 -0.022785 -0.042228 0.923898 -0.379618
36.199994 2.903758 5.050902 0.242536 -0.023732 -0.035912 0.900568 -0.432579
36.399994 2.593699 4.906682 0.303739 -0.018717 -0.029927 0.882328 -0.469310
36.599991 2.281527 4.729533 0.398648 -0.012865 -0.020664 0.875097 -0.483335
36.799989 1.971292 4.526900 0.502540 -0.007689 -0.013664 0.880692 -0.473430
36.999988 1.670993 4.310122 0.607357 -0.002783 -0.004985 0.896945 -0.442106
37.199979 1.363746 4.086076 0.701515 0.004293 0.005863 0.920384 -0.390948
37.399943 1.058031 3.866170 0.781289 0.012296 0.018900 0.944977 -0.326358
37.599786 0.745709 3.660781 0.855287 0.016864 0.038438 0.968363 -0.245991
37.799797 0.455208 3.495037 0.896124 0.015995 0.048409 0.983408 -0.174094
37.999813 0.189538 3.382320 0.923892 0.013851 0.050767 0.992858 -0.107070
38.199569 -0.069124 3.314034 0.927747 0.011689 0.051731 0.997396 -0.048863
38.349975 -0.280466 3.279941 0.922137 0.005290 0.046128 0.998814 -0.014638
38.549980 -0.586984 3.255659 0.901342 -0.007109 0.037308 0.999173 0.014517
38.749983 -0.918408 3.252483 0.866615 -0.005672 0.030922 0.999067 0.029613
38.949986 -1.279626 3.269979 0.819775 0.010218 0.030559 0.999019 0.030372
39.149990 -1.635309 3.310485 0.761114 0.011339 0.018958 0.999544 0.020580
39.349991 -1.971646 3.368924 0.693969 -0.005307 0.001857 0.999976 0.004007
39.597059 -2.371949 3.444336 0.600091 -0.011883 -0.011900 0.999788 -0.011879
39.799679 -2.694133 3.484948 0.512088 -0.005757 -0.008470 0.999777 -0.018470
39.999848 -3.004217 3.503746 0.425287 0.004404 -0.007788 0.999779 -0.019007
40.199943 -3.303744 3.513429 0.339133 0.014746 -0.021035 0.999540 -0.016119
40.399972 -3.589552 3.509641 0.279130 -0.004393 -0.052704 0.998529 -0.011921
40.599983 -3.882280 3.472028 0.239478 0.010965 -0.006325 0.999866 -0.010333
40.799988 -4.181256 3.408563 0.245323 0.102238 0.113728 0.987011 -0.049222
40.999990 -4.416610 3.443500 0.264090 0.078079 -0.046537 0.983932 -0.153674
41.199981 -4.582436 3.525617 0.310235 -0.233551 -0.066332 0.944558 -0.221054
41.399977 -4.850992 3.499003 0.310871 -0.004601 -0.030058 0.935948 -0.350824
41.599993 -5.178680 3.390478 0.303604 0.257805 -0.088923 0.856811 -0.437611
41.799992 -5.311927 3.331777 0.283258 0.109301 -0.152403 0.891888 -0.411538
41.999987 -5.247266 3.227358 0.263558 -0.010603 -0.139236 0.935799 -0.323700
42.199988 -5.134312 3.014131 0.246138 -0.085100 -0.046444 0.964022 -0.247512
42.399991 -5.112784 2.730459 0.247805 0.024287 0.030706 0.975235 -0.217680
42.599993 -5.134799 2.476256 0.249832 0.089837 -0.017242 0.965175 -0.245089
42.799992 -5.080535 2.262016 0.290901 -0.019070 -0.083043 0.944928 -0.315993
42.999991 -4.966460 2.013305 0.313856 -0.118783 -0.034337 0.898472 -0.421259
43.199991 -4.896625 1.678356 0.326144 -0.050792 0.034655 0.841956 -0.536032
43.399992 -4.895544 1.298934 0.327700 -0.092059 -0.013041 -0.764139 0.638316
43.599992 -4.894301 0.979308 0.309643 -0.049853 0.012949 -0.690858 0.721154
43.799992 -4.833267 0.724921 0.258085 0.083716 -0.000594 -0.622945 0.777773
43.999992 -4.789038 0.446147 0.220174 0.050837 -0.041678 -0.577221 0.813937
44.199993 -4.805505 0.132992 0.178528 -0.026666 -0.003468 -0.547643 0.836280
44.399991 -4.836011 -0.176997 0.142653 -0.028386 0.030947 -0.536369 0.842938
44.599991 -4.824604 -0.477292 0.080329 0.023067 0.018401 -0.543721 0.838747
44.799991 -4.799061 -0.794126 0.032481 0.023572 -0.018186 -0.567956 0.822521
44.999992 -4.790903 -1.109993 -0.033785 0.007469 -0.011017 -0.606006 0.795349
45.199992 -4.793156 -1.404622 -0.090905 0.002343 0.019344 -0.657713 0.753016
45.399993 -4.777962 -1.683914 -0.120468 -0.001759 0.033172 -0.730352 0.682262
45.599994 -4.747955 -1.946190 -0.139715 0.036771 -0.009967 -0.821351 0.569149
45.799994 -4.730378 -2.216195 -0.150114 0.080627 -0.025509 -0.901438 0.424567
45.999993 -4.801382 -2.501384 -0.146350 -0.029870 0.067475 0.963019 -0.259133
46.199991 -4.930003 -2.785524 -0.147591 0.051680 0.102938 0.987390 -0.108601
46.399990 -5.020267 -2.950125 -0.139721 0.042425 0.055847 0.997538 -0.000365
46.599987 -5.042385 -3.013144 -0.129458 -0.080419 -0.039582 0.993338 0.072432
46.799986 -5.121729 -3.073828 -0.074432 -0.079194 -0.068614 0.985417 0.134068
46.999982 -5.322452 -3.186689 -0.027276 -0.012575 0.084976 0.978724 0.186334
47.199986 -5.560633 -3.250400 0.026563 0.000864 0.078621 0.965555 0.248036
47.399990 -5.756794 -3.205273 0.097619 -0.013180 0.004251 0.946084 0.323625
47.599991 -5.937670 -3.125410 0.180839 0.030561 -0.048772 0.915533 0.398105
47.799991 -6.124094 -3.082821 0.228737 0.023496 -0.039850 0.882054 0.468872
47.999992 -6.311482 -3.086974 0.301010 -0.015462 -0.014059 0.844608 0.534977
48.199993 -6.532704 -3.072956 0.399618 0.080241 -0.016023 0.806808 0.585120
48.399992 -6.725405 -3.089557 0.515822 0.066358 0.126885 0.782249 0.606287
48.599987 -6.815497 -3.086945 0.645954 -0.012619 0.154628 0.771410 0.617136
48.799994 -6.808039 -2.952282 0.725408 0.043458 -0.100636 0.746179 0.656659
48.999994 -6.809330 -2.819055 0.770415 0.194361 -0.162337 0.703040 0.664534
49.199994 -6.823645 -2.852437 0.717049 0.095409 0.026203 0.678516 0.727892
49.399992 -6.773813 -3.036589 0.636915 -0.052949 0.102042 0.615440 0.779754
49.599994 -6.669116 -3.128217 0.552755 -0.008450 -0.032363 0.526650 0.849424
49.799994 -6.583018 -3.134881 0.453515 0.193805 -0.033539 0.409168 0.891009
49.999994 -6.472791 -3.235816 0.354555 0.068975 0.103932 0.314294 0.941095
50.199994 -6.254884 -3.431015 0.237997 -0.030285 0.067736 0.178507 0.981137
50.399992 -5.950391 -3.601328 0.123619 0.025320 -0.044352 0.050124 0.997436
50.599990 -5.676241 -3.769189 0.039819 0.052144 0.031966 -0.065061 0.996005
50.799987 -5.436258 -3.956553 -0.019870 0.006440 0.063092 -0.171368 0.983164
50.999985 -5.152251 -4.140524 -0.032080 0.087889 -0.012522 -0.271540 0.958324
51.199986 -4.835160 -4.362765 -0.016189 0.051716 0.000697 -0.375456 0.925396
51.399991 -4.501620 -4.622685 -0.026860 -0.016371 -0.009587 -0.488123 0.872569
51.599992 -4.182033 -4.841997 -0.045400 -0.004271 0.024858 -0.601169 0.798724
51.799992 -3.878133 -5.032913 -0.022672 0.017933 -0.033796 -0.700414 0.712710
51.999990 -3.601227 -5.221209 0.013277 0.042898 -0.212225 -0.765461 0.605962
52.199990 -3.433196 -5.332602 0.036301 -0.029508 -0.113325 -0.856075 0.503411
52.399991 -3.361294 -5.293038 0.049024 0.010378 0.018838 -0.924066 0.381626
52.599990 -3.276048 -5.222323 0.049574 -0.077517 -0.055099 0.963936 -0.248562
52.799991 -3.203149 -5.227944 0.041641 -0.109022 0.007553 0.982550 -0.150508
52.999992 -3.212061 -5.266372 0.036572 -0.051996 0.061717 0.991167 -0.105241
53.199992 -3.286058 -5.250659 0.024273 0.003455 0.023889 0.993443 -0.111753
53.399991 -3.365963 -5.154903 0.011481 -0.018916 -0.045031 0.984909 -0.166041
53.599990 -3.436357 -5.044024 -0.006739 -0.023570 -0.075507 0.966274 -0.245066
53.799992 -3.502167 -4.989136 -0.018572 0.074060 -0.060866 0.930834 -0.352645
53.999992 -3.507727 -4.966831 -0.025159 0.061458 -0.051614 0.878684 -0.470610
54.199992 -3.466124 -4.932809 -0.016811 0.003111 -0.053924 0.804827 -0.591046
54.399992 -3.405649 -4.917259 -0.012699 0.023089 0.043313 -0.709330 0.703166
54.599993 -3.338210 -4.936204 -0.010291 -0.003631 0.037780 -0.596815 0.801481
54.799992 -3.269272 -4.951927 -0.011201 -0.032111 0.056473 -0.488910 0.869912
54.999991 -3.146393 -4.962529 -0.004473 -0.015574 0.054319 -0.384451 0.921414
55.199989 -2.959329 -4.969605 0.007210 0.001991 0.035896 -0.290151 0.956305
55.399989 -2.727267 -4.981423 0.019758 0.002614 0.031153 -0.209168 0.977380
55.599989 -2.478018 -4.987777 0.026373 0.006774 0.029866 -0.145311 0.988912
55.799989 -2.185555 -4.992561 0.026874 0.023414 0.013166 -0.093657 0.995242
55.999990 -1.867352 -4.996170 0.024389 0.030992 -0.004297 -0.057280 0.997868
56.199991 -1.547882 -5.002529 0.030139 -0.011716 -0.008382 -0.029582 0.999459
56.399991 -1.236184 -4.990562 0.040314 -0.024341 -0.000879 -0.011878 0.999633
56.599991 -0.947936 -4.932570 0.036234 0.061291 0.012366 -0.002607 0.998040
56.799992 -0.651134 -4.897223 0.020487 0.080802 0.002482 -0.001602 0.996726
56.999992 -0.352639 -4.924266 -0.007739 0.033799 -0.008366 -0.008843 0.999355
57.199993 -0.054689 -4.980598 -0.039901 -0.008198 -0.086132 -0.049207 0.995034
57.399993 0.189772 -5.005787 -0.087414 0.007448 -0.121861 -0.094531 0.988007
57.599994 0.332892 -4.995556 -0.127225 0.014645 -0.000585 -0.152128 0.988252
57.799994 0.436689 -4.971649 -0.155252 0.029947 0.032005 -0.219218 0.974691
57.999994 0.599838 -4.970884 -0.165949 0.054186 -0.064018 -0.297679 0.950975
58.199994 0.730414 -5.008639 -0.154343 0.042172 -0.139087 -0.388042 0.910110
58.399994 0.767645 -5.031315 -0.149083 0.006848 -0.040279 -0.470335 0.881542
58.599994 0.756561 -5.017306 -0.172817 0.025797 0.010522 -0.557434 0.829753
58.799993 0.753705 -4.997567 -0.168472 0.074654 -0.033521 -0.646163 0.758800
58.999991 0.704456 -4.991920 -0.164842 0.075878 -0.062513 -0.735889 0.669927
59.199990 0.571542 -4.994681 -0.156083 0.036800 -0.036995 -0.818885 0.571581
59.399990 0.383068 -4.973790 -0.135987 0.032753 0.000552 -0.885413 0.463648
59.599989 0.167100 -4.939067 -0.105304 -0.059864 -0.019230 0.936665 -0.344537
59.799988 -0.077463 -4.934146 -0.075617 -0.070807 -0.013450 0.970718 -0.229154
59.999988 -0.364277 -4.952640 -0.043290 -0.043008 -0.007654 0.991419 -0.123204
60.199989 -0.683200 -4.970188 -0.004476 -0.012560 -0.015245 0.999412 -0.028014
60.399991 -1.006045 -4.980408 0.037129 0.002860 -0.021087 0.998329 0.053719
60.599993 -1.326164 -4.988388 0.075331 0.005973 -0.019209 0.991921 0.125254
60.799993 -1.647963 -4.998432 0.096929 -0.028201 0.000010 0.981011 0.191889
60.999994 -1.981270 -4.992571 0.119028 -0.012601 0.007542 0.969202 0.245829
61.199994 -2.331321 -4.960908 0.142849 0.023990 -0.002030 0.955111 0.295268
61.399994 -2.666227 -4.917111 0.133949 0.037660 -0.004243 0.939583 0.340217
61.599994 -2.968847 -4.881432 0.123650 0.012930 0.016541 0.923727 0.382476
61.799993 -3.250890 -4.831880 0.102314 0.004295 0.034692 0.905555 0.422786
61.999992 -3.488790 -4.743318 0.081694 0.019871 0.045941 0.886076 0.460830
62.199991 -3.686416 -4.604668 0.066872 0.027759 0.050798 0.866196 0.496340
62.399991 -3.858000 -4.418816 0.053074 0.020927 0.052855 0.846334 0.529610
62.599991 -4.026008 -4.190280 0.042457 0.011956 0.040092 0.826881 0.560819
62.799991 -4.197680 -3.933530 0.035337 0.014780 0.026604 0.807418 0.589195
62.999988 -4.362735 -3.657519 0.028157 0.026297 0.015676 0.788460 0.614324
63.199989 -4.500877 -3.376913 0.025037 0.026575 0.014405 0.771850 0.635086
63.399990 -4.600677 -3.092613 0.022731 0.018760 0.010194 0.756943 0.653132
63.599991 -4.662727 -2.799623 0.020896 0.015018 0.001944 0.744184 0.667803
63.799991 -4.701820 -2.495814 0.018974 0.015904 -0.003171 0.733495 0.679501
63.999991 -4.729649 -2.182010 0.019721 0.016197 -0.002985 0.725474 0.688052
64.199990 -4.753340 -1.862381 0.021870 0.011791 -0.003452 0.720023 0.693842
64.399989 -4.779704 -1.538769 0.024303 0.013032 -0.004176 0.716319 0.697639
64.599989 -4.805297 -1.209803 0.024825 0.013016 -0.008948 0.714077 0.699889
64.799989 -4.825999 -0.885556 0.029429 0.006685 -0.011421 0.712585 0.701461
64.999989 -4.845983 -0.563294 0.039993 0.008143 -0.005993 0.711075 0.703043
65.199991 -4.862174 -0.236563 0.053563 0.039736 -0.016674 0.708761 0.704131
65.399992 -4.866440 0.073966 0.056752 0.037338 -0.014005 0.707567 0.705520
65.599992 -4.856166 0.360592 0.065389 0.004130 0.005552 0.708325 0.705852
65.799992 -4.836415 0.649091 0.075127 -0.011956 0.002606 0.711992 0.702081
65.999992 -4.825696 0.965695 0.096348 0.007949 -0.013113 0.722333 0.691376
66.199992 -4.828905 1.287025 0.124939 0.023388 -0.017896 0.735214 0.677196
66.399992 -4.834837 1.594348 0.167454 0.000996 -0.007269 0.744417 0.667675
66.599992 -4.839019 1.891012 0.229072 0.012063 -0.025104 0.753559 0.656791
66.799993 -4.847225 2.187346 0.292909 0.108771 -0.062054 0.769340 0.626446
66.999992 -4.837358 2.421262 0.328402 0.192301 -0.008439 0.789599 0.582652
67.199988 -4.716198 2.535593 0.348230 -0.002360 0.203886 0.837078 0.507666
67.399991 -4.483431 2.706677 0.279361 -0.020084 -0.028533 0.870245 0.491383
67.599992 -4.269000 2.946276 0.225829 0.034290 -0.068179 0.905847 0.416674
67.799991 -4.109712 3.133040 0.195304 0.023166 0.020916 0.942251 0.333451
67.999990 -3.932268 3.354540 0.165523 -0.068712 -0.057070 0.938309 0.334062
68.199991 -3.789678 3.564994 0.169775 -0.087492 -0.135972 0.909061 0.384011
68.399992 -3.733040 3.687676 0.177260 -0.030168 -0.109112 0.882412 0.456655
68.599992 -3.741045 3.703603 0.184079 0.008268 -0.038802 0.850202 0.524959
68.799992 -3.754175 3.650077 0.205411 -0.041259 -0.014800 0.825311 0.562974
68.999993 -3.782064 3.604189 0.233710 -0.053247 -0.066205 0.817994 0.568918
69.199993 -3.864738 3.575973 0.266497 0.015513 -0.091509 0.833013 0.545412
69.399992 -3.996509 3.503375 0.297379 0.069449 -0.018608 0.857434 0.509547
69.599991 -4.100166 3.370700 0.324596 -0.039360 0.013746 0.886749 0.460366
69.799991 -4.186889 3.246739 0.352377 -0.121524 -0.062513 0.909270 0.393131
69.999993 -4.403364 3.141886 0.384059 -0.014106 -0.150631 0.937820 0.312418
70.199992 -4.713464 2.966114 0.399659 0.190752 -0.029074 0.942409 0.273192
70.399990 -4.922269 2.710444 0.385144 0.124157 0.146924 0.933149 0.303698
70.599989 -4.937133 2.502435 0.344773 -0.092743 0.101743 0.912888 0.384296
70.799990 -4.929876 2.431052 0.312750 -0.071289 -0.004596 0.852150 0.518398
70.999992 -5.041783 2.427906 0.285752 0.158811 0.032573 0.775046 0.610755
71.199992 -5.133931 2.389329 0.289941 0.081514 0.149551 0.735227 0.656073
71.399992 -5.087446 2.357902 0.286295 -0.076235 0.128066 0.726845 0.670435
71.599992 -4.956046 2.448765 0.283630 -0.114681 -0.007312 0.739499 0.663276
71.799992 -4.881340 2.642019 0.290321 0.081382 -0.100199 0.788356 0.601524
71.999992 -4.840733 2.769884 0.306182 0.166411 0.001106 0.827530 0.536191
72.199991 -4.720068 2.796267 0.304385 0.026638 0.059670 0.883548 0.463760
72.399988 -4.517786 2.805115 0.309566 -0.132363 0.116251 0.911705 0.371159
72.599990 -4.352721 2.928360 0.314095 -0.102635 0.004808 0.949420 0.296724
72.799992 -4.310100 3.157193 0.311155 0.059463 -0.102369 0.971227 0.206646
72.999991 -4.284708 3.345149 0.314377 0.068068 -0.133053 0.981921 0.116167
73.199987 -4.194728 3.421091 0.319420 -0.079803 -0.055488 0.993536 0.058641
73.399986 -4.125222 3.420079 0.316697 -0.114602 -0.005998 0.992852 0.032780
73.599986 -4.142773 3.401486 0.313793 -0.045989 -0.030503 0.996240 0.066790
73.799989 -4.215410 3.380575 0.312538 0.040868 -0.055072 0.987340 0.143025
73.999990 -4.275556 3.337634 0.310852 0.047656 -0.045905 0.971879 0.225994
74.199992 -4.298550 3.263380 0.315398 -0.114258 -0.090757 0.945045 0.292571
74.399992 -4.395021 3.141358 0.320645 -0.076445 -0.069300 0.935796 0.337105
74.599992 -4.604193 2.985315 0.313706 0.054589 0.002411 0.926008 0.373529
74.799991 -4.805341 2.802969 0.322104 0.134865 0.066276 0.892346 0.425602
74.999991 -4.874995 2.612218 0.322617 -0.043950 0.032949 0.870438 0.489203
75.199991 -4.882224 2.475874 0.317568 -0.172462 0.030781 0.800703 0.572873
75.399992 -5.024272 2.421388 0.292014 0.060524 0.027481 0.768037 0.636947
75.599993 -5.200291 2.418263 0.297980 0.168749 0.122505 0.718162 0.663898
75.799992 -5.199852 2.398815 0.311025 0.020409 0.156982 0.730338 0.664490
75.999992 -5.041307 2.444139 0.284177 -0.113811 0.049948 0.745348 0.654987
76.199992 -4.903438 2.594391 0.280545 0.020884 -0.033010 0.786072 0.616900
76.399992 -4.835085 2.747387 0.276085 0.113716 0.024343 0.831472 0.543259
76.599990 -4.724043 2.846549 0.295481 0.085087 0.127403 0.874870 0.459490
76.799990 -4.489268 2.974829 0.309687 -0.006315 0.112695 0.916694 0.383317
76.999991 -4.188845 3.206826 0.326039 -0.078901 -0.077591 0.933378 0.341407
77.199992 -3.943961 3.496889 0.358663 -0.034857 -0.192258 0.934441 0.297729
77.399986 -3.846879 3.636519 0.328788 0.115589 0.066020 0.947754 0.289902
77.599973 -3.649715 3.737062 0.373208 0.002700 0.065562 0.955897 0.286278
77.799976 -3.384802 3.887197 0.435545 -0.131294 -0.095210 0.940920 0.297266
77.999982 -3.207551 4.022033 0.527719 -0.104968 -0.155666 0.935476 0.299392
78.199978 -3.178334 4.054849 0.593255 -0.021088 -0.099839 0.953595 0.283275
78.399966 -3.220182 3.988580 0.655080 0.000818 -0.026323 0.966383 0.255754
78.599962 -3.257807 3.891023 0.725416 -0.051987 -0.013751 0.975836 0.211784
78.799955 -3.313453 3.819894 0.795861 -0.100771 -0.050235 0.982087 0.151085
78.999923 -3.446184 3.748454 0.852334 -0.075483 -0.046419 0.993387 0.073005
79.199946 -3.652547 3.636218 0.884503 -0.011705 -0.008124 0.999708 -0.019541
79.399968 -3.881336 3.488077 0.915879 0.029632 -0.013657 0.992539 -0.117482
79.599974 -4.083993 3.327863 0.943875 0.016086 -0.035934 0.974948 -0.218922
79.799975 -4.247757 3.155489 0.963348 -0.001302 -0.052558 0.946994 -0.316921
79.999980 -4.403575 2.952199 0.979690 0.025375 -0.056418 0.909473 -0.411135
80.199983 -4.537884 2.710950 0.987384 0.034454 -0.055556 0.866272 -0.495277
80.399985 -4.635471 2.443539 0.990774 0.022669 -0.054693 0.821490 -0.567141
80.599986 -4.692798 2.158371 0.987191 0.007777 0.031705 -0.778115 0.627273
80.799988 -4.728215 1.861574 0.978271 0.019100 -0.005235 -0.738201 0.674290
80.999989 -4.774927 1.557478 0.975369 -0.010458 0.002631 -0.704148 0.709971
81.199990 -4.827255 1.255628 0.970854 -0.022806 0.034719 -0.676699 0.735087
81.399990 -4.849966 0.962064 0.970220 -0.007963 0.034993 -0.657698 0.752426
81.599990 -4.840219 0.658425 0.966156 0.006631 0.010987 -0.644680 0.764345
81.799991 -4.820985 0.338980 0.959430 0.004698 -0.002941 -0.636691 0.771099
81.999991 -4.806510 0.015491 0.951338 0.005578 -0.005416 -0.632012 0.774920
82.199988 -4.796128 -0.305701 0.944342 0.010122 -0.008890 -0.628812 0.777441
82.399989 -4.791102 -0.618130 0.944850 -0.003669 0.001389 -0.625054 0.780572
82.599990 -4.786944 -0.934592 0.941803 -0.016219 0.018718 -0.618303 0.785550
82.799990 -4.758928 -1.244772 0.937512 -0.000405 0.004465 -0.609387 0.792860
82.999990 -4.716055 -1.556011 0.909812 0.013035 -0.014021 -0.595359 0.803232
83.199990 -4.681525 -1.860489 0.866874 0.011718 -0.007958 -0.575529 0.817659
83.399990 -4.662342 -2.166722 0.801458 0.003697 0.010160 -0.549859 0.835187
83.599990 -4.641699 -2.466711 0.718702 -0.000182 0.021247 -0.518093 0.855060
83.799991 -4.604841 -2.765277 0.622606 -0.003059 0.026227 -0.480725 0.876474
83.999991 -4.544641 -3.068647 0.510309 -0.010633 0.037734 -0.437681 0.898275
84.199990 -4.454654 -3.376350 0.389514 -0.008369 0.038259 -0.389895 0.920026
84.399989 -4.327554 -3.687881 0.274905 -0.015236 0.029341 -0.337883 0.940607
84.599988 -4.170890 -3.991609 0.169975 -0.039095 0.032686 -0.283818 0.957523
84.799987 -3.978752 -4.268189 0.088272 -0.053871 0.040896 -0.230115 0.970810
84.999986 -3.742019 -4.498507 0.034656 -0.049315 0.036868 -0.178355 0.982038
85.199982 -3.463322 -4.673056 0.010332 -0.025689 0.024851 -0.132072 0.990595
85.399981 -3.155447 -4.808313 0.015288 -0.029860 0.015064 -0.091834 0.995213
85.599983 -2.826254 -4.920122 0.038894 -0.039585 0.005108 -0.059478 0.997431
85.799984 -2.498226 -4.986374 0.073042 -0.031254 0.004494 -0.042175 0.998611
85.999986 -2.177336 -5.002855 0.115798 -0.014330 0.003974 -0.038050 0.999165
86.199989 -1.868832 -4.988140 0.157864 -0.010260 0.000545 -0.049204 0.998736
86.399991 -1.551867 -4.960688 0.204221 -0.002751 -0.002009 -0.074089 0.997246
86.599992 -1.233747 -4.927027 0.243367 0.008341 -0.003580 -0.113132 0.993538
86.799993 -0.931446 -4.891136 0.278166 0.023483 -0.003205 -0.167967 0.985508
86.999994 -0.630618 -4.860167 0.308483 0.038194 -0.005484 -0.232120 0.971922
87.199994 -0.332089 -4.838323 0.330472 0.052224 -0.006881 -0.305554 0.950716
87.399994 -0.045492 -4.839866 0.344837 0.066139 -0.015765 -0.383701 0.920951
87.599994 0.220434 -4.879214 0.359149 0.068276 -0.022700 -0.463102 0.883380
87.799994 0.449228 -4.957176 0.368397 0.028666 -0.039528 -0.539550 0.840537
87.999993 0.638371 -5.031294 0.384844 0.073371 -0.018655 -0.603503 0.793759
88.199992 0.780414 -5.110833 0.347154 0.118712 0.010698 -0.659190 0.742470
88.399990 0.868491 -5.247926 0.324104 0.125314 0.008443 -0.717606 0.685030
88.599988 0.900962 -5.468803 0.271958 0.106995 -0.008086 -0.778026 0.619001
88.799989 0.908591 -5.716339 0.237950 0.072171 0.011354 -0.836283 0.543409
88.999984 0.873267 -5.985021 0.180278 0.036633 0.029818 -0.894108 0.445353
89.199988 0.857106 -6.252348 0.120231 -0.054376 0.040026 0.941501 -0.330176
89.399991 0.830733 -6.486112 0.052876 0.050876 0.058383 0.977797 -0.194720
89.599992 0.824758 -6.660254 -0.043096 0.046655 0.024701 0.997215 -0.052688
89.799993 0.898594 -6.785678 -0.075134 -0.053405 -0.018193 0.994028 0.093406
89.999994 0.954865 -6.913930 -0.078516 -0.114327 -0.023561 0.968088 0.221766
90.199994 0.898194 -7.058836 -0.058813 -0.055625 -0.009090 0.954813 0.291813
90.399994 0.772643 -7.175687 -0.014525 0.018702 0.032162 0.945269 0.324165
90.599994 0.658804 -7.230350 0.061306 0.070626 0.044818 0.933055 0.349873
90.799994 0.642653 -7.230560 0.139975 0.046495 0.032470 0.920354 0.386952
90.999994 0.701042 -7.207564 0.199763 0.022597 0.011012 0.890455 0.454377
91.199994 0.794488 -7.182454 0.240254 0.025828 0.009045 0.834861 0.549780
91.399994 0.891485 -7.157428 0.262395 0.024839 0.027454 0.747205 0.663561
91.599993 1.032606 -7.122526 0.262373 0.021599 0.029272 0.635505 0.771240
91.799993 1.205511 -7.066179 0.246582 0.026108 0.018012 0.500292 0.865276
91.999992 1.425624 -7.011633 0.217991 0.035466 0.022658 0.359513 0.932191
92.199987 1.672197 -6.972189 0.189779 0.032422 0.011245 0.220266 0.974836
92.399988 1.918978 -6.955954 0.156898 0.003774 -0.002527 0.086013 0.996284
92.599990 2.168970 -6.923565 0.119033 -0.008413 -0.010059 -0.023059 0.999648
92.799992 2.430400 -6.841645 0.078356 0.028153 -0.001065 -0.105547 0.994015
92.999993 2.714893 -6.761840 0.074179 0.059207 0.017899 -0.165684 0.984237
93.199993 3.037843 -6.755443 0.086071 0.019949 -0.024479 -0.201319 0.979017
93.399993 3.371484 -6.794517 0.097667 -0.017457 -0.061954 -0.206456 0.976337
93.599993 3.669168 -6.800220 0.104185 0.015140 0.010575 -0.189613 0.981685
93.799992 3.956662 -6.768746 0.088975 0.057432 0.026441 -0.154462 0.985974
93.999992 4.263787 -6.757720 0.072061 0.024825 -0.025614 -0.090045 0.995299
94.199992 4.566967 -6.764194 0.052479 0.015164 -0.113414 0.011468 0.993366
94.399992 4.805976 -6.771780 0.009583 0.035693 -0.157313 0.136611 0.977403
94.599988 4.912253 -6.814981 -0.019544 0.043317 -0.015253 0.262320 0.963887
94.799989 4.994075 -6.887039 -0.044051 -0.001833 -0.038118 0.390406 0.919851
94.999992 5.092941 -6.955561 -0.047436 -0.055088 -0.094168 0.505723 0.855770
95.199992 5.142359 -7.006244 -0.050731 -0.049543 -0.068750 0.609301 0.788398
95.399993 5.125761 -7.041797 -0.050476 -0.026272 -0.035025 0.691725 0.720832
95.599993 5.067802 -7.080501 -0.037347 -0.040059 -0.013522 0.749268 0.660916
95.799994 4.986638 -7.103708 -0.017578 -0.068304 -0.004058 0.784486 0.616360
95.999994 4.871407 -7.079831 0.010590 -0.064292 -0.006330 0.802734 0.592828
96.199994 4.714972 -7.002999 0.046819 -0.032381 0.002587 0.805964 0.591073
96.399994 4.534977 -6.886645 0.087555 -0.013960 0.028670 0.791499 0.610338
96.599993 4.368379 -6.735913 0.120861 -0.019093 0.046817 0.762112 0.645468
96.799992 4.235586 -6.546919 0.144752 -0.023185 0.026215 0.719801 0.693298
96.999991 4.133780 -6.323857 0.154414 -0.005281 0.005821 0.665871 0.746026
97.199991 4.046504 -6.088821 0.137039 0.031227 0.035917 0.608350 0.792240
97.399987 3.985117 -5.852008 0.093577 0.027102 0.063897 0.550915 0.831670
97.599989 3.965292 -5.604595 0.043115 0.026990 0.022052 0.484510 0.874091
97.799991 3.989609 -5.332877 -0.006130 0.035421 -0.006303 0.411226 0.910823
97.999990 4.030891 -5.068078 -0.033302 0.065481 0.031931 0.327934 0.941888
98.199990 4.116210 -4.839626 -0.049342 0.011826 0.055764 0.238032 0.969583
98.399990 4.264486 -4.626367 -0.047124 -0.034273 0.028749 0.171871 0.984103
98.599992 4.453890 -4.378479 -0.039998 -0.021560 -0.012479 0.174296 0.984378
98.799991 4.637389 -4.090636 -0.028953 0.004669 -0.027504 0.241886 0.969904
98.999991 4.806577 -3.796682 -0.039332 0.006423 -0.053783 0.352879 0.934100
99.199992 4.939198 -3.514689 -0.028943 -0.012100 -0.024887 0.481205 0.876171
99.399991 5.069998 -3.209867 -0.015594 -0.057911 -0.061098 0.603531 0.792883
99.599991 5.177916 -2.912159 0.001601 -0.022410 -0.037534 0.703749 0.709103
99.799991 5.253925 -2.585444 0.017359 0.020127 -0.006801 0.764496 0.644279
99.999991 5.342462 -2.263071 0.033018 -0.003472 0.000467 0.777691 0.628637
100.199990 5.442092 -1.949931 0.060576 -0.025933 -0.023338 0.759374 0.649719
100.399991 5.520911 -1.651409 0.075426 -0.065589 -0.078588 0.725546 0.680518
100.599990 5.535292 -1.355573 0.079915 -0.066264 -0.082738 0.694270 0.711866
100.799988 5.455166 -1.071066 0.055371 -0.009476 -0.021918 0.672845 0.739398
100.999982 5.365182 -0.787032 0.035305 0.019901 0.041960 0.658063 0.751530
101.199984 5.348666 -0.477426 0.025397 -0.008208 -0.006514 0.655612 0.755025
101.399990 5.373478 -0.149688 0.043423 -0.070009 -0.106170 0.653320 0.746324
101.599990 5.298808 0.162627 0.052655 -0.060190 -0.088627 0.644482 0.757076
101.799984 5.075007 0.448455 0.031314 0.032923 -0.029512 0.614172 0.787932
101.999965 4.829781 0.704113 0.025177 0.072035 0.016551 0.568101 0.819633
102.199836 4.686794 0.934177 0.065535 0.263142 0.073994 0.487278 0.829362
102.399967 4.709467 1.093232 0.165547 0.313303 -0.129449 0.402135 0.850513
102.599964 4.828566 0.937400 0.104525 -0.064671 0.005066 0.462148 0.884427
102.799916 4.919040 0.730384 0.071522 -0.185736 0.103387 0.457628 0.863360
102.999989 4.986483 0.764425 0.066970 -0.082443 -0.133155 0.503239 0.849837
103.199976 4.905019 0.895423 0.041007 0.138437 -0.056514 0.502094 0.851788
103.399758 4.773732 0.880941 0.059536 0.056857 0.081845 0.509077 0.854933
103.599590 4.789699 0.770377 0.104480 -0.103246 0.088044 0.503866 0.853058
103.799987 4.922803 0.775935 0.095631 -0.066174 -0.116533 0.508883 0.850340
103.999976 4.957423 0.846954 0.074272 0.072825 -0.057086 0.507802 0.856490
104.199806 4.880958 0.842920 0.058618 0.025738 0.049643 0.507712 0.859710
104.399808 4.828790 0.786653 0.064963 -0.044716 0.040103 0.502797 0.862315
104.599977 4.858429 0.782410 0.062952 -0.034657 -0.049849 0.501568 0.862985
104.799973 4.888992 0.817020 0.059365 0.024163 -0.040758 0.501839 0.863662
104.999877 4.891454 0.824936 0.062587 0.011050 0.015250 0.501596 0.864897
105.199875 4.885599 0.807738 0.071692 -0.018851 0.013936 0.500608 0.865357
105.399960 4.886329 0.802449 0.079269 -0.018346 -0.019693 0.500084 0.865558
105.599967 4.881516 0.810944 0.081002 -0.001125 -0.027565 0.499969 0.865604
105.799940 4.870526 0.813454 0.083269 0.001888 -0.006109 0.499747 0.866148
105.999934 4.870392 0.807286 0.084112 -0.007403 -0.000026 0.499615 0.866216
106.199954 4.882599 0.805848 0.082605 -0.009897 -0.010602 0.499554 0.866161
106.399960 4.891905 0.809861 0.079619 -0.005170 -0.016772 0.499846 0.865937
106.599958 4.887179 0.811774 0.076611 -0.003169 -0.011060 0.499803 0.866063
