0.800000 -0.000378 -0.000435 -0.000133 0.000026 -0.000047 -0.000075 1.000000
6.450000 -0.031022 0.026194 0.022675 -0.183264 -0.190130 0.030804 0.964010
6.650000 -0.195724 0.204444 -0.012785 0.051988 0.040396 0.016759 0.997690
7.050000 -0.465829 0.459085 -0.081549 -0.098531 -0.168403 0.016270 0.980646
7.450000 -0.972996 0.837810 -0.057415 -0.007839 0.058609 -0.054424 0.996766
7.800000 -1.528560 1.321718 0.041457 0.149973 0.036215 -0.151950 0.976272
8.250000 -1.937040 1.429966 0.242294 -0.027953 0.035867 -0.284288 0.957660
8.650000 -2.244569 1.444484 0.447224 0.085326 0.091622 -0.402149 0.906974
9.050000 -2.355031 1.285358 0.648643 -0.012334 0.009678 -0.505363 0.862765
9.650000 -2.406761 0.799583 0.884533 -0.137607 -0.058046 -0.559467 0.815286
10.050000 -2.282275 0.677295 0.926505 0.000138 -0.007950 -0.538434 0.842630
10.650000 -2.096978 0.800640 0.900737 -0.073416 -0.046313 -0.414812 0.905757
11.050000 -2.067921 1.089430 0.818407 -0.026104 -0.060227 -0.231120 0.970708
11.250000 -2.082311 1.254355 0.774795 -0.070013 -0.058663 -0.106534 0.990105
11.450000 -2.157558 1.474760 0.719486 -0.037306 -0.004289 0.029455 0.998860
11.650000 -2.227844 1.731637 0.656601 -0.000605 -0.012021 0.177759 0.984000
11.850000 -2.305800 2.015309 0.579418 -0.006437 -0.005015 0.332220 0.943167
12.050000 -2.385157 2.322222 0.538475 -0.005205 0.004137 0.470472 0.882390
12.250000 -2.439332 2.635111 0.515510 0.012654 0.008342 0.578091 0.815832
12.650000 -2.559322 3.254318 0.454331 0.004210 -0.009518 0.689683 0.724037
13.000000 -2.694211 3.852722 0.303986 0.025378 0.017662 0.665466 0.745787
13.400000 -2.781635 4.453930 0.013935 0.089346 0.026031 0.521641 0.848075
13.600000 -2.702275 4.710900 -0.091255 0.091333 0.034292 0.404772 0.909199
13.800000 -2.595423 4.896533 -0.141880 0.058598 0.029851 0.284503 0.956417
14.000000 -2.501989 5.026194 -0.127800 0.058573 0.031016 0.165026 0.984060
14.250000 -2.366017 5.145005 -0.085461 0.063598 0.042629 0.046137 0.995997
14.600000 -1.931762 5.336038 0.110161 0.030062 0.062808 -0.110955 0.991383
15.050000 -1.373550 5.385199 0.403915 0.021303 0.027293 -0.158864 0.986693
15.450000 -0.808130 5.379575 0.649848 0.069687 -0.007794 -0.128983 0.989164
15.850000 -0.259053 5.256182 0.708966 0.011561 0.032928 -0.054453 0.997906
16.250000 0.355497 5.088184 0.622786 -0.059015 -0.000570 0.016680 0.998118
16.650000 0.992671 5.057797 0.416650 0.041412 -0.000057 0.034510 0.998546
17.050000 1.594291 4.986295 0.260900 0.008175 -0.025686 -0.019678 0.999443
17.450000 2.132641 4.861213 0.079233 -0.017179 -0.031806 -0.098816 0.994449
17.650000 2.346172 4.865791 0.009836 0.079884 0.100089 -0.124315 0.983944
18.050000 2.977133 4.632516 -0.018150 -0.019752 -0.132420 -0.150697 0.979472
18.400000 3.562358 4.463121 -0.005808 -0.007681 0.049470 -0.119744 0.991542
18.650000 3.842486 4.445056 0.085008 0.013072 -0.123810 -0.070548 0.989709
19.000000 4.195993 4.423767 0.229276 -0.049433 0.032805 0.057478 0.996582
19.400000 4.445858 4.566456 0.333346 0.049257 -0.173686 0.186981 0.965632
19.800000 4.413845 4.583625 0.337095 -0.044281 0.032593 0.206020 0.977002
20.000000 4.379917 4.580010 0.347731 -0.057697 -0.078217 0.178153 0.979191
20.400000 4.142797 4.684684 0.295503 0.032895 0.021344 0.050164 0.997971
20.800000 3.776199 4.713499 0.235759 0.025636 -0.061922 -0.156979 0.985325
21.000000 3.582654 4.752891 0.190335 0.043727 -0.012711 -0.275996 0.960080
21.200000 3.352628 4.785325 0.158785 0.037499 0.037734 -0.400626 0.914696
21.400000 3.143205 4.751390 0.138519 0.041207 0.036785 -0.518038 0.853572
21.600000 2.961210 4.647418 0.120684 0.047683 0.039310 -0.630910 0.773391
21.850000 2.781410 4.523457 0.092361 0.028487 0.046161 -0.728052 0.683373
22.050000 2.603549 4.390718 0.061704 0.012308 0.058953 -0.812565 0.579751
22.200000 2.447606 4.225286 0.036292 0.000986 -0.074103 0.870586 -0.486403
22.650000 2.211710 3.749548 0.008857 0.013287 -0.066323 0.896745 -0.437347
23.000000 2.090718 3.145988 0.016345 -0.052107 -0.021201 -0.804326 0.591519
23.250000 2.087521 2.884074 -0.002077 -0.095791 -0.022891 -0.706507 0.700819
23.450000 2.126509 2.674805 -0.031731 -0.064793 0.031463 -0.586221 0.806943
23.650000 2.195343 2.502415 -0.029093 -0.005319 0.073423 -0.441681 0.894147
23.850000 2.344590 2.325920 0.019509 -0.000697 -0.013540 -0.271640 0.962303
24.050000 2.529686 2.147976 0.058610 0.067537 0.051623 -0.097308 0.991617
24.250000 2.730067 1.927435 0.129158 0.027066 0.031587 0.064187 0.997071
24.450000 2.970379 1.691958 0.221156 -0.020740 0.043705 0.207960 0.976940
24.650000 3.223984 1.495035 0.361142 0.012375 0.046918 0.341101 0.938773
24.850000 3.561016 1.290563 0.484356 -0.117697 -0.106190 0.454609 0.876471
25.050000 3.815550 1.102163 0.642235 -0.083915 0.045419 0.519445 0.849160
25.200000 3.965630 1.000131 0.761117 0.020995 0.115718 0.558288 0.821269
25.600000 4.640891 0.857105 0.935565 -0.114374 -0.055949 0.602028 0.788258
25.850000 4.908371 0.877984 0.954256 0.006977 -0.161911 0.641222 0.750047
26.050000 5.062252 0.830666 0.925556 0.065315 -0.042196 0.670509 0.737815
26.400000 5.299591 0.528862 0.744584 -0.061205 -0.066172 0.665193 0.741211
26.850000 5.400155 0.207384 0.436393 0.002683 0.028941 0.538979 0.841817
27.050000 5.401845 0.022331 0.275839 -0.051326 -0.007796 0.431687 0.900528
27.250000 5.419454 -0.082044 0.170232 -0.056421 -0.086150 0.320499 0.941634
27.400000 5.360687 -0.123029 0.075735 -0.027808 -0.069580 0.224534 0.971581
28.050000 4.771939 -0.260485 -0.017393 -0.062406 -0.086983 0.237303 0.965519
28.250000 4.489544 -0.243121 0.000173 -0.040810 -0.012743 0.334074 0.941577
28.400000 4.179167 -0.173076 0.056235 -0.029989 0.003317 0.459928 0.887443
28.650000 3.903805 -0.081603 0.110957 -0.028811 -0.034570 0.593719 0.803413
28.850000 3.634948 0.002636 0.169930 -0.019929 -0.026478 0.721565 0.691553
29.000000 3.366399 0.068396 0.233563 -0.000590 -0.006726 0.823735 0.566934
29.250000 3.055640 0.129168 0.292075 0.010915 0.007097 0.901140 0.433332
29.450000 2.708033 0.212695 0.357183 0.012620 0.000260 0.952455 0.304418
29.600000 2.343429 0.305758 0.409779 -0.009090 -0.013914 0.981812 0.189124
30.050000 1.608323 0.459679 0.554518 -0.002817 -0.004072 0.999093 0.042296
30.450000 0.888852 0.579359 0.698693 -0.003306 -0.036147 0.998702 0.035737
30.850000 0.202958 0.592165 0.812265 0.005400 -0.047898 0.996862 0.062786
31.250000 -0.392887 0.469732 0.859444 -0.009341 0.025025 0.986815 0.159631
31.650000 -0.994020 0.376352 0.892989 0.010695 -0.024463 0.952650 0.302894
32.050000 -1.618465 0.265938 0.858969 -0.033696 0.069576 0.928735 0.362594
32.450000 -1.997899 0.325297 0.550894 0.076140 -0.082470 0.948028 0.297731
32.850000 -2.508696 0.224751 0.638643 0.035975 0.057684 0.899926 0.430711
33.050000 -2.580484 0.215484 0.668103 -0.287356 -0.141639 0.834744 0.447848
33.200000 -2.890606 0.201898 0.648722 -0.112932 -0.056674 0.888471 0.441196
33.450000 -3.386660 0.227808 0.543875 0.183094 -0.027303 0.938314 0.292060
33.650000 -3.694137 0.185910 0.510409 0.069820 0.072207 0.985591 0.136092
33.850000 -3.794065 0.150857 0.474953 -0.032273 0.067500 0.997096 0.014239
34.050000 -3.919004 0.175980 0.438236 0.197935 -0.065064 0.974167 -0.087109
34.400000 -3.832519 0.162184 0.422133 -0.045918 -0.068391 0.985906 -0.145612
34.600000 -3.634800 0.062235 0.479932 -0.283247 0.081650 0.942619 -0.156760
34.800000 -3.660063 -0.020138 0.468686 -0.090958 0.108100 0.978151 -0.152517
35.000000 -3.806224 0.005655 0.434843 0.091971 -0.015261 0.983039 -0.157933
35.400000 -3.780981 0.151867 0.452795 -0.067596 -0.035739 0.984282 -0.159192
