0.799989 -0.000378 -0.000435 -0.000133 0.000026 -0.000047 -0.000075 1.000000
0.999989 -0.001182 -0.000578 -0.000349 0.000043 -0.000129 -0.000170 1.000000
1.199989 -0.001968 -0.000702 -0.000641 0.000046 -0.000156 -0.000215 1.000000
1.399989 -0.002423 -0.000698 -0.000801 0.000054 -0.000191 -0.000222 1.000000
1.599989 -0.002780 -0.000682 -0.000840 0.000058 -0.000230 -0.000242 1.000000
1.799989 -0.002763 -0.000590 -0.000719 0.000032 -0.000225 -0.000236 1.000000
1.999989 -0.003107 -0.000586 -0.000693 0.000025 -0.000259 -0.000278 1.000000
2.199989 -0.003023 -0.000561 -0.000609 0.000015 -0.000236 -0.000263 1.000000
2.399989 -0.002970 -0.000563 -0.000617 0.000019 -0.000245 -0.000263 1.000000
2.599989 -0.002807 -0.000570 -0.000636 0.000021 -0.000231 -0.000251 1.000000
2.799989 -0.002661 -0.000580 -0.000643 0.000025 -0.000223 -0.000245 1.000000
2.999989 -0.002647 -0.000601 -0.000625 0.000024 -0.000223 -0.000245 1.000000
3.199989 -0.002586 -0.000587 -0.000583 0.000019 -0.000214 -0.000239 1.000000
3.399989 -0.002739 -0.000573 -0.000601 0.000019 -0.000228 -0.000251 1.000000
3.599989 -0.002884 -0.000572 -0.000638 0.000019 -0.000231 -0.000256 1.000000
3.799989 -0.002890 -0.000583 -0.000667 0.000020 -0.000229 -0.000253 1.000000
3.999989 -0.002864 -0.000593 -0.000672 0.000021 -0.000231 -0.000252 1.000000
4.199989 -0.002800 -0.000599 -0.000644 0.000021 -0.000230 -0.000251 1.000000
4.399989 -0.002782 -0.000592 -0.000625 0.000021 -0.000230 -0.000250 1.000000
4.599989 -0.002772 -0.000578 -0.000621 0.000020 -0.000228 -0.000251 1.000000
4.799989 -0.002794 -0.000576 -0.000629 0.000020 -0.000230 -0.000253 1.000000
4.999989 -0.002856 -0.000579 -0.000650 0.000020 -0.000233 -0.000254 1.000000
5.199989 -0.002903 -0.000590 -0.000666 0.000021 -0.000234 -0.000255 1.000000
5.399989 -0.002806 -0.000585 -0.000648 0.000020 -0.000227 -0.000248 1.000000
5.599989 -0.002821 -0.000581 -0.000646 0.000021 -0.000233 -0.000253 1.000000
5.799989 -0.002876 -0.000583 -0.000650 0.000020 -0.000234 -0.000255 1.000000
5.999989 -0.002943 -0.000597 -0.000660 0.000021 -0.000237 -0.000258 1.000000
6.199991 -0.002813 -0.003728 0.009103 -0.080470 -0.068751 0.002946 0.994379
6.399994 -0.035986 0.032488 0.026155 -0.158093 -0.172466 0.028056 0.971841
6.599989 -0.194467 0.203387 -0.001290 0.014754 0.023767 0.013125 0.999522
6.799987 -0.383748 0.380750 -0.066299 -0.002610 0.035347 0.005993 0.999354
6.999991 -0.516731 0.532965 -0.068639 -0.024152 -0.124598 0.000711 0.991913
7.199985 -0.719774 0.701326 -0.029974 0.137256 -0.056136 -0.000892 0.988943
7.399985 -1.008331 0.816204 0.010217 0.073261 0.019170 -0.012864 0.997046
7.599988 -1.285696 0.818647 0.069821 -0.006328 -0.018198 -0.031392 0.999321
7.799988 -1.556444 0.816512 0.177337 0.002874 0.029947 -0.048376 0.998376
7.999988 -1.814822 0.848760 0.301329 0.060600 0.074554 -0.064528 0.993280
8.199988 -2.022497 0.847669 0.426626 0.063747 0.059287 -0.081598 0.992856
8.399990 -2.180751 0.765631 0.534498 -0.017835 0.008961 -0.098179 0.994969
8.599992 -2.318870 0.663328 0.604822 -0.206642 0.036017 -0.107834 0.971789
8.799990 -2.422866 0.689484 0.693617 -0.088734 0.081777 -0.132631 0.983792
8.999989 -2.467670 0.835881 0.718225 0.024376 0.050328 -0.136721 0.989030
9.199989 -2.458139 0.981403 0.730495 0.031385 0.026374 -0.133853 0.990153
9.399989 -2.424302 1.059430 0.750838 -0.056943 -0.009463 -0.119330 0.991175
9.599991 -2.373217 1.142479 0.782234 -0.092157 -0.052048 -0.096517 0.989688
9.799989 -2.349014 1.343089 0.808811 0.017338 -0.006003 -0.080854 0.996557
9.999990 -2.344645 1.557164 0.810875 -0.059647 -0.005429 -0.058372 0.996497
10.199991 -2.342021 1.810357 0.770450 -0.072632 -0.042323 -0.012146 0.996386
10.399992 -2.356856 2.111204 0.708059 -0.014489 -0.029033 0.064670 0.997379
10.599992 -2.391784 2.400713 0.661674 0.006873 -0.005466 0.171206 0.985196
10.799993 -2.425800 2.690804 0.625586 -0.001045 -0.016776 0.296791 0.954795
10.999994 -2.454480 2.983249 0.593035 -0.019903 -0.048837 0.435630 0.898580
11.199994 -2.512230 3.273843 0.527584 -0.038315 -0.036014 0.573521 0.817501
11.399993 -2.607621 3.570022 0.433681 -0.031488 -0.019568 0.699656 0.713517
11.599990 -2.738250 3.859346 0.298812 0.039851 0.027815 0.796624 0.602519
11.799986 -2.845228 4.169042 0.145406 0.106898 0.046678 0.858013 0.500207
11.999986 -2.850322 4.479703 -0.013736 0.039830 -0.002523 0.900010 0.434037
12.199989 -2.800094 4.770154 -0.114198 -0.094698 -0.136178 0.903750 0.394618
12.399988 -2.849883 4.990530 -0.145269 -0.099636 -0.111585 0.916900 0.370021
12.599989 -3.068090 5.134302 -0.139740 0.102099 -0.041654 0.941540 0.318343
12.799989 -3.268137 5.225636 -0.116658 0.162594 0.024943 0.955561 0.244629
12.999976 -3.313195 5.289805 -0.114011 -0.010080 0.041118 0.989656 0.137074
13.199939 -3.292148 5.429855 -0.095831 -0.245528 -0.072945 0.966147 0.030890
13.399970 -3.437325 5.538166 -0.026611 -0.120685 -0.126943 0.980980 -0.083657
13.599992 -3.749969 5.483650 -0.000424 0.178634 -0.057322 0.960210 -0.206884
13.799993 -3.957714 5.383821 0.046170 0.259446 -0.002269 0.915378 -0.307840
13.999989 -3.916241 5.368328 0.062826 0.034283 0.008102 0.918833 -0.393070
14.199988 -3.779305 5.414202 0.091192 -0.100591 0.032270 0.869142 -0.483149
14.399990 -3.705072 5.444928 0.140801 -0.021273 -0.034380 0.821228 -0.569166
14.599993 -3.702022 5.433108 0.170434 -0.074567 0.067485 -0.763021 0.638502
14.799993 -3.635253 5.395546 0.201612 -0.040051 0.064169 -0.711281 0.698826
14.999993 -3.484154 5.331054 0.211755 0.056759 -0.001655 -0.663730 0.745814
15.199993 -3.315820 5.236151 0.231218 0.059352 -0.031306 -0.624397 0.778219
15.399994 -3.186837 5.121464 0.238519 0.030544 0.000343 -0.599724 0.799624
15.599994 -3.093515 5.001086 0.237574 0.022709 0.041885 -0.593444 0.803464
15.799994 -2.990072 4.857017 0.225000 0.046241 0.018063 -0.603440 0.795861
15.999993 -2.882262 4.671099 0.211045 0.065644 -0.032656 -0.636766 0.767563
16.199992 -2.815793 4.456689 0.192353 0.050968 -0.041341 -0.688119 0.722624
16.399991 -2.818146 4.242496 0.175418 0.031599 -0.031961 -0.749107 0.660922
16.599989 -2.862184 4.054470 0.160642 0.037923 -0.036825 -0.808586 0.585999
16.799984 -2.926389 3.887691 0.145649 0.045044 -0.048458 -0.858427 0.508651
16.999978 -3.032020 3.736702 0.127759 0.033868 -0.041878 -0.897539 0.437634
17.199970 -3.187167 3.593715 0.112431 -0.020611 0.036964 0.922823 -0.382892
17.399957 -3.370669 3.465376 0.099148 -0.023061 0.056153 0.931869 -0.357681
17.599937 -3.574271 3.370773 0.089215 -0.045835 0.040694 0.926229 -0.371944
17.799955 -3.825551 3.324237 0.092119 -0.056008 -0.029267 0.902467 -0.426098
17.999987 -4.122832 3.254941 0.108703 0.052851 -0.061855 0.857187 -0.508538
18.199990 -4.383357 3.155267 0.108605 -0.053913 0.085662 -0.796295 0.596381
18.399988 -4.552838 3.033191 0.106760 0.016116 0.084211 -0.735914 0.671624
18.599988 -4.668281 2.853210 0.108004 0.042712 0.067220 -0.678909 0.729890
18.799989 -4.777966 2.603941 0.111440 -0.001969 0.045037 -0.643259 0.764320
18.999990 -4.883403 2.333828 0.108620 -0.031141 0.081798 -0.625256 0.775496
19.199990 -4.931603 2.052197 0.100988 0.007933 0.051626 -0.622839 0.780605
19.399990 -4.924136 1.749075 0.093708 0.020830 0.000302 -0.626817 0.778888
19.599991 -4.912870 1.427077 0.090113 -0.008332 -0.012942 -0.636335 0.771259
19.799992 -4.914982 1.125105 0.084528 -0.022618 -0.009106 -0.646826 0.762248
19.999993 -4.929453 0.846204 0.074828 -0.002672 0.035728 -0.651067 0.758174
20.199993 -4.935226 0.564030 0.080261 0.016371 0.033826 -0.647028 0.761539
20.399993 -4.931227 0.253098 0.096242 -0.004152 0.013434 -0.642208 0.766401
20.599992 -4.918583 -0.070046 0.100527 -0.000531 -0.005467 -0.643504 0.765423
20.799991 -4.903837 -0.366077 0.084586 0.021929 0.002538 -0.655932 0.754497
20.999992 -4.901361 -0.657486 0.085192 -0.007096 0.010986 -0.678271 0.734695
21.199993 -4.900900 -0.964710 0.070181 -0.039199 -0.016212 -0.693457 0.719248
21.399993 -4.892843 -1.240528 0.070716 -0.020285 0.004514 -0.684348 0.728860
21.599992 -4.872051 -1.468084 0.043693 0.054692 0.088517 -0.672082 0.733130
21.799993 -4.829665 -1.761015 0.050979 0.010382 -0.013190 -0.733673 0.679295
21.999994 -4.783277 -2.069790 0.023085 -0.003939 -0.107400 -0.846649 0.521187
22.199993 -4.792082 -2.276469 0.001150 -0.003272 -0.085466 -0.942991 0.321641
22.399993 -4.886048 -2.482243 -0.024348 0.005232 0.031377 0.993775 -0.106771
22.599990 -4.971332 -2.650177 -0.025311 -0.010277 0.010015 0.997993 0.061671
22.799986 -5.046676 -2.776802 -0.027169 -0.051425 0.019231 0.984002 0.169487
22.999984 -5.158432 -2.868513 -0.027030 -0.084348 0.042167 0.967690 0.233846
23.199987 -5.351949 -2.913851 -0.009622 -0.047238 0.031007 0.955409 0.289829
23.399990 -5.605892 -2.915818 0.037458 0.020166 0.019213 0.934400 0.355135
23.599991 -5.871322 -2.914017 0.095528 0.071685 0.040292 0.897012 0.434288
23.799989 -6.055639 -2.931505 0.179162 -0.005632 0.097887 0.855453 0.508513
23.999992 -6.180078 -2.868097 0.277731 -0.017153 0.032031 0.815208 0.578027
24.199993 -6.295872 -2.739654 0.356088 -0.072997 0.001249 0.777373 0.624789
24.399993 -6.461282 -2.580227 0.420910 -0.040831 0.027890 0.745437 0.664740
24.599993 -6.678601 -2.386508 0.444902 0.067886 0.103153 0.714241 0.688920
24.799992 -6.846431 -2.175473 0.427243 0.108742 0.176828 0.686252 0.697112
24.999993 -6.841128 -1.916605 0.349164 -0.021074 0.069524 0.672678 0.736361
25.199994 -6.760062 -1.575901 0.282640 0.106974 -0.152162 0.622997 0.759788
25.399994 -6.728848 -1.301928 0.204032 0.162092 -0.104928 0.577286 0.793383
25.599994 -6.753940 -1.221492 0.110713 -0.038098 0.124500 0.550044 0.824924
25.799994 -6.721870 -1.159034 0.066221 -0.180052 0.100340 0.500822 0.840649
25.999994 -6.647428 -0.940187 0.046694 0.039943 -0.169102 0.500553 0.848090
26.199994 -6.666155 -0.710708 0.036530 0.181662 -0.180777 0.458556 0.850908
26.399994 -6.782355 -0.681227 0.003799 0.199070 0.066744 0.470579 0.857013
26.599994 -6.798851 -0.836704 -0.073614 -0.048468 0.139253 0.455800 0.877785
26.799994 -6.666413 -0.965021 -0.122202 -0.060874 -0.079887 0.405346 0.908629
26.999994 -6.582648 -1.013887 -0.121953 0.156604 -0.136811 0.321817 0.923684
27.199994 -6.639377 -1.145258 -0.072655 0.135459 0.090759 0.247794 0.954993
27.399994 -6.684978 -1.415596 -0.040452 -0.176052 0.105189 0.144829 0.967970
27.599994 -6.620500 -1.602655 -0.021339 -0.196778 -0.125616 0.093135 0.967897
27.799993 -6.613057 -1.591347 -0.036959 0.045271 -0.030664 0.033905 0.997928
27.999993 -6.685412 -1.535653 -0.028317 0.035711 0.145628 0.053072 0.987269
28.199994 -6.679185 -1.515872 -0.033934 -0.083011 0.013201 0.106237 0.990782
28.399994 -6.617041 -1.449644 -0.044298 -0.091631 -0.052533 0.204528 0.973146
28.599994 -6.614028 -1.283714 -0.052177 0.014000 0.001034 0.321838 0.946691
28.799994 -6.643647 -1.108661 -0.052171 -0.001535 0.059237 0.457410 0.887279
28.999994 -6.662891 -0.919862 -0.049031 -0.062011 0.058685 0.587160 0.804956
29.199993 -6.662634 -0.663566 -0.048590 -0.049453 -0.008464 0.698897 0.713460
29.399993 -6.668349 -0.372918 -0.015183 0.068834 -0.132953 0.794185 0.588944
29.599993 -6.692973 -0.142979 -0.031729 0.143377 -0.127508 0.870392 0.453434
29.799988 -6.659975 -0.044801 -0.071375 0.007017 0.071850 0.937608 0.340117
29.999987 -6.587856 0.019559 -0.092851 -0.126339 0.207909 0.951555 0.188027
30.199989 -6.588943 0.247633 -0.104642 -0.108818 0.093619 0.980872 0.131468
30.399991 -6.710655 0.680314 -0.130249 0.065823 -0.067442 0.988336 0.119631
30.599993 -6.847226 1.104342 -0.102599 0.142349 -0.123973 0.974372 0.122334
30.799992 -6.862521 1.433764 -0.067813 0.038098 -0.050947 0.985554 0.156957
30.999991 -6.784426 1.678217 -0.042891 -0.048678 -0.036038 0.977129 0.203838
31.199992 -6.723427 1.858366 -0.011317 -0.017341 -0.049879 0.971291 0.231959
31.399992 -6.724323 1.981131 0.024496 0.057816 -0.078857 0.964322 0.246012
31.599992 -6.739220 2.027639 0.060140 0.058802 -0.082643 0.962422 0.251906
31.799992 -6.741156 1.997157 0.083489 0.007198 -0.064045 0.967071 0.246211
31.999992 -6.746443 1.917404 0.101717 -0.004060 -0.061178 0.974315 0.216682
32.199992 -6.763658 1.807627 0.114509 0.019300 -0.068306 0.983995 0.163447
32.399992 -6.775821 1.672399 0.121273 0.021712 -0.069755 0.992870 0.094191
32.599993 -6.772498 1.501783 0.129587 0.004607 -0.059499 0.998194 0.006900
32.799993 -6.765022 1.291844 0.134922 -0.002718 -0.047302 0.994180 -0.096758
32.999994 -6.767790 1.054888 0.138415 0.008644 -0.043755 0.976507 -0.210821
33.199994 -6.765500 0.790093 0.142492 0.010173 -0.044213 0.942646 -0.330696
33.399994 -6.738596 0.492893 0.140038 -0.006238 -0.026189 0.890863 -0.453474
33.599994 -6.686855 0.154641 0.135602 -0.013447 -0.004580 0.819446 -0.572980
33.799993 -6.653058 -0.203021 0.135224 0.003881 -0.005286 -0.735096 0.677931
33.999992 -6.633376 -0.565961 0.140527 -0.004365 -0.000490 -0.637887 0.770117
34.199992 -6.622497 -0.919244 0.133789 -0.015148 0.010542 -0.530272 0.847627
34.399992 -6.618526 -1.251863 0.115178 -0.020948 0.015275 -0.422306 0.906083
34.599992 -6.588266 -1.573444 0.090562 -0.037411 0.018245 -0.301943 0.952417
34.799992 -6.513469 -1.787551 0.072445 -0.055991 0.027091 -0.180149 0.981671
34.999992 -6.417152 -1.936435 0.050338 -0.047373 0.035615 -0.066896 0.995998
35.199993 -6.288174 -2.043867 0.026146 -0.044470 0.035492 0.045641 0.997336
35.399994 -6.130050 -2.141731 0.005363 -0.047882 0.033909 0.152989 0.986485
35.599994 -5.956354 -2.240497 -0.014016 -0.043837 0.027920 0.250846 0.966631
35.799994 -5.781270 -2.330255 -0.031937 -0.023257 0.017221 0.338097 0.940666
35.999994 -5.605784 -2.399209 -0.034116 0.059084 -0.037282 0.402117 0.912919
36.199994 -5.443115 -2.479381 -0.039536 0.047481 -0.030138 0.427496 0.902266
36.399994 -5.289988 -2.582560 -0.038012 0.027039 -0.080568 0.395515 0.914519
36.599994 -5.170636 -2.707105 -0.028353 0.028640 -0.085099 0.314075 0.945143
36.799993 -5.142861 -2.857367 -0.015933 0.052352 0.010475 0.190786 0.980179
36.999992 -5.133846 -3.054094 -0.013121 0.030752 0.021922 0.031755 0.998782
37.199989 -5.103614 -3.332963 -0.004226 0.057363 0.001214 -0.148402 0.987261
37.399988 -5.052467 -3.657979 -0.009188 0.034588 0.006550 -0.317310 0.947668
37.599989 -4.991203 -4.043299 -0.008239 0.017177 -0.039176 -0.471648 0.880748
37.799992 -4.974697 -4.356150 -0.005303 0.010746 -0.024469 -0.591630 0.805766
37.999992 -5.026718 -4.636059 0.019997 -0.014156 0.046688 -0.683338 0.728470
38.199991 -5.065928 -4.908258 0.025164 -0.013785 0.055855 -0.737685 0.672689
38.399990 -5.053946 -5.213882 0.027798 0.008766 -0.000445 -0.770118 0.637841
38.599991 -5.030929 -5.534100 0.017605 0.023127 -0.022012 -0.818348 0.573835
38.799991 -5.038842 -5.813045 0.018499 -0.005723 0.032377 -0.898225 0.438304
38.999992 -5.049250 -6.075761 0.007116 0.057517 -0.043435 0.956653 -0.282169
39.199994 -5.010109 -6.384640 0.011321 -0.080952 0.024465 0.985377 -0.147919
39.399994 -4.994138 -6.705379 0.020045 -0.124010 -0.013624 0.990055 -0.065017
39.599994 -5.096659 -7.022758 0.009024 -0.048217 -0.002827 0.998815 -0.005980
39.799994 -5.280369 -7.320356 0.019275 0.188827 0.159227 0.968986 0.007514
39.999994 -5.415471 -7.504393 0.085920 0.299775 0.202900 0.931680 0.030655
40.199994 -5.246412 -7.520846 0.071517 0.007208 0.046279 0.998870 0.008012
40.399994 -4.933855 -7.415506 0.029929 -0.176987 -0.084906 0.976994 0.083358
40.599994 -4.783964 -7.367360 0.022511 -0.108705 -0.053500 0.973465 0.194133
40.799994 -4.855342 -7.406021 -0.032954 0.045888 0.082594 0.948374 0.302753
40.999994 -4.953431 -7.425944 -0.055466 0.020439 0.133303 0.894017 0.427253
41.199994 -4.971569 -7.339842 -0.075978 -0.051818 0.036969 0.821561 0.566556
41.399994 -4.946963 -7.145763 -0.075995 -0.005729 -0.057504 0.725905 0.685363
41.599994 -4.950036 -6.929716 -0.076588 0.033186 -0.010529 0.627771 0.777619
41.799994 -4.986602 -6.727571 -0.079681 -0.013830 0.095759 0.523253 0.846667
41.999994 -4.988806 -6.489462 -0.059612 -0.026949 0.052215 0.428992 0.901395
42.199994 -4.948541 -6.194675 -0.036078 0.044401 -0.001649 0.342782 0.938364
42.399993 -4.914436 -5.887796 -0.012111 0.057060 0.009577 0.265993 0.962237
42.599992 -4.868442 -5.630683 0.009157 0.005259 -0.004572 0.203487 0.979053
42.799991 -4.826681 -5.384968 0.027590 0.081725 0.064705 0.154010 0.982555
42.999987 -4.740164 -5.170903 0.035654 0.115427 0.100407 0.117596 0.981207
43.199990 -4.553664 -5.033207 0.026307 0.036331 0.023607 0.079004 0.995932
43.399988 -4.327656 -4.922882 0.025606 0.044639 0.024855 0.053661 0.997251
43.599982 -4.108783 -4.814047 0.027517 0.067653 0.093304 0.038814 0.992578
43.799980 -3.837572 -4.737873 0.031957 0.040109 0.051147 0.023368 0.997612
43.999979 -3.512842 -4.689465 0.029792 0.049590 -0.026880 0.011738 0.998339
44.199973 -3.192935 -4.672924 0.030381 0.046460 -0.027771 0.007833 0.998503
44.399978 -2.903761 -4.693803 0.026051 0.017325 0.013228 0.010366 0.999709
44.599980 -2.625782 -4.728593 0.022614 0.011277 0.046485 0.016344 0.998722
44.799987 -2.347209 -4.761083 0.028299 -0.031389 0.013483 0.023928 0.999130
44.999989 -2.043678 -4.767514 0.033007 0.017360 -0.012990 0.036477 0.999099
45.199990 -1.741850 -4.761661 0.056267 0.051919 -0.004825 0.046566 0.997553
45.399990 -1.444354 -4.784607 0.061420 0.038941 0.014577 0.054209 0.997664
45.599990 -1.146613 -4.833506 0.039324 -0.005357 0.017518 0.055978 0.998264
45.799991 -0.841019 -4.872531 0.018318 0.021395 0.001385 0.051151 0.998461
45.999992 -0.541343 -4.904523 -0.013605 -0.002364 0.002337 0.026933 0.999632
46.199992 -0.256913 -4.954280 -0.001468 -0.094798 0.003267 -0.016289 0.995358
46.399993 0.023341 -4.919550 0.025109 0.120559 -0.031650 -0.066953 0.989940
46.599994 0.287012 -4.921477 0.051277 0.154928 -0.054972 -0.130319 0.977749
46.799994 0.479809 -5.077384 0.044810 -0.108379 -0.108846 -0.202355 0.967191
46.999994 0.630212 -5.162516 0.023223 -0.021171 -0.025820 -0.286619 0.957462
47.199994 0.733602 -5.134923 0.013213 0.104219 0.070394 -0.392539 0.911096
47.399992 0.852985 -5.168733 0.013360 0.161427 0.035187 -0.514034 0.841708
47.599991 0.965068 -5.369442 -0.002566 0.119326 -0.102361 -0.646813 0.746268
47.799990 0.952136 -5.642299 -0.041791 0.007233 -0.055187 -0.767865 0.638190
47.999991 0.835427 -5.840460 -0.091674 -0.062992 0.042631 -0.852827 0.516624
48.199988 0.721340 -6.014430 -0.107246 0.007247 0.051186 -0.925160 0.376040
48.399991 0.675578 -6.217982 -0.077604 0.024286 0.024148 0.968988 -0.244721
48.599990 0.693394 -6.423333 -0.031425 -0.067261 0.037422 0.988649 -0.129030
48.799991 0.685771 -6.587812 0.025756 -0.083720 0.005224 0.996246 -0.021387
48.999993 0.578889 -6.741093 0.092256 0.085920 0.006726 0.993031 0.080389
49.199994 0.480942 -6.886466 0.098504 0.174875 0.040404 0.966083 0.185662
49.399994 0.518646 -7.029910 0.094967 0.073113 0.051987 0.953433 0.287954
49.599994 0.662723 -7.152852 0.091049 -0.031769 0.035704 0.914404 0.401971
49.799994 0.788295 -7.225421 0.087843 -0.019224 0.016435 0.845061 0.534071
49.999994 0.889616 -7.240722 0.090192 0.053685 0.060571 0.741311 0.666264
50.199993 1.045921 -7.244278 0.100429 0.036744 0.095146 0.610440 0.785468
50.399993 1.272355 -7.246214 0.106406 -0.038531 0.070651 0.453720 0.887503
50.599992 1.548782 -7.203869 0.142621 -0.027854 0.015190 0.293836 0.955329
50.799987 1.812423 -7.106722 0.161840 0.036511 0.014058 0.143329 0.988902
50.999989 2.096134 -6.974515 0.150086 0.016606 0.006541 0.016856 0.999699
51.199991 2.396390 -6.845966 0.116103 0.037808 -0.002962 -0.076299 0.996363
51.399992 2.634185 -6.765715 0.114122 0.074458 0.021524 -0.134801 0.987837
51.599993 2.907223 -6.779229 0.143218 0.011087 0.007044 -0.169529 0.985438
51.799993 3.212014 -6.836940 0.151038 -0.026933 -0.051218 -0.180714 0.981832
51.999993 3.502323 -6.842281 0.134176 -0.000945 -0.045648 -0.179885 0.982628
52.199993 3.740880 -6.800721 0.082206 -0.067445 -0.131187 -0.167285 0.974811
52.399993 3.911835 -6.700370 0.004153 -0.054264 -0.097736 -0.147329 0.982750
52.599993 3.964966 -6.541463 -0.060789 -0.014592 0.030316 -0.131294 0.990772
52.799993 4.052871 -6.376553 -0.108569 -0.017101 -0.068113 -0.099884 0.992518
52.999993 4.121169 -6.204741 -0.129995 -0.057347 -0.092893 -0.064714 0.991914
53.199993 4.100051 -5.983398 -0.124233 -0.049815 0.016101 -0.037868 0.997910
53.399991 4.062216 -5.701013 -0.121425 -0.002009 0.049991 -0.011997 0.998676
53.599992 4.073881 -5.419548 -0.105368 0.067111 -0.041301 0.003713 0.996883
53.799992 4.074586 -5.184032 -0.102916 0.081844 -0.024303 0.017336 0.996198
53.999991 4.032279 -5.016390 -0.092372 0.031429 0.158764 0.030940 0.986331
54.199992 4.087046 -4.867094 -0.102890 0.028717 0.098378 0.015480 0.994614
54.399993 4.280065 -4.705954 -0.118786 -0.024171 -0.058718 -0.004910 0.997970
54.599993 4.431909 -4.543661 -0.104389 -0.089398 -0.007333 -0.019607 0.995776
54.799992 4.528169 -4.316107 -0.101074 -0.025622 0.081511 -0.017100 0.996196
54.999991 4.670314 -4.047991 -0.100516 -0.001063 0.026289 0.023014 0.999389
55.199990 4.861642 -3.778126 -0.109751 -0.026804 -0.065658 0.090344 0.993382
55.399988 4.993941 -3.512600 -0.094652 0.000275 0.013771 0.177352 0.984051
55.599986 5.103450 -3.239222 -0.090212 0.022095 0.027396 0.287409 0.957161
55.799986 5.237398 -2.955473 -0.074720 0.020665 0.023745 0.414336 0.909579
55.999989 5.382454 -2.639178 -0.035263 -0.002801 -0.006134 0.540249 0.841479
56.199990 5.527972 -2.278507 0.003334 -0.014472 -0.093138 0.646991 0.756650
56.399992 5.636428 -1.966041 -0.001382 0.009294 -0.125099 0.742945 0.657492
56.599992 5.638734 -1.786874 0.020511 0.030243 -0.039437 0.837901 0.543555
56.799989 5.622655 -1.628064 0.015454 -0.051887 0.092699 0.904651 0.412700
56.999990 5.649127 -1.413958 0.063220 -0.072380 0.039113 0.943541 0.320876
57.199987 5.618357 -1.127993 0.105584 -0.044044 -0.014193 0.960286 0.275152
57.399988 5.495741 -0.810463 0.159837 0.019390 -0.027098 0.958420 0.283411
57.599988 5.352922 -0.492040 0.187246 -0.020705 -0.021141 0.939416 0.341500
57.799988 5.232032 -0.175338 0.173727 -0.067620 -0.019818 0.899545 0.431108
57.999986 5.058051 0.133989 0.169930 -0.037947 -0.037531 0.847301 0.528425
58.199984 4.812552 0.401637 0.181951 -0.018215 -0.031330 0.777385 0.627981
58.399979 4.522905 0.658763 0.181177 0.011445 0.015087 0.714679 0.699196
58.599971 4.231600 0.944667 0.164391 0.053593 0.069576 0.663105 0.743356
58.799889 4.040947 1.259672 0.142991 0.033526 0.027815 0.625028 0.779386
58.999990 3.938154 1.586575 0.117939 -0.102339 -0.164754 0.594845 0.780091
59.199984 3.701854 1.887396 0.088751 -0.005448 -0.082174 0.596897 0.798080
59.399886 3.280405 2.158085 0.088433 0.081294 0.019061 0.597591 0.797442
59.596154 2.887554 2.366384 0.176250 0.025892 0.069473 0.606818 0.791375
59.799922 2.580838 2.590701 0.275171 0.004796 -0.031026 0.610341 0.791517
59.999973 2.322579 2.819008 0.385154 0.033828 -0.076493 0.600718 0.795074
60.199823 2.041575 2.994349 0.505203 -0.005469 0.024149 0.574983 0.817791
60.399802 1.796490 3.155614 0.639938 -0.072388 0.084515 0.521407 0.846021
60.599793 1.599141 3.408265 0.763220 -0.058018 0.053742 0.447742 0.890658
60.799855 1.383031 3.765958 0.815408 0.091292 0.041106 0.360316 0.927442
60.999954 1.231014 4.097582 0.813929 0.102333 0.033971 0.266125 0.957889
61.199979 1.103653 4.363304 0.800721 0.012212 0.102026 0.184674 0.977413
61.399987 1.022288 4.622728 0.806031 -0.006090 0.057463 0.118668 0.991251
61.599990 0.991995 4.922032 0.740667 0.078660 0.013697 0.073911 0.994063
61.799989 0.965681 5.185659 0.666289 0.117108 0.077088 0.053519 0.988675
61.999992 0.992478 5.347004 0.570301 0.026800 0.068904 0.033094 0.996714
62.199992 1.055602 5.484914 0.516977 0.035160 0.032609 0.022604 0.998594
62.399992 1.137563 5.635903 0.460358 0.078985 0.048350 0.019517 0.995511
62.599992 1.236335 5.734989 0.394715 0.068897 0.089542 0.020121 0.993393
62.799993 1.409087 5.766190 0.342479 0.033559 0.034551 0.006065 0.998821
62.999993 1.604827 5.793532 0.292458 0.064772 0.030332 -0.009645 0.997392
63.199993 1.821902 5.796331 0.261180 0.045508 0.052873 -0.026743 0.997205
63.399993 2.067270 5.763396 0.254655 0.031571 0.016263 -0.051602 0.998036
63.599994 2.321422 5.732399 0.234411 0.007460 -0.018061 -0.076321 0.996892
63.799994 2.592474 5.704017 0.220428 -0.021986 -0.016847 -0.102494 0.994348
63.999994 2.877945 5.705784 0.217068 0.020666 0.004795 -0.123776 0.992083
64.199994 3.185815 5.718804 0.217421 0.126016 0.000153 -0.140152 0.982078
64.399994 3.493402 5.645979 0.274326 0.011265 -0.386395 -0.187653 0.902972
64.599994 3.542121 5.590284 0.260529 -0.060861 -0.306269 -0.158859 0.936621
64.799994 3.270141 5.651171 0.169766 0.010901 0.097542 -0.162738 0.981775
64.999993 2.978812 5.740499 0.145726 0.089567 0.256423 -0.147158 0.951089
65.199994 2.927992 5.736564 0.153998 0.053350 0.040704 -0.155223 0.985598
65.399994 3.072932 5.676645 0.154667 -0.016522 -0.131822 -0.159771 0.978173
65.599994 3.119975 5.669004 0.178561 -0.019377 -0.030711 -0.156991 0.986932
65.799994 3.074733 5.717541 0.190515 0.028656 0.115955 -0.155078 0.980655
65.999994 3.077802 5.736656 0.224417 0.047098 0.000373 -0.156954 0.986482
66.199994 3.099546 5.712781 0.241996 0.016043 -0.056620 -0.158339 0.985630
66.399994 3.068301 5.691370 0.261466 0.007048 -0.000975 -0.155914 0.987745
66.599994 3.022378 5.698391 0.267104 0.018261 0.035333 -0.155508 0.987034
66.799994 3.021861 5.711634 0.271501 0.029970 -0.000845 -0.156013 0.987300
