0.799989 -0.000378 -0.000435 -0.000133 0.000026 -0.000047 -0.000075 1.000000
0.999989 -0.001182 -0.000578 -0.000349 0.000043 -0.000129 -0.000170 1.000000
1.199989 -0.001968 -0.000702 -0.000641 0.000046 -0.000156 -0.000215 1.000000
1.399989 -0.002423 -0.000698 -0.000801 0.000054 -0.000191 -0.000222 1.000000
1.599989 -0.002780 -0.000682 -0.000840 0.000058 -0.000230 -0.000242 1.000000
1.799989 -0.002763 -0.000590 -0.000719 0.000032 -0.000225 -0.000236 1.000000
1.999989 -0.003107 -0.000586 -0.000693 0.000025 -0.000259 -0.000278 1.000000
2.199989 -0.003023 -0.000561 -0.000609 0.000015 -0.000236 -0.000263 1.000000
2.399989 -0.002970 -0.000563 -0.000617 0.000019 -0.000245 -0.000263 1.000000
2.599989 -0.002807 -0.000570 -0.000636 0.000021 -0.000231 -0.000251 1.000000
2.799989 -0.002661 -0.000580 -0.000643 0.000025 -0.000223 -0.000245 1.000000
2.999989 -0.002647 -0.000601 -0.000625 0.000024 -0.000223 -0.000245 1.000000
3.199989 -0.002586 -0.000587 -0.000583 0.000019 -0.000214 -0.000239 1.000000
3.399989 -0.002739 -0.000573 -0.000601 0.000019 -0.000228 -0.000251 1.000000
3.599989 -0.002884 -0.000572 -0.000638 0.000019 -0.000231 -0.000256 1.000000
3.799989 -0.002890 -0.000583 -0.000667 0.000020 -0.000229 -0.000253 1.000000
3.999989 -0.002864 -0.000593 -0.000672 0.000021 -0.000231 -0.000252 1.000000
4.199989 -0.002800 -0.000599 -0.000644 0.000021 -0.000230 -0.000251 1.000000
4.399989 -0.002782 -0.000592 -0.000625 0.000021 -0.000230 -0.000250 1.000000
4.599989 -0.002772 -0.000578 -0.000621 0.000020 -0.000228 -0.000251 1.000000
4.799989 -0.002794 -0.000576 -0.000629 0.000020 -0.000230 -0.000253 1.000000
4.999989 -0.002856 -0.000579 -0.000650 0.000020 -0.000233 -0.000254 1.000000
5.199989 -0.002903 -0.000590 -0.000666 0.000021 -0.000234 -0.000255 1.000000
5.399989 -0.002806 -0.000585 -0.000648 0.000020 -0.000227 -0.000248 1.000000
5.599989 -0.002821 -0.000581 -0.000646 0.000021 -0.000233 -0.000253 1.000000
5.799989 -0.002876 -0.000583 -0.000650 0.000020 -0.000234 -0.000255 1.000000
5.999989 -0.002943 -0.000597 -0.000660 0.000021 -0.000237 -0.000258 1.000000
6.199991 -0.004748 -0.004517 0.006839 -0.076059 -0.065944 0.003085 0.994916
6.399994 -0.031022 0.026194 0.022675 -0.183264 -0.190130 0.030804 0.964010
6.599988 -0.195724 0.204444 -0.012785 0.051988 0.040396 0.016759 0.997690
6.799983 -0.376014 0.372592 -0.059120 0.028015 0.091260 0.021901 0.995192
6.999993 -0.465829 0.459085 -0.081549 -0.098531 -0.168403 0.016270 0.980646
7.199991 -0.643321 0.617642 -0.055719 -0.021899 -0.124361 -0.010450 0.991940
7.399986 -0.972996 0.837810 -0.057415 -0.007839 0.058609 -0.054424 0.996766
7.599984 -1.291773 1.075856 -0.027283 0.006204 0.060765 -0.104237 0.992675
7.799977 -1.528560 1.321718 0.041457 0.149973 0.036215 -0.151950 0.976272
7.999975 -1.732243 1.439701 0.141633 0.072741 0.026092 -0.214228 0.973722
8.199983 -1.937040 1.429966 0.242294 -0.027953 0.035867 -0.284288 0.957660
8.399975 -2.122393 1.429011 0.345125 0.001022 0.089391 -0.349565 0.932637
8.599919 -2.244569 1.444484 0.447224 0.085326 0.091622 -0.402149 0.906974
8.799905 -2.297179 1.401711 0.547757 0.054800 0.014768 -0.457326 0.887486
8.999938 -2.355031 1.285358 0.648643 -0.012334 0.009678 -0.505363 0.862765
9.199881 -2.418593 1.156269 0.738954 0.002194 0.081808 -0.551277 0.830299
9.397368 -2.443032 1.014855 0.823446 0.034061 0.079116 -0.571920 0.815774
9.599978 -2.406761 0.799583 0.884533 -0.137607 -0.058046 -0.559467 0.815286
9.799978 -2.352817 0.648959 0.919362 -0.130290 -0.024615 -0.550173 0.824457
9.999893 -2.282275 0.677295 0.926505 0.000138 -0.007950 -0.538434 0.842630
10.199734 -2.187118 0.747724 0.921860 0.023447 -0.044042 -0.514770 0.855875
10.399964 -2.119408 0.758239 0.914534 -0.056942 -0.089734 -0.474661 0.873729
10.599979 -2.096978 0.800640 0.900737 -0.073416 -0.046313 -0.414812 0.905757
10.799972 -2.086540 0.930279 0.866675 0.000473 -0.013972 -0.337293 0.941296
10.999983 -2.067921 1.089430 0.818407 -0.026104 -0.060227 -0.231120 0.970708
11.199989 -2.082311 1.254355 0.774795 -0.070013 -0.058663 -0.106534 0.990105
11.399991 -2.157558 1.474760 0.719486 -0.037306 -0.004289 0.029455 0.998860
11.599992 -2.227844 1.731637 0.656601 -0.000605 -0.012021 0.177759 0.984000
11.799994 -2.305800 2.015309 0.579418 -0.006437 -0.005015 0.332220 0.943167
11.999994 -2.385157 2.322222 0.538475 -0.005205 0.004137 0.470472 0.882390
12.199994 -2.439332 2.635111 0.515510 0.012654 0.008342 0.578091 0.815832
12.399994 -2.494876 2.951268 0.493601 0.013634 -0.008799 0.654826 0.755605
12.599993 -2.559322 3.254318 0.454331 0.004210 -0.009518 0.689683 0.724037
12.799993 -2.631895 3.545755 0.390382 0.015549 0.022279 0.691114 0.722235
12.999993 -2.694211 3.852722 0.303986 0.025378 0.017662 0.665466 0.745787
13.199993 -2.746454 4.170485 0.169056 0.052715 0.004594 0.609310 0.791165
13.399989 -2.781635 4.453930 0.013935 0.089346 0.026031 0.521641 0.848075
13.599991 -2.702275 4.710900 -0.091255 0.091333 0.034292 0.404772 0.909199
13.799991 -2.595423 4.896533 -0.141880 0.058598 0.029851 0.284503 0.956417
13.999992 -2.501989 5.026193 -0.127800 0.058573 0.031016 0.165026 0.984060
14.199992 -2.366017 5.145005 -0.085461 0.063598 0.042629 0.046137 0.995997
14.399993 -2.168177 5.261519 -0.007449 0.047599 0.064196 -0.046231 0.995729
14.599994 -1.931762 5.336038 0.110161 0.030062 0.062808 -0.110955 0.991383
14.799994 -1.655080 5.374399 0.256103 0.026632 0.025441 -0.147193 0.988422
14.999994 -1.373550 5.385200 0.403915 0.021303 0.027293 -0.158864 0.986693
15.199994 -1.095596 5.387155 0.545162 0.032929 0.016392 -0.150819 0.987877
15.399994 -0.808130 5.379576 0.649848 0.069687 -0.007794 -0.128983 0.989164
15.599994 -0.536317 5.332700 0.698937 0.029746 0.016499 -0.093835 0.995007
15.799993 -0.259053 5.256182 0.708966 0.011561 0.032928 -0.054453 0.997906
15.999993 0.039665 5.173447 0.683650 0.000215 0.014866 -0.010334 0.999836
16.199992 0.355497 5.088185 0.622786 -0.059015 -0.000570 0.016680 0.998118
16.399992 0.672412 5.036922 0.546799 -0.087281 0.004811 0.033830 0.995597
16.599992 0.992671 5.057797 0.416650 0.041412 -0.000057 0.034510 0.998546
16.799992 1.290413 5.061497 0.364563 0.091583 -0.010169 0.017057 0.995599
16.999993 1.594291 4.986295 0.260900 0.008175 -0.025686 -0.019678 0.999443
17.199993 1.874146 4.893630 0.162075 -0.057308 -0.019940 -0.059765 0.996367
17.399993 2.132641 4.861213 0.079233 -0.017179 -0.031806 -0.098816 0.994449
17.599993 2.346172 4.865791 0.009836 0.079884 0.100089 -0.124315 0.983944
17.799993 2.595868 4.792243 0.013938 0.073325 0.101638 -0.136003 0.982749
17.999994 2.977133 4.632516 -0.018150 -0.019752 -0.132420 -0.150697 0.979472
18.199993 3.327956 4.501624 -0.082288 -0.070120 -0.052343 -0.140223 0.986246
18.399993 3.562358 4.463122 -0.005808 -0.007681 0.049470 -0.119744 0.991542
18.599993 3.842486 4.445056 0.085008 0.013072 -0.123810 -0.070548 0.989709
18.799993 4.086800 4.416416 0.145251 -0.051531 -0.124621 0.000999 0.990865
18.999991 4.195993 4.423766 0.229276 -0.049433 0.032805 0.057478 0.996582
19.199990 4.312177 4.482758 0.300786 -0.034950 -0.028358 0.137147 0.989528
19.399992 4.445858 4.566456 0.333346 0.049257 -0.173686 0.186981 0.965632
19.599990 4.483082 4.616830 0.330836 0.084665 -0.075145 0.210830 0.970946
19.799988 4.413845 4.583625 0.337095 -0.044281 0.032593 0.206020 0.977002
19.999991 4.379917 4.580010 0.347731 -0.057697 -0.078217 0.178153 0.979191
20.199992 4.326730 4.644548 0.308875 0.015618 -0.146776 0.123848 0.981262
20.399991 4.142797 4.684684 0.295503 0.032895 0.021344 0.050164 0.997971
20.599992 3.941181 4.689241 0.272749 -0.003350 0.016909 -0.048120 0.998693
20.799994 3.776199 4.713499 0.235759 0.025636 -0.061922 -0.156979 0.985325
20.999994 3.582654 4.752891 0.190335 0.043727 -0.012711 -0.275996 0.960080
21.199994 3.352628 4.785325 0.158785 0.037499 0.037734 -0.400626 0.914696
21.399994 3.143205 4.751390 0.138519 0.041207 0.036785 -0.518038 0.853572
21.599994 2.961210 4.647418 0.120684 0.047683 0.039310 -0.630910 0.773391
21.799994 2.781410 4.523456 0.092361 0.028487 0.046161 -0.728052 0.683373
21.999993 2.603549 4.390718 0.061704 0.012308 0.058953 -0.812565 0.579751
22.199993 2.447606 4.225285 0.036292 -0.000986 0.074103 -0.870586 0.486403
22.399991 2.312441 4.015392 0.020671 0.012639 -0.080341 0.897083 -0.434313
22.599990 2.211710 3.749548 0.008857 0.013287 -0.066323 0.896745 -0.437347
22.799987 2.135804 3.441336 0.012034 0.006388 -0.024224 0.869755 -0.492848
22.999991 2.090718 3.145988 0.016345 0.052107 0.021201 0.804326 -0.591519
23.199993 2.087521 2.884074 -0.002077 -0.095791 -0.022891 -0.706507 0.700819
23.399994 2.126509 2.674805 -0.031731 -0.064793 0.031463 -0.586221 0.806943
23.599993 2.195343 2.502415 -0.029093 -0.005319 0.073423 -0.441681 0.894147
23.799992 2.344590 2.325920 0.019509 -0.000697 -0.013540 -0.271640 0.962303
23.999985 2.529686 2.147975 0.058610 0.067537 0.051623 -0.097308 0.991617
24.199957 2.730067 1.927435 0.129158 0.027066 0.031587 0.064187 0.997071
24.399939 2.970379 1.691958 0.221156 -0.020740 0.043705 0.207960 0.976940
24.599832 3.223984 1.495035 0.361142 0.012375 0.046918 0.341101 0.938773
24.799981 3.561016 1.290563 0.484356 -0.117697 -0.106190 0.454609 0.876471
24.990000 3.815550 1.102163 0.642235 -0.083915 0.045419 0.519445 0.849160
25.149989 3.965630 1.000131 0.761117 0.020995 0.115718 0.558288 0.821269
25.349989 4.229444 0.912011 0.855143 -0.041397 0.060658 0.580967 0.810608
25.599845 4.640891 0.857105 0.935565 -0.114374 -0.055949 0.602028 0.788258
25.799975 4.908371 0.877984 0.954256 0.006977 -0.161911 0.641222 0.750047
25.999870 5.062252 0.830666 0.925556 0.065315 -0.042196 0.670509 0.737815
26.199897 5.164024 0.688296 0.851889 0.002741 -0.025899 0.678686 0.733967
26.399942 5.299592 0.528862 0.744584 -0.061205 -0.066172 0.665193 0.741211
26.599982 5.399060 0.387723 0.598938 -0.030963 -0.108424 0.624070 0.773189
26.799954 5.400155 0.207384 0.436393 0.002683 0.028941 0.538979 0.841817
26.999930 5.401845 0.022331 0.275839 -0.051326 -0.007796 0.431687 0.900528
27.199983 5.419454 -0.082044 0.170232 -0.056421 -0.086150 0.320499 0.941634
27.399984 5.360687 -0.123030 0.075735 -0.027808 -0.069580 0.224534 0.971581
27.599976 5.187255 -0.175650 0.019840 -0.045866 0.007677 0.172520 0.983908
27.799985 4.986730 -0.235131 -0.003436 -0.062877 -0.050135 0.177462 0.980837
27.999987 4.771939 -0.260485 -0.017393 -0.062406 -0.086983 0.237303 0.965519
28.199972 4.489544 -0.243121 0.000173 -0.040810 -0.012743 0.334074 0.941577
28.399961 4.179167 -0.173076 0.056235 -0.029989 0.003317 0.459928 0.887443
28.599985 3.903805 -0.081603 0.110957 -0.028811 -0.034570 0.593719 0.803413
28.799988 3.634948 0.002636 0.169930 -0.019929 -0.026478 0.721565 0.691553
28.999989 3.366399 0.068396 0.233563 -0.000590 -0.006726 0.823735 0.566934
29.199989 3.055640 0.129168 0.292075 0.010915 0.007097 0.901140 0.433332
29.399989 2.708033 0.212695 0.357183 0.012620 0.000260 0.952455 0.304418
29.599988 2.343429 0.305758 0.409779 -0.009090 -0.013914 0.981812 0.189125
29.799984 1.974465 0.387790 0.479087 -0.012093 -0.011998 0.995158 0.096798
29.999981 1.608323 0.459679 0.554518 -0.002817 -0.004072 0.999093 0.042296
30.199979 1.242459 0.524382 0.632830 0.000491 -0.012488 0.999446 0.030862
30.399980 0.888852 0.579359 0.698693 -0.003306 -0.036147 0.998702 0.035737
30.599981 0.544791 0.604343 0.762016 -0.003379 -0.048646 0.997815 0.044588
30.799983 0.202958 0.592165 0.812265 0.005400 -0.047898 0.996862 0.062786
30.999984 -0.098540 0.545806 0.832554 0.002942 -0.038121 0.994094 0.101561
31.199981 -0.392887 0.469732 0.859444 -0.009341 0.025025 0.986815 0.159631
31.399986 -0.687605 0.416640 0.896715 0.000951 -0.017110 0.972599 0.231855
31.599990 -0.994020 0.376352 0.892989 0.010695 -0.024463 0.952650 0.302894
31.799985 -1.302773 0.305488 0.876588 -0.024513 0.053453 0.933568 0.353543
31.999984 -1.618465 0.265938 0.858969 -0.033696 0.069576 0.928735 0.362594
32.199988 -1.691271 0.244947 0.533219 -0.000278 -0.002589 0.940796 0.338964
32.399992 -1.997899 0.325297 0.550894 0.076140 -0.082470 0.948028 0.297731
32.599992 -2.269869 0.323915 0.613331 0.059680 -0.014095 0.943019 0.327040
32.799989 -2.489126 0.251122 0.645788 0.035993 0.057737 0.899926 0.430702
32.999992 -2.580484 0.215484 0.668103 -0.287356 -0.141639 0.834744 0.447848
33.199991 -2.890598 0.201894 0.648730 -0.112931 -0.056674 0.888471 0.441196
33.399993 -3.386654 0.227805 0.543882 0.183094 -0.027303 0.938314 0.292060
33.599988 -3.694129 0.185906 0.510417 0.069821 0.072207 0.985591 0.136092
33.754536 -3.794057 0.150853 0.474960 -0.032273 0.067500 0.997096 0.014239
33.960587 -3.918997 0.175976 0.438244 0.197935 -0.065064 0.974167 -0.087109
34.192600 -3.975446 0.198589 0.478027 0.237631 -0.114101 0.948566 -0.175312
34.351394 -3.832511 0.162180 0.422141 -0.045918 -0.068391 0.985906 -0.145612
34.545408 -3.634793 0.062231 0.479940 -0.283247 0.081650 0.942619 -0.156760
34.736975 -3.660056 -0.020142 0.468693 -0.090957 0.108100 0.978151 -0.152518
34.946200 -3.806217 0.005652 0.434851 0.091971 -0.015260 0.983039 -0.157933
35.149911 -3.869657 0.096204 0.432986 0.090095 -0.087339 0.977605 -0.168947
35.346369 -3.780974 0.151864 0.452803 -0.067596 -0.035739 0.984282 -0.159193
35.542723 -3.709806 0.136856 0.470526 -0.095311 0.043319 0.981875 -0.157991
35.740644 -3.734804 0.113352 0.474842 -0.008314 0.032941 0.987081 -0.156577
35.944795 -3.784803 0.115800 0.472178 0.022660 -0.019683 0.986409 -0.161545
36.144320 -3.785357 0.124756 0.475554 -0.021984 -0.031974 0.985798 -0.163393
36.343369 -3.760735 0.112678 0.482230 -0.054520 -0.003145 0.985233 -0.162278
36.542026 -3.757442 0.088274 0.484567 -0.029911 0.012630 0.986290 -0.161796
36.742751 -3.771376 0.077789 0.484871 -0.008811 -0.002678 0.986656 -0.162559
36.943313 -3.776308 0.083755 0.486522 -0.015471 -0.015490 0.986350 -0.163198
37.143075 -3.768023 0.091650 0.484628 -0.030481 -0.014510 0.986112 -0.162614
37.342662 -3.763427 0.089883 0.488666 -0.029001 -0.005082 0.986291 -0.162368
37.542560 -3.767690 0.088353 0.490899 -0.018509 -0.002978 0.986494 -0.162723
37.742773 -3.770716 0.092377 0.491252 -0.018650 -0.005089 0.986473 -0.162781
37.942832 -3.768770 0.100201 0.492359 -0.022818 -0.004653 0.986414 -0.162617
38.142832 -3.765962 0.105300 0.493161 -0.025398 -0.003154 0.986386 -0.162442
38.342800 -3.766688 0.107072 0.494897 -0.021436 -0.001978 0.986471 -0.162517
38.542794 -3.768169 0.107126 0.494305 -0.020323 -0.002909 0.986484 -0.162567
38.742808 -3.767922 0.106212 0.494034 -0.021031 -0.002743 0.986481 -0.162499
38.942808 -3.767326 0.103288 0.493461 -0.020840 -0.002645 0.986502 -0.162398
39.142808 -3.767158 0.100274 0.493188 -0.020557 -0.002487 0.986521 -0.162321
39.342808 -3.767418 0.098327 0.492590 -0.020236 -0.002470 0.986536 -0.162267
39.542808 -3.767370 0.097579 0.492695 -0.020151 -0.002280 0.986533 -0.162298
39.742808 -3.767430 0.097278 0.492629 -0.020172 -0.002279 0.986532 -0.162304
39.942808 -3.767441 0.097441 0.492591 -0.020178 -0.002236 0.986530 -0.162314
40.142808 -3.767188 0.098097 0.492398 -0.020217 -0.002275 0.986526 -0.162335
40.342808 -3.766728 0.099504 0.492568 -0.020641 -0.002498 0.986518 -0.162328
40.542808 -3.766495 0.100277 0.493448 -0.021076 -0.002665 0.986500 -0.162378
40.742808 -3.766682 0.100456 0.494291 -0.021065 -0.002601 0.986499 -0.162389
40.942808 -3.767064 0.100063 0.494147 -0.020930 -0.002501 0.986502 -0.162389
41.142809 -3.767083 0.098807 0.493950 -0.020941 -0.002392 0.986511 -0.162334
41.342809 -3.767210 0.097856 0.494040 -0.020910 -0.002321 0.986517 -0.162304
41.542809 -3.767336 0.097212 0.493955 -0.020729 -0.002228 0.986524 -0.162283
41.742809 -3.766895 0.097788 0.493754 -0.020740 -0.002237 0.986524 -0.162280
41.942809 -3.766326 0.099091 0.493513 -0.020927 -0.002505 0.986511 -0.162333
42.142809 -3.766141 0.099686 0.493872 -0.021125 -0.002670 0.986504 -0.162347
42.342809 -3.766200 0.100003 0.494485 -0.021231 -0.002679 0.986501 -0.162348
42.542809 -3.766188 0.099871 0.494368 -0.021306 -0.002628 0.986501 -0.162341
42.742809 -3.766329 0.099372 0.494151 -0.021298 -0.002595 0.986502 -0.162337
42.942809 -3.766581 0.098116 0.493496 -0.021230 -0.002616 0.986508 -0.162311
43.142809 -3.766924 0.097246 0.493088 -0.020614 -0.002318 0.986534 -0.162236
43.342809 -3.766487 0.097127 0.492808 -0.020757 -0.002441 0.986526 -0.162263
43.542809 -3.765989 0.097478 0.492830 -0.021093 -0.002469 0.986525 -0.162229
43.742809 -3.765842 0.097949 0.493061 -0.021155 -0.002539 0.986516 -0.162270
43.942809 -3.765944 0.098422 0.493045 -0.021170 -0.002556 0.986509 -0.162313
44.142809 -3.766016 0.098691 0.493349 -0.021268 -0.002657 0.986505 -0.162321
44.342809 -3.766011 0.098536 0.493489 -0.021462 -0.002730 0.986497 -0.162345
44.542809 -3.766096 0.098081 0.493400 -0.021221 -0.002723 0.986506 -0.162320
44.742809 -3.766133 0.097865 0.493529 -0.021112 -0.002677 0.986518 -0.162265
44.942809 -3.766037 0.097685 0.493479 -0.020981 -0.002737 0.986524 -0.162240
45.142809 -3.765791 0.097542 0.493245 -0.021039 -0.002532 0.986533 -0.162182
45.342809 -3.765648 0.097419 0.493128 -0.020987 -0.002649 0.986534 -0.162182
45.542809 -3.765552 0.097324 0.493026 -0.020813 -0.002628 0.986544 -0.162147
45.742809 -3.765457 0.097923 0.492959 -0.020805 -0.002699 0.986553 -0.162089
45.942809 -3.765333 0.098002 0.492929 -0.020817 -0.002629 0.986547 -0.162127
46.142809 -3.765371 0.097699 0.492879 -0.020800 -0.002745 0.986545 -0.162138
46.342809 -3.765436 0.097714 0.492883 -0.020648 -0.002656 0.986556 -0.162092
46.542809 -3.765368 0.097711 0.492746 -0.020680 -0.002675 0.986554 -0.162098
46.742809 -3.765239 0.097877 0.492551 -0.020559 -0.002682 0.986561 -0.162075
46.942809 -3.765027 0.098190 0.492541 -0.020746 -0.002645 0.986555 -0.162085
47.142809 -3.765049 0.098027 0.492452 -0.020866 -0.002670 0.986545 -0.162129
47.342809 -3.765105 0.098176 0.492444 -0.020817 -0.002832 0.986552 -0.162091
47.542809 -3.765128 0.098391 0.491930 -0.020729 -0.002783 0.986554 -0.162095
47.742809 -3.764981 0.098124 0.490942 -0.020786 -0.003013 0.986547 -0.162124
47.942809 -3.764849 0.097922 0.490159 -0.020725 -0.003114 0.986552 -0.162097
48.142809 -3.764627 0.098027 0.490240 -0.020678 -0.002980 0.986556 -0.162083
48.342809 -3.764645 0.097958 0.490278 -0.020723 -0.002975 0.986550 -0.162116
48.542809 -3.764723 0.098157 0.490321 -0.020758 -0.003079 0.986553 -0.162087
48.742809 -3.764694 0.098150 0.490364 -0.020689 -0.003035 0.986557 -0.162072
48.942809 -3.764659 0.097932 0.490477 -0.020821 -0.002975 0.986549 -0.162110
49.142809 -3.764650 0.097994 0.490467 -0.020812 -0.003090 0.986554 -0.162074
49.342809 -3.764691 0.098057 0.490437 -0.020890 -0.003069 0.986551 -0.162082
49.542809 -3.764682 0.098057 0.490555 -0.020863 -0.003053 0.986550 -0.162094
49.742809 -3.764690 0.098040 0.490454 -0.020898 -0.003066 0.986551 -0.162084
49.942809 -3.764572 0.097922 0.490548 -0.020905 -0.003064 0.986549 -0.162098
50.142809 -3.764492 0.097568 0.491274 -0.021188 -0.003071 0.986542 -0.162099
50.342809 -3.764619 0.097660 0.491390 -0.021035 -0.003084 0.986549 -0.162078
50.542809 -3.764642 0.097832 0.491450 -0.020965 -0.003056 0.986545 -0.162114
50.742809 -3.764618 0.097793 0.491368 -0.021002 -0.002943 0.986538 -0.162153
50.942809 -3.764545 0.097876 0.491316 -0.021020 -0.002975 0.986540 -0.162138
51.142809 -3.764521 0.098013 0.491304 -0.021029 -0.002989 0.986545 -0.162105
51.342809 -3.764527 0.097904 0.490834 -0.021151 -0.003088 0.986542 -0.162102
51.542809 -3.764452 0.097695 0.490623 -0.020967 -0.002962 0.986546 -0.162108
51.742809 -3.764355 0.097935 0.490187 -0.020915 -0.002895 0.986552 -0.162081
51.942809 -3.764388 0.098056 0.489934 -0.020974 -0.002918 0.986548 -0.162095
52.142809 -3.764415 0.098025 0.489573 -0.021183 -0.003125 0.986541 -0.162106
52.342809 -3.764414 0.098046 0.489548 -0.021196 -0.003049 0.986545 -0.162082
52.542809 -3.764431 0.097752 0.489590 -0.021223 -0.003038 0.986542 -0.162099
52.742809 -3.764447 0.097809 0.489678 -0.021079 -0.002934 0.986551 -0.162064
52.942809 -3.764393 0.097790 0.489615 -0.021249 -0.002963 0.986544 -0.162081
53.142809 -3.764385 0.097629 0.489731 -0.021253 -0.002994 0.986543 -0.162086
53.342809 -3.764377 0.097693 0.490065 -0.021059 -0.002867 0.986545 -0.162101
53.542809 -3.764314 0.097655 0.490050 -0.021009 -0.002817 0.986549 -0.162087
53.742809 -3.764226 0.097549 0.490377 -0.021121 -0.002809 0.986547 -0.162086
53.942809 -3.764177 0.097529 0.490390 -0.021178 -0.002865 0.986545 -0.162088
54.142809 -3.764168 0.097561 0.490594 -0.021137 -0.002808 0.986544 -0.162098
54.342809 -3.764211 0.097655 0.490373 -0.021154 -0.002839 0.986544 -0.162094
54.542809 -3.764218 0.097722 0.490362 -0.021143 -0.002847 0.986543 -0.162103
54.742809 -3.764143 0.097876 0.490409 -0.021146 -0.002844 0.986542 -0.162111
54.942809 -3.764286 0.097642 0.490586 -0.021390 -0.002969 0.986536 -0.162113
55.142809 -3.764372 0.097596 0.490390 -0.021362 -0.002945 0.986541 -0.162083
55.342809 -3.764297 0.097708 0.489709 -0.021288 -0.003016 0.986542 -0.162089
55.542809 -3.764163 0.097838 0.489375 -0.021501 -0.003073 0.986539 -0.162080
55.742809 -3.764118 0.098122 0.488595 -0.021822 -0.003242 0.986532 -0.162075
55.942809 -3.764238 0.097720 0.487441 -0.022293 -0.003480 0.986514 -0.162115
56.142809 -3.764204 0.097305 0.486555 -0.023016 -0.003696 0.986494 -0.162133
56.342809 -3.764190 0.096975 0.484851 -0.023991 -0.004018 0.986469 -0.162132
56.542809 -3.764553 0.095140 0.482495 -0.025235 -0.004310 0.986406 -0.162322
56.742809 -3.765601 0.092422 0.481579 -0.025140 -0.004011 0.986386 -0.162467
56.942809 -3.766078 0.090920 0.480761 -0.024986 -0.003890 0.986384 -0.162506
57.142809 -3.766029 0.090984 0.480451 -0.024977 -0.003844 0.986388 -0.162479
57.342809 -3.765696 0.092353 0.480063 -0.024793 -0.003895 0.986398 -0.162446
57.542809 -3.765212 0.094108 0.480389 -0.024952 -0.004135 0.986388 -0.162480
57.742809 -3.765107 0.094648 0.480529 -0.024975 -0.004117 0.986399 -0.162406
57.942809 -3.765129 0.094876 0.480603 -0.025004 -0.004179 0.986400 -0.162396
58.142809 -3.765441 0.094505 0.481132 -0.024973 -0.004112 0.986399 -0.162409
58.342809 -3.765587 0.093737 0.481561 -0.025087 -0.004126 0.986384 -0.162483
58.542809 -3.765607 0.093059 0.482789 -0.025381 -0.004129 0.986371 -0.162514
58.742809 -3.765671 0.093053 0.483764 -0.025469 -0.004051 0.986375 -0.162479
58.942809 -3.765921 0.093226 0.484284 -0.025512 -0.004049 0.986377 -0.162462
59.142809 -3.765887 0.093770 0.484572 -0.025490 -0.004006 0.986377 -0.162466
59.342809 -3.765854 0.094103 0.484579 -0.025513 -0.003954 0.986370 -0.162503
59.542809 -3.765867 0.094105 0.484665 -0.025584 -0.003950 0.986367 -0.162512
59.742809 -3.765881 0.094073 0.484579 -0.025636 -0.003970 0.986366 -0.162508
59.942809 -3.765891 0.093800 0.484794 -0.025589 -0.003932 0.986366 -0.162516
60.142809 -3.765972 0.093500 0.484785 -0.025629 -0.003905 0.986359 -0.162556
60.342809 -3.765985 0.093434 0.484723 -0.025613 -0.003902 0.986359 -0.162555
60.542809 -3.765925 0.093578 0.484610 -0.025543 -0.003921 0.986364 -0.162540
60.742809 -3.765690 0.093891 0.484520 -0.025541 -0.003930 0.986366 -0.162524
60.942809 -3.765353 0.094137 0.484287 -0.025750 -0.004020 0.986364 -0.162502
61.142809 -3.765178 0.094271 0.484251 -0.025826 -0.003945 0.986366 -0.162482
61.342809 -3.765335 0.094480 0.484127 -0.025658 -0.003955 0.986372 -0.162470
61.542809 -3.765573 0.094088 0.484131 -0.025617 -0.004038 0.986371 -0.162481
61.742809 -3.765694 0.093829 0.483933 -0.025642 -0.004019 0.986369 -0.162489
61.942809 -3.765511 0.093571 0.484060 -0.025665 -0.004119 0.986369 -0.162483
62.142809 -3.765276 0.093460 0.484229 -0.025667 -0.004006 0.986361 -0.162532
62.342809 -3.765179 0.093517 0.484365 -0.025812 -0.004038 0.986362 -0.162506
62.542809 -3.765262 0.093579 0.484517 -0.025799 -0.004018 0.986357 -0.162535
62.742809 -3.765280 0.093868 0.484613 -0.025824 -0.004103 0.986364 -0.162487
62.942809 -3.765289 0.094113 0.484408 -0.025814 -0.004041 0.986362 -0.162505
63.142809 -3.765233 0.094215 0.484305 -0.025851 -0.004077 0.986365 -0.162481
63.342809 -3.765236 0.094236 0.484226 -0.025822 -0.004030 0.986366 -0.162475
63.542809 -3.765169 0.094176 0.484331 -0.025916 -0.003866 0.986357 -0.162522
63.742809 -3.765096 0.094084 0.484472 -0.025907 -0.003918 0.986363 -0.162487
63.942809 -3.765132 0.094189 0.484399 -0.025861 -0.003983 0.986367 -0.162465
64.142809 -3.765114 0.094286 0.484184 -0.025771 -0.003976 0.986367 -0.162482
64.342809 -3.765043 0.094337 0.483845 -0.025842 -0.004041 0.986361 -0.162504
64.542809 -3.764948 0.094223 0.483441 -0.025831 -0.004104 0.986359 -0.162519
64.742809 -3.764880 0.093902 0.483355 -0.025745 -0.004106 0.986369 -0.162469
64.942809 -3.764869 0.093419 0.483152 -0.025657 -0.004005 0.986370 -0.162483
65.142809 -3.764872 0.093458 0.482926 -0.025626 -0.004022 0.986375 -0.162453
65.342809 -3.764851 0.093524 0.482899 -0.025644 -0.004028 0.986374 -0.162456
65.542809 -3.764770 0.093575 0.483094 -0.025689 -0.004058 0.986366 -0.162497
65.742809 -3.764740 0.093935 0.483412 -0.025834 -0.004171 0.986360 -0.162507
65.942809 -3.764738 0.094389 0.483520 -0.025818 -0.004107 0.986369 -0.162457
66.142809 -3.764662 0.094955 0.482983 -0.025861 -0.004222 0.986370 -0.162443
66.342809 -3.764618 0.095373 0.482722 -0.025887 -0.004287 0.986372 -0.162423
66.542809 -3.764488 0.095690 0.482414 -0.026001 -0.004363 0.986371 -0.162410
66.742809 -3.764566 0.095130 0.482120 -0.025773 -0.004243 0.986382 -0.162384
66.942809 -3.764605 0.094535 0.481859 -0.025672 -0.004213 0.986385 -0.162382
67.142809 -3.764687 0.093586 0.482230 -0.025524 -0.004099 0.986385 -0.162407
67.342809 -3.764650 0.093728 0.482886 -0.025680 -0.004108 0.986384 -0.162389
67.542809 -3.764651 0.094021 0.483408 -0.025743 -0.004078 0.986381 -0.162396
67.742809 -3.764680 0.094233 0.483895 -0.025936 -0.004121 0.986371 -0.162430
67.942809 -3.764698 0.094630 0.483741 -0.026023 -0.004140 0.986364 -0.162455
68.142809 -3.764647 0.095280 0.483273 -0.026074 -0.004279 0.986367 -0.162426
68.342809 -3.764603 0.095743 0.483032 -0.025967 -0.004256 0.986374 -0.162401
68.542809 -3.764320 0.095908 0.482621 -0.025993 -0.004250 0.986376 -0.162383
68.742809 -3.764337 0.095321 0.482108 -0.025919 -0.004251 0.986381 -0.162367
68.942809 -3.764336 0.095167 0.481863 -0.025761 -0.004225 0.986391 -0.162330
69.142809 -3.764390 0.094833 0.481824 -0.025679 -0.004283 0.986389 -0.162352
69.342809 -3.764352 0.094476 0.481934 -0.025755 -0.004187 0.986385 -0.162371
69.542809 -3.764462 0.093968 0.482534 -0.025653 -0.004040 0.986388 -0.162372
69.742809 -3.764400 0.094055 0.482905 -0.025725 -0.004032 0.986390 -0.162349
69.942809 -3.764348 0.094156 0.483164 -0.025779 -0.004046 0.986385 -0.162368
70.142809 -3.764361 0.094424 0.483381 -0.025988 -0.004124 0.986372 -0.162412
70.342809 -3.764493 0.094395 0.483469 -0.025970 -0.004094 0.986371 -0.162421
70.542809 -3.764541 0.094373 0.483411 -0.025953 -0.004151 0.986369 -0.162435
70.742809 -3.764559 0.094093 0.483355 -0.025826 -0.004092 0.986377 -0.162409
70.942809 -3.764480 0.094130 0.483268 -0.025771 -0.004070 0.986383 -0.162384
71.142809 -3.764350 0.094229 0.482944 -0.025805 -0.004056 0.986382 -0.162382
71.342809 -3.764226 0.094485 0.482722 -0.025917 -0.004139 0.986381 -0.162370
71.542809 -3.764246 0.094429 0.482578 -0.025948 -0.004222 0.986374 -0.162404
71.742809 -3.764226 0.094530 0.482083 -0.025903 -0.004304 0.986379 -0.162381
71.942809 -3.764192 0.094543 0.482059 -0.025709 -0.004132 0.986392 -0.162335
72.142809 -3.764024 0.094610 0.481743 -0.025780 -0.004201 0.986392 -0.162323
72.342809 -3.763876 0.094606 0.481567 -0.025642 -0.004096 0.986403 -0.162279
72.542809 -3.763784 0.094627 0.481411 -0.025773 -0.004103 0.986402 -0.162265
72.742809 -3.763831 0.094478 0.480938 -0.025656 -0.004070 0.986400 -0.162295
72.942809 -3.763667 0.094881 0.480318 -0.025545 -0.003993 0.986409 -0.162261
73.142809 -3.763397 0.095325 0.479829 -0.025667 -0.004122 0.986408 -0.162242
73.342809 -3.763219 0.095586 0.479612 -0.025673 -0.004220 0.986411 -0.162222
73.542809 -3.763182 0.095737 0.479239 -0.025568 -0.004219 0.986410 -0.162248
73.742809 -3.763264 0.095531 0.478975 -0.025496 -0.004182 0.986414 -0.162237
73.942809 -3.763448 0.095281 0.479143 -0.025462 -0.004107 0.986418 -0.162219
74.142809 -3.763428 0.095313 0.479266 -0.025550 -0.004133 0.986415 -0.162219
74.342809 -3.763422 0.095180 0.479613 -0.025534 -0.004082 0.986416 -0.162216
74.542809 -3.763324 0.095356 0.479639 -0.025636 -0.004133 0.986415 -0.162209
74.742809 -3.763341 0.095247 0.479717 -0.025606 -0.004092 0.986414 -0.162217
74.942809 -3.763327 0.095301 0.479670 -0.025594 -0.004075 0.986415 -0.162212
75.142809 -3.763354 0.095288 0.479668 -0.025595 -0.004103 0.986412 -0.162234
75.342809 -3.763274 0.095375 0.479615 -0.025638 -0.004105 0.986415 -0.162209
75.542809 -3.763264 0.095302 0.479648 -0.025578 -0.004086 0.986413 -0.162231
75.742809 -3.763253 0.095454 0.479612 -0.025629 -0.004110 0.986414 -0.162215
75.942809 -3.763220 0.095618 0.479650 -0.025618 -0.004151 0.986412 -0.162230
76.142809 -3.763070 0.095862 0.479696 -0.025678 -0.004205 0.986405 -0.162257
76.342809 -3.763129 0.095584 0.479700 -0.025548 -0.004069 0.986416 -0.162216
76.542809 -3.763182 0.095353 0.479547 -0.025593 -0.004128 0.986414 -0.162221
76.742809 -3.763353 0.095149 0.479569 -0.025518 -0.004077 0.986417 -0.162213
76.942809 -3.763274 0.095328 0.479529 -0.025626 -0.004113 0.986414 -0.162218
77.142809 -3.763219 0.095093 0.479512 -0.025536 -0.004124 0.986417 -0.162211
77.342809 -3.763190 0.095198 0.479466 -0.025609 -0.004135 0.986416 -0.162204
77.542809 -3.763262 0.095202 0.479539 -0.025536 -0.004116 0.986418 -0.162206
77.742809 -3.763212 0.095292 0.479547 -0.025608 -0.004141 0.986415 -0.162208
77.942809 -3.763209 0.095209 0.479509 -0.025452 -0.004111 0.986421 -0.162198
78.142809 -3.763113 0.095404 0.479340 -0.025472 -0.004155 0.986420 -0.162202
78.342809 -3.763141 0.095212 0.479407 -0.025358 -0.004111 0.986422 -0.162209
78.542809 -3.763063 0.095270 0.479396 -0.025524 -0.004161 0.986417 -0.162211
78.742809 -3.763131 0.095180 0.479420 -0.025435 -0.004109 0.986420 -0.162208
78.942809 -3.763075 0.095350 0.479367 -0.025500 -0.004164 0.986418 -0.162207
79.142809 -3.763135 0.095313 0.479379 -0.025393 -0.004114 0.986422 -0.162205
79.342809 -3.763046 0.095403 0.479339 -0.025498 -0.004165 0.986420 -0.162200
79.542809 -3.763121 0.095190 0.479213 -0.025360 -0.004131 0.986422 -0.162205
79.742809 -3.763072 0.095284 0.479195 -0.025446 -0.004144 0.986421 -0.162202
79.942809 -3.763060 0.095283 0.479201 -0.025367 -0.004120 0.986422 -0.162205
80.142809 -3.762938 0.095327 0.479065 -0.025568 -0.004188 0.986416 -0.162213
80.342809 -3.763011 0.095037 0.479092 -0.025432 -0.004146 0.986421 -0.162204
80.542809 -3.763045 0.094951 0.479399 -0.025560 -0.004140 0.986417 -0.162204
80.742809 -3.763173 0.094964 0.479590 -0.025500 -0.004097 0.986415 -0.162231
80.942809 -3.763050 0.095377 0.479407 -0.025500 -0.004101 0.986419 -0.162206
81.142809 -3.763130 0.095291 0.479347 -0.025512 -0.004168 0.986414 -0.162233
81.342809 -3.762958 0.095330 0.478980 -0.025523 -0.004158 0.986417 -0.162214
81.542809 -3.763142 0.094894 0.478902 -0.025386 -0.004111 0.986419 -0.162221
81.742809 -3.762989 0.094789 0.479239 -0.025641 -0.004128 0.986412 -0.162224
81.942809 -3.763016 0.094649 0.479350 -0.025617 -0.004111 0.986412 -0.162227
82.142809 -3.762985 0.094775 0.479493 -0.025681 -0.004117 0.986410 -0.162230
82.342809 -3.763073 0.094847 0.479470 -0.025606 -0.004106 0.986411 -0.162234
82.542809 -3.762980 0.095026 0.479339 -0.025651 -0.004154 0.986408 -0.162244
82.742809 -3.763068 0.095055 0.479366 -0.025585 -0.004136 0.986413 -0.162226
82.942809 -3.762938 0.095201 0.479073 -0.025584 -0.004162 0.986416 -0.162211
83.142809 -3.763212 0.094955 0.479112 -0.025331 -0.004113 0.986425 -0.162197
83.342809 -3.763063 0.095139 0.479113 -0.025636 -0.004189 0.986413 -0.162216
83.542809 -3.763215 0.095008 0.479128 -0.025338 -0.004122 0.986424 -0.162198
83.742809 -3.763213 0.094990 0.478968 -0.025433 -0.004162 0.986419 -0.162213
83.942809 -3.763201 0.094957 0.479072 -0.025308 -0.004112 0.986423 -0.162208
84.142809 -3.763105 0.095123 0.479069 -0.025395 -0.004118 0.986422 -0.162201
84.342809 -3.763108 0.094967 0.479153 -0.025309 -0.004142 0.986427 -0.162184
84.542809 -3.763059 0.095149 0.479083 -0.025403 -0.004113 0.986423 -0.162197
84.742809 -3.763126 0.094932 0.479183 -0.025271 -0.004109 0.986426 -0.162197
84.942809 -3.763063 0.094975 0.479104 -0.025378 -0.004092 0.986422 -0.162205
85.142809 -3.763097 0.094640 0.479141 -0.025388 -0.004064 0.986422 -0.162206
85.342809 -3.763083 0.094534 0.479105 -0.025522 -0.004108 0.986416 -0.162220
85.542809 -3.763185 0.094406 0.479115 -0.025391 -0.004072 0.986421 -0.162214
85.742809 -3.763124 0.094471 0.479027 -0.025520 -0.004129 0.986419 -0.162203
85.942809 -3.763169 0.094440 0.479106 -0.025409 -0.004090 0.986420 -0.162215
86.142809 -3.763109 0.094476 0.479058 -0.025513 -0.004118 0.986417 -0.162214
86.342809 -3.763139 0.094446 0.479082 -0.025443 -0.004094 0.986419 -0.162215
86.542809 -3.763095 0.094521 0.479038 -0.025515 -0.004125 0.986417 -0.162215
86.742809 -3.763158 0.094411 0.479121 -0.025414 -0.004129 0.986420 -0.162215
86.942809 -3.763068 0.094598 0.479030 -0.025552 -0.004142 0.986415 -0.162220
87.142809 -3.763133 0.094420 0.479128 -0.025458 -0.004081 0.986417 -0.162225
87.342809 -3.763072 0.094507 0.479049 -0.025551 -0.004132 0.986417 -0.162207
87.542809 -3.763151 0.094642 0.479121 -0.025368 -0.004057 0.986422 -0.162208
87.742809 -3.762973 0.094637 0.479343 -0.025633 -0.004147 0.986409 -0.162244
87.942809 -3.763041 0.094339 0.479264 -0.025564 -0.004085 0.986414 -0.162227
88.142809 -3.762993 0.094472 0.479115 -0.025610 -0.004095 0.986416 -0.162205
88.342809 -3.763150 0.094397 0.479136 -0.025387 -0.004117 0.986421 -0.162208
88.542809 -3.763034 0.094480 0.479128 -0.025568 -0.004143 0.986412 -0.162233
88.742809 -3.763048 0.094273 0.479165 -0.025518 -0.004090 0.986412 -0.162243
88.942809 -3.762938 0.094413 0.479245 -0.025654 -0.004069 0.986415 -0.162206
89.142809 -3.763012 0.094236 0.479323 -0.025563 -0.004047 0.986417 -0.162211
89.342809 -3.762998 0.094363 0.479138 -0.025574 -0.004129 0.986419 -0.162194
89.542809 -3.763108 0.094245 0.479084 -0.025383 -0.004121 0.986420 -0.162216
89.742809 -3.762952 0.094544 0.479097 -0.025531 -0.004133 0.986415 -0.162223
89.942809 -3.762903 0.094928 0.479097 -0.025612 -0.004149 0.986417 -0.162198
90.142809 -3.762811 0.094795 0.479254 -0.025689 -0.004132 0.986406 -0.162252
90.342809 -3.762998 0.094313 0.479259 -0.025515 -0.004106 0.986414 -0.162232
90.542809 -3.762948 0.094381 0.479223 -0.025589 -0.004069 0.986417 -0.162204
90.742809 -3.762897 0.094295 0.479408 -0.025620 -0.003984 0.986418 -0.162194
90.942809 -3.762861 0.094339 0.479558 -0.025727 -0.004041 0.986412 -0.162212
91.142809 -3.762956 0.094601 0.479452 -0.025595 -0.004091 0.986411 -0.162236
91.342809 -3.762902 0.094680 0.479322 -0.025667 -0.004173 0.986404 -0.162267
91.542809 -3.762930 0.094602 0.479251 -0.025568 -0.004117 0.986411 -0.162240
91.742809 -3.762877 0.094367 0.479107 -0.025579 -0.004088 0.986411 -0.162245
91.942809 -3.762856 0.094304 0.479208 -0.025546 -0.004032 0.986420 -0.162192
92.142809 -3.762796 0.094516 0.479273 -0.025574 -0.004042 0.986419 -0.162196
