0.799989 -0.000378 -0.000435 -0.000133 0.000026 -0.000047 -0.000075 1.000000
0.999989 -0.001182 -0.000578 -0.000349 0.000043 -0.000129 -0.000170 1.000000
1.199989 -0.001968 -0.000702 -0.000641 0.000046 -0.000156 -0.000215 1.000000
1.399989 -0.002423 -0.000698 -0.000801 0.000054 -0.000191 -0.000222 1.000000
1.599989 -0.002780 -0.000682 -0.000840 0.000058 -0.000230 -0.000242 1.000000
1.799989 -0.002763 -0.000590 -0.000719 0.000032 -0.000225 -0.000236 1.000000
1.999989 -0.003107 -0.000586 -0.000693 0.000025 -0.000259 -0.000278 1.000000
2.199989 -0.003023 -0.000561 -0.000609 0.000015 -0.000236 -0.000263 1.000000
2.399989 -0.002970 -0.000563 -0.000617 0.000019 -0.000245 -0.000263 1.000000
2.599989 -0.002807 -0.000570 -0.000636 0.000021 -0.000231 -0.000251 1.000000
2.799989 -0.002661 -0.000580 -0.000643 0.000025 -0.000223 -0.000245 1.000000
2.999989 -0.002647 -0.000601 -0.000625 0.000024 -0.000223 -0.000245 1.000000
3.199989 -0.002586 -0.000587 -0.000583 0.000019 -0.000214 -0.000239 1.000000
3.399989 -0.002739 -0.000573 -0.000601 0.000019 -0.000228 -0.000251 1.000000
3.599989 -0.002884 -0.000572 -0.000638 0.000019 -0.000231 -0.000256 1.000000
3.799989 -0.002890 -0.000583 -0.000667 0.000020 -0.000229 -0.000253 1.000000
3.999989 -0.002864 -0.000593 -0.000672 0.000021 -0.000231 -0.000252 1.000000
4.199989 -0.002800 -0.000599 -0.000644 0.000021 -0.000230 -0.000251 1.000000
4.399989 -0.002782 -0.000592 -0.000625 0.000021 -0.000230 -0.000250 1.000000
4.599989 -0.002772 -0.000578 -0.000621 0.000020 -0.000228 -0.000251 1.000000
4.799989 -0.002794 -0.000576 -0.000629 0.000020 -0.000230 -0.000253 1.000000
4.999989 -0.002856 -0.000579 -0.000650 0.000020 -0.000233 -0.000254 1.000000
5.199989 -0.002903 -0.000590 -0.000666 0.000021 -0.000234 -0.000255 1.000000
5.399989 -0.002806 -0.000585 -0.000648 0.000020 -0.000227 -0.000248 1.000000
5.599989 -0.002821 -0.000581 -0.000646 0.000021 -0.000233 -0.000253 1.000000
5.799989 -0.002876 -0.000583 -0.000650 0.000020 -0.000234 -0.000255 1.000000
5.999989 -0.002943 -0.000597 -0.000660 0.000021 -0.000237 -0.000258 1.000000
6.199989 -0.002789 -0.000583 -0.000639 0.000018 -0.000223 -0.000247 1.000000
6.399989 -0.002789 -0.000578 -0.000640 0.000022 -0.000232 -0.000253 1.000000
6.599989 -0.002805 -0.000585 -0.000642 0.000021 -0.000230 -0.000253 1.000000
6.799989 -0.002773 -0.000587 -0.000631 0.000021 -0.000227 -0.000248 1.000000
6.999989 -0.002775 -0.000591 -0.000631 0.000022 -0.000228 -0.000251 1.000000
7.199989 -0.002760 -0.000586 -0.000629 0.000021 -0.000226 -0.000247 1.000000
7.399989 -0.002822 -0.000585 -0.000651 0.000020 -0.000230 -0.000254 1.000000
7.599989 -0.002919 -0.000597 -0.000675 0.000021 -0.000235 -0.000255 1.000000
7.799989 -0.002807 -0.000582 -0.000653 0.000018 -0.000224 -0.000247 1.000000
7.999989 -0.002869 -0.000576 -0.000654 0.000020 -0.000236 -0.000257 1.000000
8.199989 -0.002939 -0.000582 -0.000661 0.000020 -0.000237 -0.000259 1.000000
8.399989 -0.002836 -0.000583 -0.000647 0.000018 -0.000228 -0.000249 1.000000
8.599993 -0.001546 -0.007220 0.021967 -0.142665 -0.127130 0.011512 0.981505
8.799994 -0.064310 0.058009 0.018533 -0.169614 -0.194288 0.042045 0.965254
8.999978 -0.292957 0.288519 -0.087529 0.157226 0.173729 0.018138 0.971992
9.199986 -0.449004 0.468809 -0.160205 0.048911 -0.015557 0.007692 0.998652
9.399992 -0.520560 0.506959 -0.166441 -0.019718 -0.175809 0.006333 0.984206
9.599990 -0.758845 0.550547 -0.084377 0.028247 -0.064190 0.009696 0.997491
9.799987 -1.121770 0.611482 -0.012509 0.084835 0.093205 0.009270 0.991983
9.999988 -1.413586 0.631054 0.083222 0.039450 -0.031392 -0.002307 0.998726
10.199992 -1.654398 0.592772 0.159424 -0.101740 -0.079490 -0.012769 0.991548
10.399991 -1.957178 0.602731 0.257359 -0.059874 0.140462 -0.051489 0.986932
10.599984 -2.210997 0.716988 0.378274 0.160059 0.166890 -0.063456 0.970826
10.799988 -2.295503 0.727249 0.534556 0.188858 -0.027182 -0.108151 0.975652
10.999991 -2.389747 0.529906 0.597018 -0.107863 -0.017502 -0.131978 0.985211
11.199989 -2.509678 0.354157 0.679357 -0.027327 0.143313 -0.174837 0.973728
11.399988 -2.551253 0.257874 0.752712 -0.019999 0.071601 -0.181371 0.980601
11.599991 -2.486371 0.154064 0.771381 -0.103123 -0.130525 -0.158682 0.973216
11.799991 -2.478262 0.124441 0.791690 -0.092040 0.033051 -0.130145 0.986660
11.999990 -2.490012 0.193517 0.774902 0.037140 0.068688 -0.054548 0.995453
12.199992 -2.442353 0.254350 0.748803 -0.042896 -0.034092 0.054813 0.996992
12.399994 -2.390364 0.306167 0.690865 -0.100787 -0.015762 0.197006 0.975081
12.599994 -2.358414 0.429929 0.626209 -0.022685 0.007634 0.352840 0.935377
12.799994 -2.331751 0.594480 0.556105 -0.017599 0.006954 0.510340 0.859765
12.999994 -2.339678 0.785135 0.475739 -0.055990 0.028921 0.645639 0.761038
13.199993 -2.361645 1.030917 0.406722 -0.050799 0.019562 0.755221 0.653206
13.399990 -2.386731 1.305015 0.337728 -0.021845 0.010134 0.833233 0.552398
13.599988 -2.413011 1.619694 0.278395 0.000669 0.007236 0.870112 0.492800
13.799988 -2.425516 1.964945 0.230743 0.002626 0.005395 0.870791 0.491616
13.999989 -2.434117 2.310534 0.193371 -0.012737 -0.017722 0.858751 0.511928
14.199989 -2.469493 2.616883 0.182094 -0.029499 -0.025140 0.857460 0.513089
14.399988 -2.542802 2.886762 0.195982 -0.035464 -0.027096 0.878664 0.475350
14.599985 -2.658508 3.155213 0.210503 -0.019422 -0.018283 0.920637 0.389507
14.799977 -2.798801 3.439468 0.221818 0.005158 0.019448 0.962618 0.270116
14.999984 -2.924552 3.760976 0.158884 0.110327 -0.016816 0.984977 0.131775
15.199979 -2.987812 4.084343 0.105537 0.096575 0.040939 0.994249 0.021596
15.399977 -2.951500 4.424946 0.040486 0.016580 -0.012277 0.999657 -0.016105
15.599963 -2.879683 4.764081 0.014310 -0.121050 -0.083130 0.988873 0.023780
15.799978 -2.912391 5.012146 0.053054 -0.079768 -0.105041 0.988213 0.077714
15.999987 -3.079735 5.156028 0.101357 0.024182 -0.079136 0.992056 0.094753
16.199987 -3.244109 5.246957 0.129758 0.094494 -0.033312 0.992292 0.072923
16.399988 -3.346334 5.347340 0.122366 0.114081 -0.016580 0.993273 0.010919
16.599968 -3.353987 5.475732 0.135523 -0.021372 -0.020080 0.997445 -0.065147
16.799955 -3.342587 5.576204 0.139673 -0.076305 -0.030269 0.982635 -0.166402
16.999984 -3.387223 5.615118 0.137314 -0.021197 -0.060603 0.952324 -0.298258
17.199990 -3.420800 5.620244 0.105139 0.007017 -0.050850 0.894863 -0.443378
17.399991 -3.450602 5.592557 0.057329 -0.014213 -0.029430 0.800199 -0.598844
17.599993 -3.480373 5.582840 0.002861 -0.001753 -0.025029 -0.684509 0.728572
17.799994 -3.532862 5.546479 -0.035883 0.005165 0.027427 -0.552967 0.832735
17.999994 -3.599826 5.492377 -0.082424 -0.045156 0.225276 -0.423530 0.876261
18.199994 -3.523093 5.400364 -0.133528 -0.015033 -0.108038 -0.386701 0.915732
18.399994 -3.418328 5.363656 -0.161733 -0.048693 -0.145380 -0.467591 0.870547
18.599994 -3.494870 5.438171 -0.201090 -0.059546 0.129443 -0.537344 0.831240
18.799994 -3.487358 5.562108 -0.190509 -0.000039 0.181877 -0.595436 0.782545
18.999994 -3.338402 5.613790 -0.188482 0.159673 0.035898 -0.622094 0.765647
19.199993 -3.200779 5.510271 -0.151277 0.008333 -0.086990 -0.660936 0.745336
19.399993 -3.134610 5.373038 -0.105409 -0.048607 -0.012520 -0.691388 0.720738
19.599993 -3.080764 5.307312 -0.045174 0.038522 0.116389 -0.729010 0.673435
19.799991 -2.970762 5.205183 0.012375 0.130118 0.084873 -0.767561 0.621864
19.999989 -2.872440 4.985314 0.064314 0.080018 -0.053066 -0.814114 0.572713
20.199987 -2.838849 4.724684 0.111106 0.008519 -0.064583 -0.854051 0.516094
20.399987 -2.873602 4.519152 0.162606 0.007157 0.014009 -0.885039 0.465250
20.599982 -2.910680 4.349571 0.207752 -0.064080 -0.041004 0.906767 -0.414711
20.799953 -2.961252 4.127208 0.264186 -0.080439 0.032359 0.921227 -0.379240
20.999934 -3.083677 3.861237 0.319778 -0.033942 0.086516 0.929972 -0.355689
21.199948 -3.276293 3.632697 0.371320 0.006674 0.076310 0.933552 -0.350161
21.399943 -3.497822 3.493486 0.416897 -0.003596 0.042521 0.929547 -0.366225
21.599946 -3.724651 3.424191 0.448657 -0.020346 -0.012743 0.916333 -0.399697
21.799966 -3.964937 3.355843 0.473328 0.005840 -0.044208 0.896163 -0.441479
21.999980 -4.202873 3.237288 0.476816 0.055801 -0.032449 0.872096 -0.485059
22.199980 -4.403328 3.086778 0.457708 0.015013 -0.055974 0.851048 -0.521880
22.399982 -4.570784 2.921346 0.434322 -0.003691 -0.094696 0.825094 -0.556991
22.599985 -4.719887 2.703775 0.409254 0.010007 -0.087864 0.795003 -0.600125
22.799987 -4.839031 2.438890 0.377111 -0.032335 0.065636 -0.760443 0.645270
22.999989 -4.912146 2.156519 0.340386 -0.027449 0.068154 -0.722785 0.687156
23.199990 -4.937113 1.862990 0.309072 -0.015793 0.049588 -0.684378 0.727268
23.399991 -4.928043 1.552079 0.267883 -0.011922 0.017941 -0.646747 0.762401
23.599992 -4.908675 1.235644 0.227192 -0.003372 -0.000609 -0.615050 0.788481
23.799992 -4.903582 0.928737 0.170097 0.002089 -0.000033 -0.596415 0.802674
23.999993 -4.910228 0.619226 0.131903 -0.004017 0.001262 -0.590419 0.807086
24.199993 -4.917158 0.319069 0.099837 -0.006003 0.009522 -0.595617 0.803190
24.399993 -4.912070 0.019235 0.064523 0.000642 0.025704 -0.610181 0.791845
24.599991 -4.884242 -0.285204 0.038670 0.016072 0.017333 -0.641066 0.767122
24.799992 -4.840495 -0.584110 0.013083 0.030165 -0.012938 -0.693524 0.719685
24.999993 -4.820749 -0.876457 -0.018233 0.026179 -0.017414 -0.753539 0.656651
25.199994 -4.838275 -1.167580 -0.056916 0.002946 0.006476 -0.814588 0.579996
25.399994 -4.850979 -1.449483 -0.091625 -0.032846 0.018075 -0.877326 0.478428
25.599994 -4.818853 -1.719827 -0.141900 0.002698 -0.013802 0.937286 -0.348277
25.799993 -4.764720 -1.995232 -0.163165 -0.135766 -0.005641 0.973344 -0.184761
25.999992 -4.778456 -2.336318 -0.168271 -0.095084 -0.023771 0.995139 -0.009663
26.199987 -4.899766 -2.657673 -0.160563 -0.005478 0.035811 0.985794 0.164006
26.399989 -5.042812 -2.892426 -0.130856 0.023099 0.060425 0.942091 0.329060
26.599990 -5.159466 -3.103747 -0.127137 -0.041555 -0.004304 0.866141 0.498051
26.799991 -5.279739 -3.310447 -0.091998 -0.100290 -0.070156 0.771116 0.624820
26.999993 -5.496511 -3.494964 -0.035693 -0.023649 -0.064499 0.713059 0.697731
27.199993 -5.779985 -3.669164 0.024394 0.029103 0.111637 0.684693 0.719642
27.399993 -5.985877 -3.799874 0.119064 0.008633 0.122704 0.692027 0.711314
27.599994 -6.065526 -3.839329 0.191927 -0.070978 0.010828 0.712562 0.697925
27.799994 -6.152603 -3.787986 0.306389 0.000804 -0.075456 0.737545 0.671068
27.999994 -6.319900 -3.732902 0.391831 0.033643 -0.016016 0.755475 0.654117
28.199992 -6.509895 -3.722193 0.443790 -0.023032 0.092630 0.748964 0.655699
28.399992 -6.650729 -3.677100 0.488551 -0.046149 0.088652 0.717124 0.689742
28.599993 -6.740541 -3.531014 0.524572 0.030215 0.036469 0.665805 0.744621
28.799994 -6.779294 -3.324868 0.526635 0.085333 0.015320 0.595935 0.798339
28.999994 -6.780263 -3.089154 0.549089 0.165636 -0.046465 0.494867 0.851770
29.199994 -6.757694 -2.932931 0.537347 0.113199 -0.003651 0.403923 0.907755
29.399994 -6.704845 -2.913290 0.489105 0.025388 0.029805 0.288544 0.956666
29.599994 -6.611667 -2.928123 0.430925 0.044640 -0.019954 0.149288 0.987584
29.799992 -6.502765 -2.951542 0.389864 0.121916 0.006259 0.006516 0.992499
29.999991 -6.373131 -3.043595 0.317336 0.053145 0.045535 -0.138487 0.987888
30.199989 -6.211836 -3.181697 0.257669 0.048601 0.017501 -0.272887 0.960658
30.399986 -6.044489 -3.320287 0.201439 0.087223 0.023543 -0.382197 0.919654
30.599984 -5.894508 -3.490878 0.148981 0.079614 0.021621 -0.468758 0.879466
30.799985 -5.755601 -3.712216 0.096440 0.045936 0.002811 -0.530993 0.846125
30.999988 -5.616976 -3.961237 0.046098 0.044274 0.010384 -0.566698 0.822669
31.199989 -5.477408 -4.236343 -0.004627 0.042681 0.017003 -0.586421 0.808702
31.399991 -5.333733 -4.544910 -0.038709 -0.036658 0.043723 -0.602770 0.795873
31.599991 -5.161470 -4.860071 -0.101475 0.014967 -0.001155 -0.656324 0.754330
31.799989 -4.965452 -5.137463 -0.159384 0.095155 -0.040947 -0.742201 0.662123
31.999990 -4.856289 -5.435186 -0.180274 0.079962 -0.043208 -0.845212 0.526646
32.199991 -4.832535 -5.707771 -0.173092 -0.000218 -0.026849 -0.924774 0.379567
32.399992 -4.842835 -5.961331 -0.156946 0.002716 0.043679 0.967655 -0.248452
32.599994 -4.846604 -6.182698 -0.113362 -0.031890 -0.005509 0.986262 -0.161987
32.799994 -4.861812 -6.387333 -0.063065 -0.027454 -0.079313 0.988888 -0.122706
32.999994 -4.882586 -6.653805 -0.024927 0.003396 0.005542 0.993155 -0.116620
33.199994 -4.904948 -6.919810 -0.008399 0.013873 0.109510 0.987978 -0.108238
33.399994 -4.918729 -7.082845 -0.014595 -0.000939 0.091499 0.992171 -0.084990
33.599994 -4.933349 -7.122126 -0.032537 -0.006501 0.021652 0.999624 -0.015522
33.799994 -4.947641 -7.118310 -0.055169 0.012546 -0.000710 0.995389 0.095091
33.999994 -4.936025 -7.138564 -0.076705 0.005870 0.029065 0.971428 0.235473
34.199994 -4.920365 -7.154931 -0.113396 -0.038216 0.054007 0.916619 0.394249
34.399994 -4.917547 -7.108818 -0.150250 -0.042777 0.037110 0.835235 0.546969
34.599994 -4.930204 -6.981229 -0.180223 -0.006047 0.011503 0.731033 0.682219
34.799994 -4.929725 -6.818663 -0.206408 -0.002695 0.012744 0.621863 0.783018
34.999994 -4.917291 -6.625911 -0.228510 -0.029847 0.025302 0.513242 0.857351
35.199994 -4.896799 -6.393133 -0.227446 -0.006629 0.013871 0.420730 0.907056
35.399994 -4.862380 -6.126224 -0.218328 0.026356 0.013093 0.338951 0.940344
35.599993 -4.815877 -5.855794 -0.202146 0.045911 0.029074 0.272410 0.960645
35.799992 -4.737346 -5.617493 -0.182743 0.054672 0.040428 0.220940 0.972914
35.999991 -4.618118 -5.409336 -0.162603 0.036317 0.029683 0.180076 0.982534
36.199990 -4.459114 -5.205186 -0.144138 0.069696 0.035947 0.149517 0.985644
36.399989 -4.265006 -5.004521 -0.127984 0.093174 0.036843 0.125500 0.987021
36.599987 -4.031699 -4.847227 -0.112135 0.070532 0.030424 0.104467 0.991558
36.799985 -3.758581 -4.740891 -0.090091 0.058037 0.018361 0.085264 0.994497
36.999972 -3.457990 -4.674122 -0.062598 0.074463 0.008166 0.070470 0.994697
37.199954 -3.150272 -4.650918 -0.036879 0.058651 -0.018104 0.056944 0.996489
37.399980 -2.845292 -4.665413 -0.031273 0.019321 -0.025578 0.048304 0.998318
37.599983 -2.576983 -4.679842 -0.037194 0.018557 0.010437 0.043309 0.998835
37.799986 -2.315243 -4.677846 -0.021392 0.128715 0.001280 0.037339 0.990978
37.999989 -2.027881 -4.747800 0.009959 -0.028725 -0.009377 0.027818 0.999156
38.199990 -1.727978 -4.825780 0.019159 -0.019883 -0.008458 0.021772 0.999529
38.399991 -1.434658 -4.839977 0.025788 0.052521 0.000090 0.015479 0.998500
38.599991 -1.147808 -4.856931 0.017675 0.058346 -0.006993 0.004024 0.998264
38.799992 -0.844936 -4.907580 0.022349 0.016480 -0.029939 -0.009095 0.999374
38.999992 -0.560992 -4.958912 0.031378 -0.009883 0.008975 -0.020455 0.999702
39.199992 -0.287657 -4.975931 0.067181 0.015956 -0.022683 -0.037339 0.998918
39.399993 -0.013118 -4.972458 0.092687 0.061049 -0.059853 -0.059620 0.994553
39.599993 0.221432 -4.990819 0.111458 0.132667 -0.054483 -0.092206 0.985357
39.799993 0.403823 -5.084565 0.099898 0.120958 -0.031135 -0.134121 0.983062
39.999994 0.558208 -5.279267 0.084848 -0.018024 -0.087475 -0.190255 0.977664
40.199994 0.670925 -5.438016 0.050928 0.015828 -0.071493 -0.259723 0.962903
40.399994 0.728613 -5.515426 0.016948 0.076253 -0.003017 -0.364037 0.928253
40.599994 0.760992 -5.623421 -0.018008 0.088641 -0.037645 -0.502898 0.858964
40.799992 0.758492 -5.785913 -0.045941 0.052937 -0.011052 -0.644353 0.762813
40.999991 0.714341 -5.954451 -0.058448 -0.012594 0.015609 -0.769622 0.638184
41.199990 0.687258 -6.099790 -0.026891 -0.045907 0.000726 -0.873289 0.485035
41.399990 0.686697 -6.240746 -0.000587 -0.075463 -0.036935 0.939431 -0.332280
41.599990 0.690982 -6.393369 0.037011 -0.045507 -0.000943 0.978044 -0.203367
41.799991 0.679850 -6.552343 0.073836 -0.006487 -0.003078 0.993624 -0.112516
41.999992 0.665687 -6.681109 0.120098 -0.014782 -0.038991 0.998286 -0.041056
42.199993 0.655067 -6.812626 0.179427 -0.048027 -0.037859 0.997582 0.033024
42.399993 0.624202 -6.962244 0.266101 -0.055565 -0.003637 0.991756 0.115407
42.599994 0.535326 -7.103855 0.362005 0.010955 0.044295 0.977136 0.207659
42.799994 0.441764 -7.199719 0.428846 0.119416 0.069607 0.940330 0.310924
42.999994 0.465933 -7.232451 0.496576 0.067941 0.042461 0.908972 0.409085
43.199994 0.601618 -7.222674 0.553159 0.019741 -0.027278 0.855822 0.516173
43.399994 0.762587 -7.200675 0.595705 0.032404 -0.030160 0.777117 0.627798
43.599993 0.913263 -7.207156 0.618383 -0.059062 -0.028500 0.691716 0.719186
43.799994 1.055768 -7.209499 0.648244 -0.163565 -0.027548 0.585830 0.793278
43.999994 1.084361 -7.092006 0.654306 -0.037863 -0.096852 0.519579 0.848070
44.199985 1.017986 -6.911538 0.631126 0.237075 0.083627 0.444261 0.859904
44.399960 0.986926 -6.817815 0.626475 0.166738 0.139831 0.416533 0.882693
44.599989 1.103671 -6.837173 0.520704 -0.008292 -0.012468 0.348313 0.937259
44.799989 1.292129 -6.827905 0.451416 0.042292 -0.135957 0.285683 0.947688
44.999985 1.405805 -6.815090 0.369286 0.078620 -0.037781 0.254065 0.963246
45.199987 1.486477 -6.850381 0.287978 -0.005025 -0.059503 0.245277 0.967612
45.399990 1.547585 -6.898389 0.235758 -0.032399 -0.110512 0.279935 0.953086
45.599990 1.533327 -6.923218 0.182439 0.000884 -0.092330 0.330824 0.939164
45.799988 1.460421 -6.945509 0.158336 0.006734 -0.034112 0.389337 0.920439
45.999990 1.380670 -6.966340 0.156736 -0.049298 -0.059740 0.452904 0.888189
46.199991 1.256984 -6.960668 0.182504 -0.068792 -0.045363 0.518220 0.851268
46.399992 1.079546 -6.911452 0.222995 -0.053228 -0.059577 0.587992 0.804912
46.599992 0.848246 -6.828919 0.274653 -0.039736 -0.027592 0.656619 0.752669
46.799992 0.578374 -6.715116 0.318487 -0.031434 0.020400 0.724314 0.688451
46.999993 0.298094 -6.558297 0.344205 -0.030502 0.042227 0.789399 0.611667
47.199994 0.047609 -6.350398 0.349762 -0.009969 0.022407 0.846873 0.531230
47.399994 -0.188799 -6.087830 0.335938 0.002004 -0.010693 0.893902 0.448130
47.599994 -0.414228 -5.813413 0.301178 0.021782 -0.027398 0.930470 0.364693
47.799994 -0.613956 -5.562340 0.255231 0.010986 -0.052227 0.955917 0.288747
47.999993 -0.809073 -5.338079 0.210170 -0.025399 -0.088550 0.970685 0.222002
48.199993 -1.029910 -5.150500 0.173272 -0.024525 -0.085716 0.982332 0.164543
48.399993 -1.288337 -5.002946 0.134155 -0.010538 -0.078419 0.989680 0.119467
48.599992 -1.564764 -4.896424 0.088696 -0.010131 -0.071468 0.993336 0.089852
48.799992 -1.594781 -4.823278 0.047484 -0.022148 -0.069987 0.994295 0.077393
48.999991 -1.896438 -4.796515 0.023719 -0.021319 -0.072372 0.994071 0.078302
49.199992 -2.033151 -4.802989 -0.015582 -0.010766 -0.056429 0.993771 0.095497
49.399993 -2.381026 -4.844981 -0.032737 -0.002879 -0.028899 0.991497 0.126844
49.599993 -2.546121 -4.891372 -0.047156 -0.009191 -0.000160 0.984600 0.174580
49.799994 -2.895952 -4.923478 -0.067857 -0.005112 -0.004278 0.973676 0.227839
49.999994 -3.159897 -4.925695 -0.087993 0.005853 -0.001392 0.958124 0.286291
50.199994 -3.502842 -4.914151 -0.101181 0.004443 0.018592 0.938539 0.344644
50.399994 -3.732777 -4.883832 -0.112326 0.000093 0.036828 0.915545 0.400526
50.599993 -4.035420 -4.806836 -0.114690 0.004064 0.046682 0.888903 0.455693
50.799992 -4.292057 -4.682306 -0.116163 0.012724 0.042953 0.862514 0.504046
50.999992 -4.497039 -4.521265 -0.113877 0.017549 0.044809 0.836671 0.545587
51.199992 -4.677402 -4.319463 -0.100772 0.014037 0.048870 0.812015 0.581417
51.399992 -4.829496 -4.088731 -0.083039 0.003225 0.038060 0.791734 0.609670
51.599991 -4.953967 -3.829429 -0.051259 -0.009122 0.004300 0.774255 0.632793
51.799989 -5.075210 -3.549149 0.005463 0.007439 -0.012900 0.760600 0.649049
51.999990 -5.197075 -3.256693 0.079892 0.018676 0.005950 0.749275 0.661969
52.199990 -5.292518 -2.967687 0.185708 0.015235 0.014854 0.740193 0.672058
52.399990 -5.360299 -2.668775 0.309325 0.013305 0.001713 0.731563 0.681642
52.599990 -5.418345 -2.355131 0.437227 0.019769 -0.008780 0.723555 0.689928
52.799989 -5.472148 -2.037981 0.574132 0.025750 -0.005133 0.715658 0.697957
52.999986 -5.508873 -1.733147 0.694145 0.019562 0.002930 0.707574 0.706362
53.199985 -5.520911 -1.418559 0.783852 0.037994 -0.026434 0.687769 0.724452
53.399990 -5.519841 -1.108740 0.886895 0.082452 -0.084035 0.650146 0.750633
53.599991 -5.522521 -0.863874 0.943603 0.092576 -0.085296 0.612496 0.780386
53.799991 -5.533131 -0.702901 0.979105 0.041343 -0.030582 0.575832 0.815949
53.999992 -5.539935 -0.615723 0.996965 0.035995 -0.035453 0.526861 0.848449
54.199993 -5.542691 -0.543432 1.005064 0.069195 -0.045632 0.469621 0.878969
54.399994 -5.544993 -0.507206 0.999737 0.073115 -0.036501 0.408690 0.909007
54.599994 -5.546159 -0.524177 0.988846 0.040789 -0.012315 0.346644 0.937029
54.799994 -5.543417 -0.584709 0.941425 0.052572 -0.019783 0.280077 0.958333
54.999994 -5.538960 -0.672585 0.894134 -0.036899 -0.001208 0.239164 0.970277
55.199994 -5.540529 -0.778010 0.823187 -0.108860 0.025764 0.198968 0.973600
55.399994 -5.542542 -0.791093 0.795564 -0.058042 0.002895 0.176493 0.982585
55.599994 -5.542900 -0.735041 0.792230 -0.006073 -0.015604 0.157234 0.987419
55.799994 -5.547460 -0.662651 0.812707 -0.066240 0.001417 0.140160 0.987910
55.999994 -5.553918 -0.555950 0.850228 -0.065135 -0.002150 0.128500 0.989566
56.199994 -5.563516 -0.380091 0.889912 -0.035423 -0.011136 0.122390 0.991787
56.399994 -5.581278 -0.167755 0.936335 -0.048842 -0.006250 0.118632 0.991717
56.599994 -5.604913 0.079685 0.977297 -0.058655 0.009179 0.118449 0.991184
56.799994 -5.625538 0.379800 1.011677 -0.025176 0.021407 0.128987 0.991096
56.999994 -5.621193 0.687877 1.037965 -0.009380 0.007525 0.139469 0.990153
57.199994 -5.600748 1.006122 1.049258 -0.012840 -0.019592 0.152651 0.988003
57.399994 -5.592642 1.324991 1.056586 -0.008814 -0.012537 0.166829 0.985867
57.599994 -5.599575 1.647051 1.043915 0.006126 0.012996 0.181160 0.983349
57.799993 -5.593238 1.972488 1.040708 0.018306 0.035674 0.196422 0.979699
57.999993 -5.550733 2.293629 1.075191 0.034194 0.038646 0.213015 0.975685
58.199993 -4.857148 2.374684 0.867148 0.034961 0.045594 0.212999 0.975362
58.399993 -4.722905 2.644367 0.881549 0.077042 0.019676 0.223870 0.971370
58.599993 -4.541174 2.873942 0.885243 0.040209 -0.010379 0.235899 0.970890
58.799992 -4.357767 3.058759 0.833579 -0.006344 0.062537 0.244765 0.967543
58.999993 -4.133685 3.276481 0.791182 0.035210 0.012778 0.251092 0.967238
59.199993 -3.872899 3.495103 0.755793 0.072163 -0.009630 0.251215 0.965189
59.399993 -3.601328 3.652243 0.734990 0.049448 0.005251 0.250468 0.966847
59.599993 -3.300057 3.763462 0.709778 0.012007 0.009538 0.241970 0.970163
59.799993 -2.965279 3.870058 0.698628 0.005075 -0.018556 0.229358 0.973152
59.999992 -2.622887 3.975749 0.696303 0.013123 -0.020745 0.213033 0.976737
60.199992 -2.283220 4.066082 0.705902 -0.008876 -0.066934 0.182448 0.980894
60.399992 -1.945125 4.138799 0.749652 -0.001452 -0.108275 0.143845 0.983658
60.599992 -1.671138 4.200270 0.786196 0.003591 -0.104204 0.092738 0.990216
60.799991 -1.506938 4.248927 0.822010 0.012822 -0.053999 0.027333 0.998084
60.999991 -1.446197 4.286475 0.865812 0.016709 -0.044032 -0.044652 0.997892
61.199991 -1.441954 4.326475 0.887350 -0.005137 0.106468 -0.113492 0.987805
61.399992 -1.401915 4.359032 0.861579 -0.013752 0.137057 -0.184556 0.973122
61.599994 -1.220939 4.390514 0.803963 -0.026544 -0.014056 -0.237876 0.970831
61.799994 -0.995173 4.451340 0.764568 -0.054316 -0.003415 -0.280518 0.958305
61.999994 -0.770242 4.566973 0.749453 -0.046434 0.072143 -0.307459 0.947686
62.199994 -0.503368 4.702683 0.751629 -0.003314 0.045997 -0.315644 0.947756
62.399994 -0.186480 4.825780 0.746288 -0.000751 -0.019822 -0.309702 0.950627
62.599994 0.129846 4.951827 0.739853 0.052415 -0.034403 -0.292508 0.954205
62.799994 0.416595 5.066410 0.710399 0.050316 0.011411 -0.264031 0.963133
62.999994 0.688224 5.150119 0.663298 0.101157 0.046699 -0.225892 0.967760
63.199994 0.973922 5.161786 0.586472 0.051180 0.010749 -0.188164 0.980744
63.399994 1.283152 5.124069 0.497209 -0.013111 -0.068717 -0.148947 0.986367
63.599994 1.567849 5.108441 0.401493 -0.063763 -0.130420 -0.119809 0.982126
63.799994 1.766323 5.165396 0.301581 -0.023778 0.009665 -0.132507 0.990850
63.999994 1.922595 5.268765 0.259221 0.059515 0.059752 -0.179007 0.980227
64.199994 2.117472 5.341381 0.226281 0.070892 -0.038048 -0.265708 0.960690
64.399994 2.295721 5.348766 0.145826 -0.014867 0.031063 -0.348271 0.936761
64.599994 1.741373 5.661760 0.029153 -0.032992 0.090971 -0.401510 0.910728
64.799994 2.026829 5.697039 0.009656 0.107972 0.086381 -0.456112 0.879115
64.999994 2.386145 5.670000 -0.005456 0.097224 -0.005367 -0.478162 0.872857
65.199994 2.730101 5.554412 -0.021532 -0.008618 -0.185062 -0.463191 0.866679
65.399994 2.939930 5.474583 -0.025259 -0.091952 -0.102523 -0.457504 0.878478
65.599994 3.050114 5.540309 -0.059392 -0.014235 0.101049 -0.514471 0.851414
65.799994 3.288625 5.633120 -0.015372 0.168279 0.071570 -0.633302 0.751990
65.999994 3.526572 5.605652 0.037327 0.123652 -0.075696 -0.769411 0.622083
66.199994 3.631966 5.513179 0.099711 0.040851 -0.101816 -0.883846 0.454733
66.399994 3.643755 5.461542 0.141417 0.038323 0.018211 0.961364 -0.271992
66.599994 3.684604 5.474440 0.170573 -0.028422 -0.074123 0.989580 -0.120120
66.799994 3.749337 5.471311 0.191021 -0.120850 -0.053847 0.991209 0.000493
66.999994 3.740945 5.412092 0.220336 -0.125949 0.035403 0.989841 0.055665
67.199994 3.615379 5.363087 0.238329 -0.061984 0.047871 0.995477 0.053786
67.399994 3.422359 5.366727 0.236084 -0.023670 -0.001577 0.999704 0.005425
67.599994 3.227285 5.390952 0.218721 -0.041847 -0.039657 0.995201 -0.079058
67.799994 3.035943 5.394729 0.200028 -0.066897 -0.026831 0.979561 -0.187793
67.999994 2.806986 5.374397 0.197285 -0.039425 -0.016459 0.950660 -0.307279
68.199994 2.539741 5.336173 0.209761 -0.001601 -0.044542 0.905128 -0.422796
68.399994 2.270032 5.282594 0.229115 -0.005032 -0.073052 0.848585 -0.523967
68.599994 2.035707 5.184293 0.263985 0.015787 0.073369 -0.789297 0.609408
68.799994 1.842151 5.034920 0.303409 0.028748 0.027199 -0.732116 0.680030
68.999993 1.660187 4.867153 0.344447 0.012862 0.021399 -0.674860 0.737524
69.199992 1.486116 4.691345 0.369677 0.003837 0.072106 -0.624348 0.777801
69.399993 1.331101 4.494163 0.393305 0.005276 0.083164 -0.583664 0.807708
69.599993 1.225653 4.257327 0.413201 -0.002330 0.052500 -0.547775 0.834974
69.799993 1.160770 3.997958 0.423230 -0.023676 0.021936 -0.512210 0.858254
69.999993 1.133393 3.758800 0.417645 -0.007196 0.033481 -0.472421 0.880707
70.199993 1.147890 3.526696 0.420488 -0.005459 0.019518 -0.428843 0.903152
70.399993 1.200476 3.295209 0.390734 -0.011005 0.057415 -0.375492 0.924980
70.599991 1.294892 3.062678 0.358615 0.006047 0.082306 -0.300784 0.950115
70.799991 1.466780 2.817097 0.333309 -0.009833 0.013798 -0.195243 0.980608
70.999989 1.674403 2.578865 0.252205 -0.078314 0.026391 -0.067689 0.994278
71.199969 1.870760 2.408472 0.136771 0.001288 0.070136 0.068572 0.995177
71.399853 2.120408 2.285843 0.083681 0.083687 0.019638 0.190820 0.977854
71.599945 2.420403 2.111134 0.052851 0.045766 -0.004306 0.287749 0.956602
71.799955 2.750800 1.859210 0.038890 -0.032077 0.022120 0.358039 0.932893
71.999965 3.102060 1.625926 0.027338 -0.061174 0.009779 0.389362 0.918999
72.199977 3.444883 1.464030 0.040127 0.108781 -0.108364 0.381466 0.911541
72.399980 3.749633 1.274633 0.019312 0.111433 -0.095809 0.329605 0.932611
72.599643 3.975077 0.927573 0.000857 -0.008145 0.161649 0.266135 0.950250
72.799987 4.324602 0.598677 -0.014625 -0.082341 -0.068209 0.160276 0.981264
72.999990 4.651042 0.400373 -0.030262 0.071208 -0.133434 0.027830 0.988104
73.199987 4.805461 0.165483 -0.022464 0.001430 0.013255 -0.107917 0.994071
73.399988 4.959816 -0.137422 -0.021167 0.003826 -0.015170 -0.262063 0.964924
73.599985 5.125234 -0.440574 -0.005455 0.072167 -0.056134 -0.387246 0.917432
73.799988 5.245000 -0.711191 0.030686 0.066957 0.003476 -0.491890 0.868072
73.999991 5.335587 -0.986876 0.080539 0.039812 -0.038002 -0.589071 0.806205
74.199993 5.403197 -1.260692 0.090261 0.030836 -0.030875 -0.659874 0.750108
74.399994 5.426720 -1.552020 0.129390 -0.150788 -0.218766 -0.688707 0.674601
74.599994 5.429627 -1.756732 0.101824 -0.363479 -0.369949 -0.637055 0.570248
74.799994 5.447155 -1.513543 -0.111135 0.033067 0.064113 -0.741361 0.667218
74.999993 5.454500 -1.089368 -0.078317 0.240819 0.278894 -0.697148 0.614987
75.199992 5.452129 -0.893692 0.010936 0.232838 0.232723 -0.703270 0.630110
75.399994 5.449600 -1.070236 0.022118 -0.051841 -0.096365 -0.739420 0.664292
75.599994 5.426857 -1.367221 0.028006 -0.186428 -0.206500 -0.708965 0.648051
75.799994 5.418711 -1.449874 0.040673 -0.083218 0.019728 -0.736501 0.671008
75.999994 5.480729 -1.327536 0.046636 0.115407 0.158257 -0.731282 0.653347
76.199993 5.547686 -1.280794 0.097523 0.161728 0.006525 -0.727613 0.666619
76.399994 5.523298 -1.361966 0.115556 -0.026724 -0.104573 -0.739272 0.664701
76.599994 5.437646 -1.404447 0.131593 -0.124126 -0.019334 -0.731435 0.670240
76.799994 5.417315 -1.334387 0.133257 -0.008031 0.087268 -0.737630 0.669494
76.999994 5.481795 -1.275334 0.120459 0.097676 0.041483 -0.732805 0.672112
77.199994 5.516966 -1.318645 0.112763 0.038147 -0.045882 -0.735374 0.675029
77.399994 5.490274 -1.383420 0.094471 -0.036920 -0.034102 -0.735063 0.676133
77.599994 5.454715 -1.376150 0.080181 -0.019692 0.033262 -0.734547 0.677456
77.799994 5.465829 -1.334370 0.061911 0.036091 0.041548 -0.734028 0.676886
77.999994 5.488343 -1.325191 0.054586 0.028200 -0.007258 -0.733592 0.678966
78.199994 5.487978 -1.343989 0.049283 -0.005147 -0.011874 -0.733643 0.679412
78.399994 5.473903 -1.351791 0.051556 -0.005568 0.014394 -0.733391 0.679632
78.599994 5.471457 -1.344135 0.054386 0.013027 0.026630 -0.733253 0.679310
78.799994 5.479739 -1.341382 0.058093 0.017950 0.012090 -0.733178 0.679693
78.999994 5.482962 -1.348499 0.064743 0.006672 0.001726 -0.733322 0.679847
79.199994 5.479050 -1.352319 0.073283 0.003094 0.007641 -0.733244 0.679916
79.399994 5.476189 -1.348139 0.083922 0.008818 0.014104 -0.733249 0.679757
79.599994 5.476883 -1.344027 0.094429 0.012903 0.011477 -0.733219 0.679774
79.799994 5.478102 -1.345253 0.104444 0.010723 0.006509 -0.733265 0.679827
79.999994 5.477547 -1.348207 0.111918 0.008972 0.006642 -0.733370 0.679738
80.199994 5.476541 -1.349095 0.116401 0.010162 0.008935 -0.733310 0.679760
80.399994 5.476483 -1.347547 0.114631 0.011786 0.009163 -0.733360 0.679676
