15.800000 -2.432769 2.457962 0.144939 0.048750 0.003204 0.849202 0.525804
16.000000 -2.518619 2.675588 0.147764 -0.088021 0.034336 0.892004 0.442042
16.200000 -2.618633 2.929395 0.182200 -0.069545 0.033988 0.943598 0.321917
16.400000 -2.750619 3.259567 0.158710 0.016664 -0.001886 0.983221 0.181646
16.600000 -2.873180 3.620588 0.075638 0.067196 -0.044735 0.996161 0.033866
16.800000 -2.930612 3.950202 0.028397 0.048292 -0.018607 0.993154 -0.104720
17.000000 -2.929198 4.216376 -0.002850 0.018701 0.041624 0.966604 -0.252181
17.200000 -2.893118 4.463069 0.001643 -0.016664 0.041833 0.913104 -0.405232
17.400000 -2.873170 4.739549 0.023568 0.147209 0.011958 -0.850257 0.505223
17.800000 -3.131764 5.073957 0.010087 0.009438 0.024676 0.956897 -0.289225
18.000000 -3.267484 5.199784 -0.026826 0.091995 0.016022 0.991683 -0.088571
18.200000 -3.369037 5.342521 -0.067433 -0.012496 -0.070665 0.997385 0.008581
18.400000 -3.407403 5.453642 -0.033296 -0.136244 -0.080891 0.987078 0.023887
18.800000 -3.828903 5.409387 0.150803 -0.024249 0.053314 0.994006 -0.092310
19.200000 -4.431286 5.353961 0.318063 0.129754 -0.038930 0.969813 -0.202758
19.800000 -4.731514 5.322601 0.443124 0.021222 0.010194 0.940269 -0.339616
20.200000 -4.800487 5.282296 0.466247 0.076380 -0.032608 0.892195 -0.443949
20.600000 -4.663981 5.282862 0.448714 -0.031660 0.016061 -0.837240 0.545682
21.200000 -4.137691 5.250554 0.393609 -0.002514 0.034116 -0.756136 0.653520
21.600000 -3.641847 5.154469 0.351957 -0.009848 -0.021849 -0.729173 0.683910
22.200000 -3.020320 5.061294 0.249600 0.068533 -0.030425 -0.756733 0.649410
22.800000 -2.897874 4.730090 0.099533 0.061407 -0.002523 -0.838242 0.541823
23.200000 -2.868332 4.415900 0.031215 -0.054081 0.014139 0.891030 -0.450490
23.800000 -3.083737 3.840617 -0.001801 -0.044142 0.051437 0.934070 -0.350598
24.200000 -3.548388 3.564478 0.000664 -0.032337 0.041001 0.937514 -0.344007
24.600000 -4.112755 3.346783 0.031963 0.051190 -0.006163 0.901252 -0.430216
25.000000 -4.536515 3.137595 0.058181 -0.011836 0.099416 -0.830680 0.547674
25.400000 -4.746456 2.739427 0.092665 -0.011773 0.020019 -0.737891 0.674520
25.800000 -4.917302 2.188711 0.137470 -0.037628 0.075056 -0.653383 0.752357
26.200000 -4.861793 1.572731 0.182417 0.016983 -0.052826 -0.625357 0.778363
26.600000 -4.903419 0.959265 0.160494 -0.075731 0.029537 -0.648530 0.756836
27.000000 -4.973237 0.416808 0.115168 0.041496 -0.001494 -0.683633 0.728644
27.400000 -4.833122 -0.239702 0.161523 -0.039274 -0.054759 -0.658265 0.749764
27.600000 -4.760338 -0.510356 0.162209 0.076106 -0.069652 -0.622391 0.775878
28.000000 -4.897221 -1.104628 0.117338 -0.056444 -0.015803 -0.578749 0.813397
28.400000 -5.104904 -1.617812 0.072847 -0.067692 -0.022662 -0.523995 0.848724
29.000000 -5.284426 -2.174236 0.079958 -0.090444 -0.031708 -0.603623 0.791489
29.400000 -5.417239 -2.418153 0.077484 -0.076752 0.041119 -0.736813 0.670467
29.600000 -5.364108 -2.434767 0.042532 0.027940 0.091219 -0.790916 0.604442
30.000000 -5.229972 -2.713022 0.049342 -0.094806 -0.112094 -0.776657 0.612578
30.400000 -5.168595 -2.772182 0.086341 -0.031210 -0.002467 -0.701942 0.711545
31.200000 -4.886999 -2.360778 0.288354 -0.041120 -0.023574 -0.726062 0.685994
31.800000 -4.725978 -1.638978 0.420449 0.002940 -0.090709 -0.821851 0.562428
32.200000 -4.778937 -0.991182 0.490559 0.063801 -0.037462 0.918017 -0.389578
32.400000 -4.799254 -0.666049 0.521270 0.016006 -0.002522 0.959490 -0.281275
32.600000 -4.783070 -0.350986 0.559118 -0.064879 0.045465 0.985543 -0.149761
32.800000 -4.800533 -0.023882 0.592825 -0.044914 0.054782 0.997484 -0.002768
33.000000 -4.863046 0.335660 0.625999 0.025554 0.033626 0.987463 0.152093
33.200000 -4.893723 0.719045 0.656267 0.028132 0.016973 0.953055 0.301008
33.400000 -4.837126 1.112051 0.683753 -0.023720 0.003923 0.894240 0.446941
33.600000 -4.796292 1.465379 0.702846 -0.044858 0.004882 0.817633 0.573969
33.800000 -4.806042 1.817002 0.721701 0.123628 -0.143906 0.719557 0.668016
34.000000 -4.822125 2.123231 0.828965 0.268360 -0.218552 0.652192 0.674436
34.200000 -4.828768 2.205856 0.862275 0.167990 -0.171166 0.658100 0.713713
34.400000 -4.840243 1.991963 0.888126 -0.257995 0.267944 0.638102 0.674144
35.000000 -4.762928 2.491705 0.984869 0.161625 -0.199685 0.612042 0.747936
35.200000 -4.769921 2.893518 0.965549 0.284335 -0.183905 0.509797 0.790848
35.400000 -4.815833 3.014876 0.864882 0.106776 0.036516 0.484216 0.867641
35.600000 -4.799616 2.957272 0.743500 -0.120192 0.137939 0.402053 0.897151
35.800000 -4.697713 2.933702 0.662638 -0.032686 -0.137231 0.306153 0.941472
36.000000 -4.645044 2.895412 0.602751 -0.199657 -0.036349 0.156315 0.966634
36.200000 -4.723143 2.859258 0.520644 0.279238 0.048793 0.081246 0.955534
36.400000 -4.769227 2.828952 0.512612 0.275454 -0.070233 -0.067584 0.956360
36.600000 -4.840085 2.436671 0.483690 -0.303525 -0.045364 -0.157718 0.938584
37.000000 -5.009587 2.068091 0.545084 -0.108564 0.052580 -0.323858 0.938384
37.200000 -4.931942 2.186307 0.524360 0.270313 0.061612 -0.368454 0.887342
37.400000 -4.834938 2.192511 0.590109 0.250412 -0.022826 -0.448628 0.857616
37.600000 -4.860844 1.945412 0.571072 -0.126097 -0.114023 -0.546999 0.819689
37.800000 -4.951190 1.712533 0.633333 -0.298714 -0.059634 -0.534475 0.788384
38.000000 -4.977278 1.704376 0.675391 -0.154681 0.042467 -0.572909 0.803770
38.200000 -4.850583 1.831940 0.668152 0.088786 0.019523 -0.555593 0.826470
38.400000 -4.704374 1.927639 0.708823 0.021460 -0.156442 -0.517880 0.840753
38.650000 -4.685537 2.003304 0.732494 -0.182355 -0.149001 -0.455258 0.858653
38.800000 -4.768442 2.204746 0.732321 -0.153192 0.079294 -0.409420 0.895891
39.000000 -4.765670 2.518580 0.716797 -0.037736 -0.052393 -0.310003 0.948541
39.400000 -4.698830 3.281729 0.709816 -0.143569 -0.017980 -0.123501 0.981739
39.600000 -4.729174 3.785159 0.684149 -0.090400 0.037257 -0.039972 0.994405
39.800000 -4.744910 4.368880 0.645995 -0.083451 0.003385 0.046625 0.995415
40.000000 -4.766983 5.013993 0.601899 -0.109817 0.000489 0.119944 0.986688
40.200000 -4.807040 5.724252 0.540661 -0.082294 0.019010 0.170834 0.981673
40.400000 -4.846833 6.514623 0.490552 -0.059491 0.038944 0.221898 0.972474
40.600000 -4.862742 7.339380 0.423593 -0.062191 0.050144 0.257094 0.963079
40.800000 -4.849803 8.209009 0.337899 0.027187 0.021439 0.269794 0.962295
41.000000 -4.804455 9.115946 0.316158 0.320490 -0.151695 0.197771 0.913872
41.200000 -4.793950 9.815795 0.194502 -0.205067 0.014335 0.229387 0.951380
41.400000 -4.876292 10.498347 0.090466 -0.533324 0.261606 0.172919 0.785638
41.600000 -4.862796 11.611357 -0.184245 0.047822 0.045153 0.196598 0.978276
41.800000 -4.684906 13.000077 -0.368868 0.211448 -0.113657 0.171979 0.955403
42.000000 -4.585151 14.160439 -0.559401 0.265927 -0.128669 0.165991 0.940837
42.200000 -4.583600 14.977599 -0.722732 -0.023304 0.070779 0.179532 0.980926
42.400000 -4.517376 15.699199 -0.847687 -0.313555 0.123413 0.111308 0.934913
42.600000 -4.385737 16.604024 -0.892461 -0.247619 -0.166007 0.128126 0.945891
42.800000 -4.334409 17.719033 -1.044499 0.048597 -0.122608 0.019915 0.991065
43.000000 -4.433392 18.835883 -1.192178 0.080770 0.091888 -0.066305 0.990271
43.200000 -4.515288 19.846961 -1.318830 -0.064848 0.033841 -0.165281 0.983530
43.400000 -4.515929 20.842393 -1.459643 -0.031908 -0.071098 -0.251896 0.964611
43.600000 -4.565100 21.846526 -1.579225 -0.008508 0.012290 -0.339887 0.940348
43.800000 -4.639195 22.850082 -1.673826 -0.059688 0.045831 -0.426849 0.901186
44.000000 -4.679977 23.839785 -1.760156 -0.041034 0.027069 -0.495907 0.866983
44.200000 -4.677107 24.813157 -1.864609 -0.059835 -0.011658 -0.557213 0.828129
44.400000 -4.677867 25.814947 -1.964196 -0.078100 -0.007858 -0.610889 0.787815
