0.800000 -0.000378 -0.000435 -0.000133 0.000026 -0.000047 -0.000075 1.000000
6.400000 -0.032602 0.027585 0.029624 -0.173084 -0.181521 0.030273 0.967562
6.650000 -0.196666 0.205177 0.007615 0.026098 0.030155 0.016535 0.999068
7.000000 -0.510539 0.535118 -0.073123 -0.027995 -0.144074 0.002314 0.989168
7.200000 -0.714187 0.699843 -0.036390 0.102219 -0.055248 -0.000952 0.993226
7.600000 -1.302896 0.840059 0.015900 -0.018446 -0.007628 -0.036391 0.999138
8.050000 -1.807666 0.910301 0.230353 0.063075 0.056564 -0.076842 0.993437
8.450000 -2.172822 0.821316 0.490768 -0.062108 0.009842 -0.117859 0.991037
8.650000 -2.305537 0.827098 0.595656 0.148802 0.059967 -0.120341 0.979684
9.050000 -2.440713 0.603309 0.784298 -0.002447 -0.013774 -0.137356 0.990423
9.650000 -2.359135 0.069306 0.777159 -0.090707 -0.074301 -0.080155 0.989862
10.000000 -2.300090 0.038280 0.714196 -0.005956 0.024864 0.067128 0.997417
10.250000 -2.273628 0.049598 0.678742 -0.049169 0.014328 0.182826 0.981810
10.450000 -2.201957 0.072840 0.627468 -0.082693 -0.007217 0.313263 0.946032
10.600000 -2.147978 0.146656 0.583654 -0.047374 -0.019276 0.452154 0.890472
10.800000 -2.163330 0.280353 0.522626 -0.035159 0.003228 0.576581 0.816277
11.050000 -2.208636 0.464981 0.458598 -0.045449 0.038650 0.677090 0.733478
11.200000 -2.228232 0.683746 0.391350 -0.055593 0.035076 0.758979 0.647788
11.650000 -2.267638 1.197698 0.254160 -0.008914 0.004606 0.864679 0.502224
12.050000 -2.349894 1.755661 0.137608 -0.005392 0.021486 0.918283 0.395304
12.400000 -2.399111 2.406787 0.067702 -0.042027 -0.009576 0.946035 0.321186
12.850000 -2.572762 3.004700 0.092489 -0.044983 0.010048 0.966816 0.251282
13.200000 -2.813293 3.616943 0.122337 0.039128 -0.009601 0.994627 0.095366
13.400000 -2.888400 3.929121 0.123526 0.001386 0.013840 0.999872 -0.007896
13.800000 -2.983536 4.572490 0.063264 -0.006222 -0.020562 0.998295 -0.054280
14.000000 -2.994484 4.862562 0.046982 -0.112639 -0.110330 0.986840 0.035878
14.200000 -3.135515 5.038627 0.020074 0.108609 -0.063548 0.986523 0.104581
14.650000 -3.242601 5.261981 -0.022858 -0.125966 -0.001249 0.984686 0.120521
15.000000 -3.442812 5.568885 0.078933 0.082320 -0.046933 0.994948 -0.033139
15.200000 -3.565502 5.615255 0.144173 0.135072 -0.047772 0.978648 -0.147383
15.450000 -3.555971 5.590165 0.216192 0.056041 -0.058556 0.961936 -0.260979
15.600000 -3.422765 5.566679 0.271717 -0.034306 -0.048634 0.925816 -0.373258
15.850000 -3.298947 5.515764 0.295519 -0.039417 -0.032790 0.878047 -0.475820
16.250000 -3.088760 5.286549 0.209707 0.011121 0.031291 -0.818209 0.573960
16.850000 -2.905217 4.667833 0.054984 0.073478 -0.036127 -0.835293 0.543675
17.450000 -3.047878 3.991740 -0.029250 -0.032006 0.050080 0.900772 -0.430207
18.050000 -3.457034 3.442122 -0.064289 -0.019428 0.099178 0.915536 -0.389333
18.400000 -3.950394 3.335371 -0.069909 0.002957 -0.016566 0.878827 -0.476844
18.800000 -4.380227 3.177331 -0.009659 -0.012591 0.053021 -0.792362 0.607612
19.200000 -4.675055 2.871832 0.033506 0.006477 0.057710 -0.687532 0.723828
19.650000 -4.887504 2.397539 0.079240 0.007373 0.056407 -0.623779 0.779528
20.050000 -4.937818 1.798287 0.117484 -0.017661 -0.005964 -0.644343 0.764510
20.400000 -4.927990 1.206774 0.118335 -0.035879 0.041911 -0.687392 0.724188
20.600000 -4.864867 0.914970 0.092923 0.066995 -0.025815 -0.685498 0.724526
21.000000 -4.892999 0.273134 0.081285 -0.021929 0.020932 -0.644814 0.763738
21.400000 -4.867360 -0.325309 0.105476 -0.034949 -0.034804 -0.589795 0.806045
21.800000 -4.714886 -0.808391 0.182655 0.082431 -0.017156 -0.455861 0.886060
22.000000 -4.771970 -1.104088 0.220376 -0.009265 0.034679 -0.410224 0.911278
22.450000 -4.777605 -1.768317 0.283868 -0.016851 -0.013254 -0.471560 0.881573
22.650000 -4.730922 -2.070747 0.307932 0.019697 -0.057536 -0.569357 0.819838
22.800000 -4.713920 -2.350355 0.358079 0.013588 -0.072399 -0.696160 0.714098
23.000000 -4.787266 -2.594937 0.398616 -0.047359 -0.057198 -0.820193 0.567247
23.200000 -4.901531 -2.737564 0.439230 0.042548 0.049099 0.915201 -0.397727
23.400000 -5.004556 -2.867146 0.420992 -0.003989 0.021696 0.975628 -0.218320
23.650000 -5.077302 -3.004243 0.379263 -0.036223 0.029300 0.997560 -0.052001
23.850000 -5.159649 -3.108557 0.329210 -0.046193 0.048318 0.992274 0.104516
24.050000 -5.292495 -3.143014 0.270663 -0.082617 0.035105 0.967238 0.237472
24.200000 -5.509550 -3.117099 0.196344 -0.051423 0.023295 0.934910 0.350366
24.450000 -5.794066 -3.066267 0.118632 0.046496 0.078379 0.892253 0.442243
24.800000 -6.143599 -2.919356 -0.009648 -0.031257 -0.019983 0.831234 0.554683
25.200000 -6.472449 -2.686540 -0.006647 0.107853 -0.005798 0.813330 0.571690
25.450000 -6.676543 -2.627010 0.023791 0.106479 0.148360 0.806949 0.561680
25.800000 -6.654530 -2.338346 0.200192 0.004338 -0.152917 0.752840 0.640179
26.000000 -6.668978 -2.166695 0.255384 0.199083 -0.156601 0.663563 0.703937
26.200000 -6.731319 -2.174882 0.244652 0.109472 0.091164 0.587541 0.796555
26.400000 -6.707319 -2.341091 0.216902 -0.041547 0.132646 0.444769 0.884794
26.600000 -6.582810 -2.415290 0.198448 0.047320 -0.039262 0.281629 0.957551
26.850000 -6.441908 -2.448741 0.219008 0.161060 -0.049778 0.103844 0.980203
27.000000 -6.344293 -2.576381 0.203384 -0.008575 0.090809 -0.055569 0.994280
27.200000 -6.187695 -2.778405 0.208685 -0.021006 0.033741 -0.219302 0.974847
27.400000 -5.976787 -2.967609 0.207894 0.074349 0.015736 -0.354602 0.931924
27.600000 -5.778652 -3.208765 0.215350 0.049314 0.002656 -0.469384 0.881612
27.800000 -5.594339 -3.529894 0.215172 -0.011797 -0.039497 -0.564254 0.824572
28.200000 -5.242709 -4.134914 0.249534 0.014269 0.010831 -0.686433 0.726972
28.600000 -4.839367 -4.714955 0.283205 0.041190 -0.040887 -0.747820 0.661360
29.000000 -4.617539 -5.317503 0.239019 0.046361 -0.020353 -0.761632 0.646029
29.400000 -4.584044 -5.929022 0.175828 0.022067 -0.038079 -0.788677 0.613230
29.800000 -4.615822 -6.461808 0.142873 0.008381 0.048451 0.876328 -0.479199
30.000000 -4.629193 -6.718733 0.132867 -0.046184 0.068359 0.936665 -0.340370
30.200000 -4.694218 -6.977486 0.117373 -0.066578 0.081927 0.979637 -0.170785
30.450000 -4.829666 -7.169014 0.102251 -0.054726 0.073404 0.995799 -0.000823
30.650000 -4.999035 -7.290776 0.066550 -0.047368 0.047019 0.984294 0.163435
30.800000 -5.182660 -7.381535 0.034940 -0.063913 0.021596 0.942572 0.327118
31.000000 -5.395759 -7.462129 0.008721 -0.034209 0.033881 0.877152 0.477793
31.200000 -5.644329 -7.514004 -0.023254 0.079837 0.117592 0.786955 0.600417
31.400000 -5.805129 -7.532302 -0.057685 0.061763 0.119357 0.702700 0.698679
31.600000 -5.839037 -7.526643 -0.100742 -0.029294 0.047174 0.623418 0.779915
31.800000 -5.830687 -7.492530 -0.130894 -0.026293 0.002171 0.540990 0.840615
32.250000 -5.838564 -7.370020 -0.138508 0.053541 0.050802 0.416848 0.905975
33.000000 -5.340984 -7.352275 -0.019581 -0.000184 0.021855 0.321919 0.946515
33.600000 -4.802747 -7.372908 0.135638 -0.050580 -0.028665 0.340112 0.938586
34.400000 -4.571095 -6.933127 0.399158 -0.051592 0.007537 0.380430 0.923339
35.000000 -4.624999 -6.224237 0.424652 0.012215 0.011974 0.350621 0.936361
35.400000 -4.568992 -5.646700 0.404868 -0.041416 -0.084117 0.299078 0.949611
35.850000 -4.649813 -5.149194 0.418040 0.154809 0.133400 0.241502 0.948639
36.000000 -4.712489 -4.994952 0.420686 0.033645 0.189816 0.208425 0.958852
36.200000 -4.590894 -4.861839 0.400855 -0.006233 -0.048704 0.147713 0.987811
36.650000 -4.351641 -4.581477 0.302814 0.072937 0.147356 0.057093 0.984737
37.050000 -3.903538 -4.567815 0.169261 0.044319 -0.019038 -0.041307 0.997982
37.450000 -3.345283 -4.607839 0.045944 0.003383 0.050187 -0.102769 0.993433
37.800000 -2.711557 -4.673959 0.049463 0.068534 -0.029942 -0.143689 0.986793
38.000000 -2.417698 -4.763924 0.092457 -0.092074 -0.014863 -0.152561 0.983883
38.450000 -1.899176 -4.802370 0.116616 0.063996 0.018194 -0.141530 0.987696
38.800000 -1.307757 -4.883889 0.098256 -0.036930 -0.017930 -0.119058 0.992038
39.250000 -0.707226 -4.945814 0.124779 -0.086842 -0.018086 -0.082648 0.992623
39.650000 -0.107102 -4.776007 0.144970 0.200659 0.021429 -0.061634 0.977486
39.800000 0.181191 -4.785833 0.149466 0.067001 0.012678 -0.093206 0.993309
40.200000 0.780011 -5.050076 0.130607 0.043340 -0.024348 -0.245388 0.968150
40.400000 1.034897 -5.137876 0.138997 0.049886 -0.118533 -0.352389 0.926975
40.600000 1.229899 -5.257432 0.132536 0.035557 -0.142333 -0.507203 0.849248
40.800000 1.318398 -5.360584 0.080863 -0.029080 0.106255 -0.682489 0.722546
41.050000 1.424729 -5.506938 0.078385 0.243218 -0.008913 -0.822245 0.514470
41.200000 1.428731 -5.800887 0.138604 -0.155843 0.209272 0.905238 -0.335353
41.400000 1.295253 -6.009094 0.201010 -0.006577 0.226685 0.950383 -0.212939
41.600000 1.108668 -5.982096 0.209877 0.083357 0.039861 0.979313 -0.180023
41.800000 0.952270 -5.855587 0.216423 0.176386 -0.146527 0.951396 -0.205580
42.050000 0.978009 -5.837601 0.240048 0.027499 -0.167996 0.954298 -0.245635
42.200000 1.131895 -6.051446 0.249072 -0.199895 -0.012784 0.930466 -0.306775
42.400000 1.205268 -6.363139 0.292352 -0.100353 0.163093 0.905482 -0.378724
42.600000 1.052585 -6.557983 0.357984 0.178997 0.054765 0.876567 -0.443386
42.800000 0.893837 -6.562011 0.453952 0.193323 -0.109389 0.839159 -0.496459
43.000000 0.933723 -6.512496 0.555360 0.006953 0.115150 -0.840233 0.529812
43.200000 1.138813 -6.627129 0.651308 0.133844 -0.066029 -0.805971 0.572832
43.450000 1.320400 -6.864499 0.732697 -0.050211 -0.142404 -0.780444 0.606719
43.600000 1.442959 -7.017578 0.788633 -0.178076 -0.017639 -0.722412 0.667906
43.800000 1.622487 -6.978276 0.851274 -0.065011 0.147651 -0.682050 0.713289
44.050000 1.914373 -6.918592 0.856902 0.084899 -0.021937 -0.618102 0.781192
44.200000 2.227128 -6.945278 0.833361 -0.049650 -0.131282 -0.545536 0.826251
44.400000 2.478687 -6.949335 0.805597 -0.076081 -0.045027 -0.459419 0.883809
44.600000 2.718816 -6.856287 0.756060 0.022914 0.071834 -0.366851 0.927219
44.800000 3.046400 -6.787168 0.679564 0.020446 -0.045269 -0.267536 0.962267
45.000000 3.388923 -6.756730 0.642874 -0.010686 -0.091146 -0.165046 0.982007
45.200000 3.663657 -6.688692 0.607889 0.083790 0.058581 -0.076551 0.991810
45.600000 4.276147 -6.645039 0.553687 -0.123006 -0.117070 0.106054 0.979753
45.850000 4.561745 -6.565376 0.499701 -0.036203 -0.036802 0.176305 0.982981
46.000000 4.774482 -6.437477 0.444856 0.080993 -0.037231 0.231466 0.968750
46.400000 5.156536 -6.396177 0.327068 -0.011903 -0.079450 0.347944 0.934067
46.800000 5.344379 -6.488578 0.259911 -0.037126 -0.087009 0.462657 0.881476
47.200000 5.345940 -6.567713 0.257134 -0.021708 -0.028092 0.577891 0.815342
47.600000 5.225356 -6.688659 0.303749 -0.086198 -0.033187 0.668946 0.737550
48.200000 4.709185 -6.662253 0.395542 -0.032565 0.043864 0.752361 0.656482
48.850000 4.222890 -6.231565 0.368154 -0.004727 0.063590 0.730799 0.679608
49.200000 4.054965 -5.764431 0.267814 -0.029115 0.060487 0.659157 0.749003
49.600000 4.038915 -5.179038 0.184711 0.028214 -0.018824 0.537279 0.842723
50.000000 4.078667 -4.666686 0.164738 0.043325 0.025080 0.370547 0.927464
50.200000 4.133718 -4.487397 0.190555 -0.009640 0.118271 0.316324 0.941200
50.400000 4.275293 -4.294631 0.237485 -0.025444 0.002099 0.333423 0.942432
50.800000 4.630976 -3.835237 0.265710 -0.093468 0.029376 0.541356 0.835066
51.050000 4.793340 -3.565930 0.273005 -0.062571 0.036509 0.651834 0.754894
51.200000 4.964366 -3.229183 0.273164 -0.032327 -0.028820 0.745963 0.664577
51.450000 5.135957 -2.884626 0.261357 -0.028897 -0.063064 0.810869 0.581102
51.800000 5.391101 -2.348445 0.233522 -0.035524 0.028313 0.870606 0.489879
52.250000 5.538912 -1.744640 0.323736 0.021567 -0.057074 0.833096 0.549753
52.650000 5.600037 -1.232579 0.417445 -0.046133 -0.086115 0.828723 0.551066
52.850000 5.549741 -1.070010 0.402094 -0.114315 0.059094 0.891339 0.434690
53.000000 5.541931 -0.877262 0.356176 -0.079907 0.065727 0.953743 0.282256
53.200000 5.451227 -0.633008 0.300139 -0.061403 0.013996 0.985665 0.156517
53.650000 5.028829 -0.094356 0.193418 0.008240 0.012817 0.980517 0.195845
53.800000 4.867499 0.206836 0.155571 -0.011673 0.052802 0.938890 0.339943
54.000000 4.757582 0.532465 0.115682 -0.013537 0.034500 0.860879 0.507458
54.200000 4.631015 0.802724 0.116710 0.000990 0.005560 0.740139 0.672430
54.400000 4.528508 1.076307 0.147839 -0.028082 -0.058805 0.639567 0.765968
54.800000 4.184673 1.654426 0.228285 -0.034333 -0.053588 0.595407 0.800899
55.250000 3.580603 2.191854 0.326931 -0.008998 -0.047346 0.674318 0.736867
55.650000 2.975280 2.582589 0.447943 -0.001862 -0.011231 0.796321 0.604767
56.050000 2.317242 2.910268 0.556527 0.022201 -0.038504 0.884706 0.464027
56.450000 1.633628 3.181255 0.596306 0.127925 -0.038210 0.872632 0.469776
56.650000 1.346855 3.262169 0.569743 0.106664 -0.001240 0.813956 0.571049
56.800000 1.203286 3.258398 0.543761 0.013014 0.018081 0.747828 0.663519
57.050000 1.008563 3.242186 0.567148 -0.170780 0.081647 0.582978 0.790129
57.250000 0.797728 3.410627 0.594196 -0.029045 -0.010684 0.494041 0.868888
57.450000 0.559474 3.693523 0.642555 0.096466 0.057687 0.391409 0.913327
57.850000 0.326895 4.053839 0.735836 -0.106032 0.019574 0.264266 0.958404
58.050000 0.299314 4.272793 0.720387 0.010000 -0.022195 0.230067 0.972870
58.250000 0.247033 4.524974 0.694014 0.034335 0.091539 0.205537 0.973754
58.850000 0.401912 5.166951 0.391341 0.051930 0.012993 0.077056 0.995589
59.200000 0.622755 5.465698 0.124947 0.006606 0.046709 -0.106839 0.993157
59.600000 1.025640 5.779680 -0.014826 0.069235 0.015042 -0.269744 0.960322
60.050000 1.598287 5.760211 0.038774 0.196855 -0.451764 -0.359610 0.792362
60.200000 1.591945 5.720825 0.008109 0.031102 -0.195047 -0.391913 0.898551
60.450000 1.296977 5.737263 -0.102737 -0.071560 0.156338 -0.382372 0.907871
60.600000 1.061595 5.826091 -0.107454 0.024104 0.299023 -0.378732 0.875538
60.800000 1.163541 5.852308 -0.108635 0.062459 -0.041857 -0.376360 0.923417
61.000000 1.333459 5.780426 -0.079607 -0.045594 -0.190241 -0.370504 0.907996
61.200000 1.351108 5.745920 -0.060490 -0.057004 -0.054382 -0.357927 0.930420
61.400000 1.276424 5.789350 -0.062844 0.006530 0.135297 -0.358541 0.923635
61.850000 1.310398 5.788309 -0.002372 0.001660 -0.110138 -0.357419 0.927426
62.200000 1.232415 5.770237 -0.004603 -0.000367 0.051726 -0.352616 0.934337
