0.799989 -0.000378 -0.000435 -0.000133 0.000026 -0.000047 -0.000075 1.000000
0.999989 -0.001182 -0.000578 -0.000349 0.000043 -0.000129 -0.000170 1.000000
1.199989 -0.001968 -0.000702 -0.000641 0.000046 -0.000156 -0.000215 1.000000
1.399989 -0.002423 -0.000698 -0.000801 0.000054 -0.000191 -0.000222 1.000000
1.599989 -0.002780 -0.000682 -0.000840 0.000058 -0.000230 -0.000242 1.000000
1.799989 -0.002763 -0.000590 -0.000719 0.000032 -0.000225 -0.000236 1.000000
1.999989 -0.003107 -0.000586 -0.000693 0.000025 -0.000259 -0.000278 1.000000
2.199989 -0.003023 -0.000561 -0.000609 0.000015 -0.000236 -0.000263 1.000000
2.399989 -0.002970 -0.000563 -0.000617 0.000019 -0.000245 -0.000263 1.000000
2.599989 -0.002807 -0.000570 -0.000636 0.000021 -0.000231 -0.000251 1.000000
2.799989 -0.002661 -0.000580 -0.000643 0.000025 -0.000223 -0.000245 1.000000
2.999989 -0.002647 -0.000601 -0.000625 0.000024 -0.000223 -0.000245 1.000000
3.199989 -0.002586 -0.000587 -0.000583 0.000019 -0.000214 -0.000239 1.000000
3.399989 -0.002739 -0.000573 -0.000601 0.000019 -0.000228 -0.000251 1.000000
3.599989 -0.002884 -0.000572 -0.000638 0.000019 -0.000231 -0.000256 1.000000
3.799989 -0.002890 -0.000583 -0.000667 0.000020 -0.000229 -0.000253 1.000000
3.999989 -0.002864 -0.000593 -0.000672 0.000021 -0.000231 -0.000252 1.000000
4.199989 -0.002800 -0.000599 -0.000644 0.000021 -0.000230 -0.000251 1.000000
4.399989 -0.002782 -0.000592 -0.000625 0.000021 -0.000230 -0.000250 1.000000
4.599989 -0.002772 -0.000578 -0.000621 0.000020 -0.000228 -0.000251 1.000000
4.799989 -0.002794 -0.000576 -0.000629 0.000020 -0.000230 -0.000253 1.000000
4.999989 -0.002856 -0.000579 -0.000650 0.000020 -0.000233 -0.000254 1.000000
5.199989 -0.002903 -0.000590 -0.000666 0.000021 -0.000234 -0.000255 1.000000
5.399989 -0.002806 -0.000585 -0.000648 0.000020 -0.000227 -0.000248 1.000000
5.599989 -0.002821 -0.000581 -0.000646 0.000021 -0.000233 -0.000253 1.000000
5.799989 -0.002876 -0.000583 -0.000650 0.000020 -0.000234 -0.000255 1.000000
5.999989 -0.002943 -0.000597 -0.000660 0.000021 -0.000237 -0.000258 1.000000
6.199989 -0.002789 -0.000583 -0.000639 0.000018 -0.000223 -0.000247 1.000000
6.399989 -0.002789 -0.000578 -0.000640 0.000022 -0.000232 -0.000253 1.000000
6.599989 -0.002805 -0.000585 -0.000642 0.000021 -0.000230 -0.000253 1.000000
6.799989 -0.002773 -0.000587 -0.000631 0.000021 -0.000227 -0.000248 1.000000
6.999989 -0.002775 -0.000591 -0.000631 0.000022 -0.000228 -0.000251 1.000000
7.199989 -0.002760 -0.000586 -0.000629 0.000021 -0.000226 -0.000247 1.000000
7.399989 -0.002822 -0.000585 -0.000651 0.000020 -0.000230 -0.000254 1.000000
7.599989 -0.002919 -0.000597 -0.000675 0.000021 -0.000235 -0.000255 1.000000
7.799989 -0.002807 -0.000582 -0.000653 0.000018 -0.000224 -0.000247 1.000000
7.999989 -0.002869 -0.000576 -0.000654 0.000020 -0.000236 -0.000257 1.000000
8.199989 -0.002939 -0.000582 -0.000661 0.000020 -0.000237 -0.000259 1.000000
8.399989 -0.003083 -0.001555 0.000399 -0.021186 -0.017369 0.000239 0.999625
8.599993 -0.009257 0.004636 0.018434 -0.138225 -0.133320 0.012136 0.981312
8.799992 -0.096501 0.103484 0.012646 -0.065537 -0.094058 0.017316 0.993256
8.999987 -0.295107 0.286193 -0.048542 0.016412 0.050418 0.005454 0.998578
9.199989 -0.460645 0.447255 -0.091469 -0.033879 -0.058982 0.004114 0.997675
9.399991 -0.626446 0.604652 -0.091980 -0.014300 -0.104388 0.015919 0.994306
9.599986 -0.892310 0.790120 -0.067535 0.073809 0.033017 0.027645 0.996342
9.799987 -1.149395 0.931661 -0.005442 0.058036 0.073170 0.037781 0.994912
9.999991 -1.325655 0.996158 0.037782 -0.048576 -0.084611 0.040964 0.994386
10.199991 -1.523404 1.083945 0.150389 -0.006863 -0.041443 0.043738 0.998159
10.399990 -1.800412 1.204839 0.292708 -0.002322 0.071079 0.036776 0.996790
10.599991 -2.038510 1.324799 0.444136 -0.119636 0.130379 0.004583 0.984209
10.799989 -2.154132 1.544329 0.516230 0.035288 -0.010898 -0.032378 0.998793
10.999985 -2.246688 1.770724 0.557503 0.192669 0.006203 -0.076195 0.978281
11.199983 -2.359345 1.816704 0.637372 0.006031 0.067259 -0.136695 0.988309
11.399991 -2.439097 1.727183 0.702532 -0.205879 -0.030064 -0.196530 0.958168
11.599991 -2.469798 1.793655 0.709065 -0.170432 -0.051642 -0.272313 0.945586
11.799985 -2.499911 2.084767 0.680323 0.006138 0.063240 -0.343865 0.936867
11.999988 -2.477731 2.385315 0.597187 0.029858 -0.019154 -0.378274 0.925014
12.199992 -2.441707 2.634481 0.578464 -0.040967 -0.099802 -0.375809 0.920396
12.399993 -2.493702 2.923079 0.530258 -0.039467 -0.044793 -0.335086 0.940294
12.599993 -2.593450 3.256066 0.442750 0.031970 -0.008702 -0.275112 0.960841
12.799993 -2.681805 3.578392 0.354299 0.028536 -0.027752 -0.193377 0.980317
12.999993 -2.771198 3.861498 0.242172 -0.006991 0.091538 -0.104230 0.990307
13.199991 -2.799130 4.141114 0.177481 -0.011807 0.153432 -0.027036 0.987719
13.399991 -2.701673 4.436641 0.148015 0.021108 -0.040089 0.024113 0.998682
13.599992 -2.590199 4.723367 0.087528 0.134948 -0.047218 0.038815 0.988966
13.799991 -2.551919 4.910725 0.009680 0.051625 0.143965 0.042962 0.987301
13.999992 -2.428170 5.019583 -0.038100 -0.020753 0.088923 -0.006292 0.995802
14.199993 -2.164648 5.156085 -0.048698 0.030695 -0.052285 -0.054107 0.996693
14.399994 -1.910429 5.291073 -0.040915 0.083481 -0.084220 -0.118011 0.985906
14.599994 -1.718950 5.375651 -0.036311 0.061568 -0.108733 -0.195585 0.972694
14.799994 -1.652015 5.419523 -0.035964 0.016249 -0.010747 -0.283185 0.958867
14.999994 -1.667819 5.453556 -0.025316 0.029480 0.004946 -0.388806 0.920835
15.199994 -1.654579 5.474932 -0.000138 0.075808 -0.041858 -0.508944 0.856433
15.399994 -1.681184 5.446166 0.026793 0.064899 -0.059967 -0.635016 0.767429
15.599992 -1.807850 5.369993 0.066892 0.026824 -0.045308 -0.759227 0.648693
15.799990 -1.999914 5.320800 0.117682 0.023825 -0.008696 -0.854412 0.518976
15.999986 -2.153852 5.341826 0.174224 0.055325 -0.003744 -0.923848 0.378722
16.199973 -2.304651 5.365337 0.234484 -0.070067 0.018142 0.965046 -0.251887
16.399922 -2.464328 5.372700 0.292907 -0.048768 0.024513 0.988317 -0.142306
16.599916 -2.680156 5.332986 0.354583 -0.015206 0.010630 0.998043 -0.059722
16.799938 -2.943213 5.271026 0.409401 -0.006580 -0.008275 0.999893 -0.010074
16.999921 -3.208068 5.223893 0.455006 -0.013367 -0.008285 0.999773 0.014373
17.199951 -3.490728 5.218156 0.470350 -0.012015 0.002810 0.999659 0.023007
17.399972 -3.803982 5.257154 0.470407 0.001717 0.009069 0.999635 0.025381
17.599983 -4.118374 5.305959 0.448811 0.005356 0.005582 0.999502 0.030603
17.799988 -4.422311 5.328313 0.421812 0.007353 -0.000868 0.998741 0.049617
17.999992 -4.718752 5.312704 0.391849 0.109823 0.003639 0.989283 0.096151
18.199993 -4.941114 5.280617 0.363752 0.094452 0.008911 0.983131 0.156371
18.399993 -5.053738 5.263635 0.354470 0.039092 -0.000217 0.971718 0.232884
18.599994 -5.122585 5.274844 0.357096 0.016653 0.005675 0.944967 0.326691
18.799994 -5.201005 5.298726 0.372407 0.042043 0.024209 0.900197 0.432772
18.999994 -5.256050 5.324333 0.393763 0.061290 0.046435 0.834640 0.545401
19.199994 -5.252551 5.343771 0.421035 0.044426 0.048525 0.743933 0.665008
19.399994 -5.190659 5.333084 0.454283 0.024460 0.039580 0.626647 0.777913
19.599994 -5.068047 5.335085 0.481788 0.018289 0.044819 0.485519 0.872885
19.799993 -4.919722 5.327476 0.500930 0.027790 0.058585 0.313431 0.947395
19.999993 -4.742223 5.333300 0.507652 0.013778 0.060102 0.145068 0.987498
20.199993 -4.520714 5.349774 0.511496 0.008477 0.032700 -0.024523 0.999128
20.399994 -4.251646 5.360103 0.501822 0.017451 0.015802 -0.183710 0.982699
20.599994 -3.935928 5.375110 0.482707 0.032544 0.001666 -0.332910 0.942396
20.799994 -3.633089 5.353461 0.453776 0.042913 -0.014633 -0.460475 0.886514
20.999994 -3.388110 5.276658 0.417837 0.057645 -0.025609 -0.569545 0.819536
21.199993 -3.202798 5.139611 0.376653 0.064306 -0.015368 -0.662927 0.745759
21.399992 -3.064720 4.981576 0.328843 0.063749 -0.009131 -0.740575 0.668881
21.599990 -3.010984 4.809879 0.287905 0.058763 -0.004387 -0.803124 0.592890
21.799987 -3.000623 4.637082 0.255519 0.055583 -0.016221 -0.849622 0.524205
21.999984 -3.004914 4.459342 0.226145 0.047496 -0.029753 -0.883519 0.465031
22.199979 -3.012085 4.270780 0.198469 0.042358 -0.035271 -0.907635 0.416125
22.399971 -3.034515 4.076478 0.177495 -0.041928 0.037143 0.923748 -0.378883
22.599959 -3.092625 3.885121 0.162637 -0.045466 0.034600 0.932694 -0.356116
22.799946 -3.206570 3.708921 0.154234 -0.042711 0.041809 0.935772 -0.347505
22.999944 -3.384489 3.562690 0.148662 -0.039671 0.047180 0.933218 -0.353984
23.199949 -3.612488 3.459321 0.141114 -0.044561 0.001205 0.926240 -0.374290
23.399966 -3.875659 3.365199 0.141007 -0.005916 -0.006299 0.916815 -0.399219
23.599979 -4.140058 3.245451 0.138615 0.041101 0.002417 0.901632 -0.430539
23.799986 -4.366134 3.128462 0.134604 0.050032 -0.039807 0.880156 -0.470359
23.999986 -4.535117 3.013443 0.116553 0.022714 -0.091864 0.849897 -0.518382
24.199984 -4.652241 2.859457 0.096577 -0.022012 -0.087378 0.808583 -0.581441
24.399985 -4.745354 2.646260 0.079832 0.013489 0.050808 -0.754802 0.653842
24.599988 -4.830309 2.383786 0.074493 -0.020862 0.034918 -0.688299 0.724286
24.799990 -4.897246 2.107159 0.066559 -0.020283 0.044874 -0.622326 0.781208
24.999990 -4.919318 1.825025 0.054987 0.012301 0.031268 -0.568777 0.821805
25.199991 -4.910170 1.526877 0.048264 0.004444 0.006904 -0.536322 0.843974
25.399992 -4.891818 1.217656 0.045770 -0.014426 0.000858 -0.521061 0.853397
25.599992 -4.871144 0.915827 0.016048 -0.006150 -0.002927 -0.520281 0.853968
25.799993 -4.859159 0.624979 -0.004780 0.009788 -0.004532 -0.531850 0.846770
25.999993 -4.855089 0.326439 -0.028112 0.019680 -0.005612 -0.550171 0.834802
26.199993 -4.859763 0.023937 -0.043536 0.018044 -0.000383 -0.574724 0.818148
26.399991 -4.867467 -0.288446 -0.049812 0.009459 0.006281 -0.603408 0.797352
26.599991 -4.871181 -0.590087 -0.042117 -0.002046 0.008453 -0.636121 0.771540
26.799992 -4.867735 -0.889025 -0.036070 -0.005783 0.012627 -0.673946 0.738650
26.999993 -4.851743 -1.170383 -0.024521 0.011604 -0.008759 -0.718898 0.694964
27.199993 -4.854051 -1.432851 -0.009864 0.020846 -0.022737 -0.778713 0.626622
27.399994 -4.886514 -1.699140 -0.002063 0.040292 -0.016893 -0.855996 0.515134
27.599994 -4.947052 -1.940506 -0.002293 -0.041842 -0.068617 -0.930008 0.358644
27.799992 -5.038714 -2.221619 -0.006403 0.076338 0.103742 0.977490 -0.167100
27.999991 -5.061938 -2.394057 -0.013648 -0.002120 0.033678 0.999400 0.007778
28.199989 -5.038328 -2.468902 -0.022670 -0.061063 -0.028523 0.986273 0.150744
28.399987 -5.078747 -2.537615 -0.040248 -0.076997 -0.005056 0.973077 0.217179
28.599984 -5.212365 -2.616273 -0.053935 -0.072057 0.048132 0.967587 0.237206
28.799985 -5.419290 -2.653885 -0.050721 -0.026676 0.028029 0.968107 0.247531
28.999990 -5.640096 -2.654193 -0.004862 0.061545 -0.048908 0.958348 0.274573
29.199991 -5.820523 -2.674811 0.015048 0.099173 -0.011490 0.937782 0.332561
29.399990 -5.920713 -2.734768 0.049402 -0.073477 0.059443 0.907288 0.409752
29.599988 -6.028869 -2.741804 0.128249 -0.073386 0.088010 0.865730 0.487216
29.799992 -6.187378 -2.634480 0.227703 0.092515 0.024938 0.824286 0.558007
29.999993 -6.288897 -2.515262 0.323844 0.175048 -0.014762 0.785678 0.593169
30.199993 -6.270435 -2.476116 0.402436 0.103350 0.025930 0.779728 0.616985
30.399992 -6.163091 -2.481280 0.479632 -0.003666 0.042930 0.777460 0.627455
30.599992 -6.031655 -2.451726 0.553614 -0.022843 0.003948 0.770942 0.636483
30.799993 -5.921906 -2.386986 0.614655 0.042086 -0.033141 0.756778 0.651474
30.999990 -5.819282 -2.351378 0.672921 0.058803 0.065836 0.745887 0.660198
31.199987 -5.662635 -2.331186 0.721330 -0.020194 0.094268 0.738643 0.667167
31.399990 -5.441199 -2.249625 0.768598 -0.083598 0.033473 0.725695 0.682098
31.599991 -5.236554 -2.086848 0.798801 -0.046212 -0.032997 0.717208 0.694542
31.799990 -5.092575 -1.893354 0.820567 -0.023322 -0.011406 0.708797 0.704934
31.999986 -4.981404 -1.699987 0.838718 -0.078099 0.032584 0.695022 0.713991
32.199986 -4.891560 -1.462279 0.854230 -0.080859 0.016461 0.682340 0.726363
32.399987 -4.837643 -1.169812 0.855324 -0.014453 -0.013983 0.672330 0.739978
32.599989 -4.813729 -0.851707 0.839915 0.023480 -0.007188 0.657700 0.752880
32.799990 -4.788472 -0.541389 0.827365 0.000561 0.006959 0.643544 0.765378
32.999991 -4.758867 -0.239167 0.802940 -0.014135 -0.010945 0.625579 0.779956
33.199992 -4.749385 0.070202 0.772720 0.003937 -0.008228 0.603500 0.797311
33.399993 -4.756067 0.343059 0.738267 0.019221 0.002613 0.575291 0.817719
33.599994 -4.753103 0.612165 0.708887 0.015577 -0.002378 0.539132 0.842074
33.799994 -4.740406 0.875294 0.678214 0.006215 -0.007306 0.491383 0.870891
33.999992 -4.736259 1.138237 0.640469 0.051572 0.111752 0.435244 0.891860
34.199994 -4.668320 1.427518 0.591247 -0.000246 0.005184 0.367109 0.930164
34.399994 -4.554958 1.745055 0.549436 0.013653 -0.040178 0.299652 0.953104
34.599994 -4.476978 2.065955 0.522830 0.036944 -0.000850 0.233375 0.971684
34.799992 -4.427388 2.364863 0.502442 0.041502 0.051306 0.173743 0.982577
34.999993 -4.348204 2.639240 0.471167 0.037568 0.031746 0.119098 0.991664
35.199993 -4.240252 2.880351 0.441166 0.054250 0.014552 0.071810 0.995836
35.399992 -4.126346 3.074755 0.395120 0.050836 0.047137 0.029172 0.997167
35.599992 -3.989423 3.221509 0.337367 0.032785 0.065245 -0.015454 0.997211
35.799993 -3.804638 3.330727 0.276112 0.008920 -0.004577 -0.066447 0.997740
35.999993 -3.607028 3.422599 0.214677 0.016850 -0.039383 -0.119175 0.991949
36.199992 -3.446183 3.496571 0.148427 0.038926 0.024731 -0.174099 0.983648
36.399991 -3.306574 3.525490 0.082272 0.031014 0.069452 -0.231370 0.969888
36.599992 -3.123653 3.482892 0.013764 0.024323 0.008108 -0.289968 0.956693
36.799992 -2.910004 3.393909 -0.036762 0.019997 0.000954 -0.344777 0.938471
36.999991 -2.683573 3.271324 -0.067388 0.048187 -0.040489 -0.397089 0.915620
37.199990 -2.479712 3.118191 -0.076838 0.049897 -0.028927 -0.451122 0.890596
37.399989 -2.338217 2.922884 -0.064116 0.033867 -0.016417 -0.523472 0.851211
37.599993 -2.278723 2.705261 0.012055 -0.251778 0.032304 -0.567750 0.783087
37.799992 -2.168632 2.581448 0.109431 -0.174124 -0.070370 -0.646611 0.739340
37.999969 -1.954700 2.624513 0.090120 0.111436 -0.084714 -0.742626 0.654914
38.199926 -1.752504 2.696095 0.136153 0.129556 -0.076151 -0.795383 0.587182
38.399968 -1.700980 2.657098 0.155508 -0.107641 -0.026050 -0.818913 0.563131
38.599992 -1.695558 2.611979 0.133345 -0.224332 0.050930 -0.761122 0.606444
38.799985 -1.523505 2.682610 0.140883 -0.051659 0.147304 -0.715508 0.680942
38.999981 -1.191489 2.754292 0.164378 0.104848 -0.079475 -0.584694 0.800514
39.199992 -0.923395 2.774433 0.213632 -0.092159 -0.050868 -0.441043 0.891291
39.399992 -0.741242 2.801944 0.290397 -0.155839 0.045206 -0.273577 0.948064
39.599989 -0.511659 2.921131 0.368004 -0.065022 0.033431 -0.106056 0.991669
39.799987 -0.208049 3.078426 0.404637 -0.040348 -0.101013 0.068488 0.991705
39.999986 0.080390 3.211293 0.439314 -0.105330 -0.046425 0.200255 0.972959
40.199978 0.329624 3.386306 0.452605 -0.003498 0.022312 0.298307 0.954203
40.399967 0.597935 3.587867 0.490733 0.111690 -0.098271 0.343323 0.927360
40.599971 0.867069 3.682284 0.559127 0.038046 -0.091397 0.349060 0.931856
40.799955 1.070665 3.674350 0.592927 -0.035273 0.030817 0.314147 0.948218
40.999978 1.275324 3.688268 0.639067 -0.002329 -0.049980 0.234184 0.970904
41.199982 1.456180 3.711611 0.694103 0.119239 -0.079172 0.112319 0.983310
41.399984 1.588481 3.625325 0.706079 0.048493 -0.007974 -0.025655 0.998462
41.599992 1.708649 3.481683 0.714267 -0.088023 -0.017195 -0.160508 0.982951
41.799993 1.842324 3.385025 0.742384 -0.153525 -0.153649 -0.250585 0.943414
41.999993 1.918200 3.450919 0.748441 0.009400 0.000990 -0.335292 0.942067
42.199985 1.950483 3.550274 0.717308 0.112498 0.161129 -0.346782 0.917128
42.399987 2.038158 3.511062 0.720082 0.112794 0.023835 -0.335798 0.934853
42.599993 2.135050 3.345225 0.706297 0.015691 -0.083109 -0.296726 0.951210
42.799991 2.166978 3.188710 0.709714 -0.000719 0.050341 -0.229139 0.972091
42.999980 2.190759 3.045658 0.724612 0.077249 0.177203 -0.153423 0.969068
43.199985 2.299034 2.841421 0.696772 0.016008 -0.001364 -0.092855 0.995550
43.399989 2.476824 2.585907 0.622631 -0.070050 -0.016411 -0.029325 0.996977
43.599978 2.644857 2.392967 0.573375 -0.033245 0.116154 0.015856 0.992548
43.799965 2.920370 2.249633 0.488981 0.001095 0.009420 0.073497 0.997250
43.999992 3.275748 2.127572 0.437963 -0.063432 -0.240505 0.142661 0.958009
44.199984 3.462362 2.011680 0.381913 -0.028956 -0.078631 0.191101 0.977987
44.399866 3.472957 1.903791 0.335881 -0.010886 0.057260 0.251596 0.966076
44.599941 3.526617 1.802339 0.319115 -0.047555 -0.017497 0.311723 0.948821
44.799989 3.623435 1.718818 0.267539 -0.091795 -0.128483 0.376053 0.913044
44.999973 3.617213 1.673602 0.220879 -0.019745 -0.035883 0.434539 0.899721
45.199776 3.536086 1.644289 0.190645 -0.014435 0.043121 0.493119 0.868772
45.399432 3.478687 1.636200 0.221290 -0.029776 0.046709 0.547128 0.835214
45.599871 3.478147 1.678935 0.294362 -0.046942 -0.012678 0.596634 0.801039
45.799981 3.473079 1.747750 0.374869 -0.105272 -0.099498 0.630120 0.762868
45.999921 3.343895 1.832123 0.480122 -0.052810 -0.035817 0.664957 0.744151
46.149981 3.167416 1.903803 0.558760 -0.042276 0.007269 0.682124 0.729978
46.349977 2.923610 2.014738 0.677326 -0.050695 0.035197 0.699416 0.712045
46.549980 2.699037 2.175999 0.777268 -0.060987 0.019217 0.708208 0.703103
46.749976 2.473001 2.389614 0.860451 -0.010116 0.016261 0.709502 0.704443
46.949977 2.245459 2.626875 0.931279 0.029251 0.060119 0.698953 0.712036
47.149981 2.062438 2.872483 0.983500 0.027738 0.078443 0.680622 0.727895
47.349984 1.943281 3.135360 1.013930 0.022733 0.044890 0.651945 0.756595
47.549985 1.875269 3.410795 1.019579 0.043616 0.002218 0.607222 0.793331
47.749987 1.838304 3.658294 1.019196 0.056342 0.031199 0.549998 0.832679
47.998810 1.834858 3.920792 1.020550 0.036818 0.044869 0.456688 0.887732
48.199930 1.889568 4.121912 1.013486 0.034627 0.022577 0.366447 0.929520
48.399965 1.976498 4.312979 1.003610 0.029632 0.037479 0.272402 0.960997
48.599978 2.084403 4.474914 0.990956 0.006527 0.067301 0.173908 0.982438
48.799987 2.237856 4.627348 0.956678 0.005203 0.035513 0.085574 0.995685
48.999989 2.445847 4.778653 0.906170 0.023213 0.034839 0.007975 0.999092
49.199992 2.700240 4.909216 0.845450 0.014182 0.038749 -0.059630 0.997367
49.399993 3.006020 5.017755 0.768793 0.066052 0.009457 -0.108144 0.991893
49.599993 3.325921 5.080838 0.660624 0.063113 -0.003139 -0.126171 0.989994
49.799993 3.631199 5.084927 0.527369 0.017423 0.003191 -0.103213 0.994502
49.999993 3.932148 5.066692 0.378654 0.039706 0.010179 -0.033457 0.998599
50.199991 4.242592 5.013011 0.214836 0.042903 -0.010703 0.076664 0.996076
50.399990 4.546960 4.905449 0.054209 0.008877 -0.012241 0.217349 0.975977
50.599989 4.832476 4.769765 -0.101298 -0.004979 -0.007265 0.374508 0.927182
50.799990 5.115868 4.638498 -0.225356 -0.009906 -0.012049 0.521134 0.853332
50.999993 5.405158 4.512426 -0.306847 -0.084742 -0.083627 0.624273 0.772080
51.199994 5.646123 4.397925 -0.325637 -0.146981 -0.066760 0.707950 0.687565
51.399994 5.762784 4.321121 -0.311916 -0.091212 -0.053189 0.786435 0.608582
51.599994 5.789755 4.244681 -0.278420 -0.058291 0.027251 0.841556 0.536323
51.799994 5.785438 4.183638 -0.205353 -0.076446 0.057287 0.885285 0.455132
51.999994 5.778400 4.177173 -0.112230 -0.147937 0.027429 0.915946 0.372028
52.199994 5.711153 4.231213 -0.016228 -0.120075 -0.018467 0.947904 0.294479
52.399994 5.554006 4.299811 0.076239 -0.059923 -0.008393 0.974374 0.216642
52.599994 5.338100 4.340862 0.155157 -0.033304 0.019522 0.989797 0.137158
52.799994 5.097498 4.379711 0.227348 -0.057763 0.028127 0.996310 0.056915
52.999994 4.837550 4.444684 0.275724 -0.077430 0.004085 0.996748 -0.021919
53.199994 4.540977 4.530350 0.306260 -0.053680 -0.017052 0.993581 -0.098102
53.399994 4.215962 4.608951 0.325389 -0.014807 -0.020011 0.984817 -0.171802
53.599994 3.890138 4.668856 0.323008 0.002646 -0.021684 0.970144 -0.241544
53.799994 3.579513 4.699083 0.316997 -0.016909 -0.023753 0.950404 -0.309649
53.999994 3.269820 4.694491 0.316392 -0.023637 -0.028356 0.925434 -0.377106
54.199994 2.947397 4.655506 0.333181 -0.003889 -0.036931 0.896382 -0.441725
54.399994 2.620219 4.587042 0.372817 0.010122 -0.054163 0.862961 -0.502256
54.599994 2.323451 4.489214 0.414847 0.009447 -0.067437 0.827695 -0.557032
54.799992 2.078683 4.348066 0.459363 -0.006324 0.066082 -0.791761 0.607213
54.999990 1.866146 4.162156 0.504390 -0.000765 0.056350 -0.754175 0.654250
55.199990 1.682048 3.935150 0.535486 -0.002525 0.057110 -0.715486 0.696284
55.399990 1.537367 3.667162 0.561430 -0.010623 0.047980 -0.675982 0.735278
55.599990 1.439297 3.373056 0.577812 -0.016560 0.041635 -0.633810 0.772190
55.799991 1.380157 3.069240 0.581310 -0.023361 0.040942 -0.591294 0.805077
55.999992 1.367165 2.762294 0.573145 -0.026681 0.041252 -0.549534 0.834025
56.199992 1.396629 2.459334 0.543437 -0.025683 0.042977 -0.507976 0.859915
56.399991 1.475170 2.162416 0.488551 -0.022251 0.042605 -0.467742 0.882557
56.599987 1.591433 1.873348 0.435935 -0.022969 0.041402 -0.430267 0.901459
56.799983 1.757536 1.580299 0.375242 0.003427 0.019974 -0.396227 0.917929
56.999985 1.955034 1.284024 0.288281 0.017506 -0.002733 -0.375224 0.926765
57.199988 2.136307 0.971762 0.167852 0.000706 -0.002004 -0.377192 0.926133
57.399990 2.283603 0.689932 0.080985 0.000766 -0.013389 -0.411529 0.911298
57.599990 2.417915 0.392609 0.021186 0.014797 -0.027144 -0.465959 0.884266
57.799990 2.546538 0.076296 -0.004409 0.004386 -0.000924 -0.530667 0.847569
57.999992 2.677897 -0.244918 -0.007766 -0.048487 0.064963 -0.598601 0.796935
58.199992 2.877225 -0.568355 0.038120 0.010644 -0.095971 -0.671609 0.734587
58.399989 3.043895 -0.833554 0.086608 0.049885 -0.150248 -0.736743 0.657379
58.599991 3.066496 -1.010509 0.121217 -0.020793 -0.015164 -0.805241 0.592389
58.799992 3.082113 -1.156282 0.148776 -0.048530 0.111884 -0.833890 0.538289
58.999992 3.205069 -1.388015 0.184116 0.030826 0.026781 -0.845253 0.532803
59.199989 3.327460 -1.697049 0.263832 0.057548 -0.186777 -0.809736 0.553291
59.399991 3.323015 -1.912925 0.384368 -0.009290 -0.172158 -0.794724 0.581970
59.599992 3.212362 -1.941895 0.486274 -0.045113 -0.047327 -0.790544 0.608905
59.799990 3.119898 -1.880489 0.590529 0.039353 0.047055 -0.801944 0.594241
59.999990 3.046172 -1.873482 0.638620 -0.083606 0.149687 -0.780346 0.601385
60.199991 3.063880 -1.975755 0.679071 -0.040923 0.008027 -0.794615 0.605679
60.399990 3.130837 -2.077931 0.708538 -0.023033 -0.020035 -0.803553 0.594450
60.599991 3.198351 -2.134832 0.723695 -0.009762 0.048897 -0.814931 0.577409
60.799992 3.279863 -2.176953 0.737826 -0.025100 0.091521 -0.822562 0.560701
60.999992 3.424835 -2.266838 0.733624 -0.024599 0.061172 -0.827770 0.557180
61.199992 3.619168 -2.401249 0.709506 -0.006601 0.045570 -0.829526 0.556567
61.399992 3.836121 -2.559079 0.688776 0.024067 0.048381 -0.830012 0.555122
61.599992 4.061480 -2.756115 0.666028 0.060122 0.022822 -0.831305 0.552083
61.799992 4.263110 -3.006869 0.649868 0.067924 -0.007209 -0.834746 0.546382
61.999993 4.412171 -3.285340 0.626694 0.051366 0.003884 -0.850012 0.524238
62.199994 4.531965 -3.589282 0.596256 0.029843 0.000831 -0.882820 0.468761
62.399994 4.634715 -3.897844 0.560498 0.070668 -0.048510 -0.918340 0.386398
62.599994 4.677228 -4.186534 0.525378 -0.057894 0.050581 0.952525 -0.294596
62.799994 4.652303 -4.462207 0.472636 -0.025986 0.084129 0.973546 -0.210842
62.999994 4.593507 -4.694635 0.433887 -0.015618 0.069692 0.985783 -0.152086
63.199994 4.523850 -4.869747 0.413235 -0.017977 0.014881 0.992730 -0.118079
63.399994 4.445927 -5.026267 0.404645 -0.058527 0.035126 0.991329 -0.112284
63.599994 4.327264 -5.174669 0.428891 -0.078436 0.070760 0.984831 -0.137655
63.799994 4.130975 -5.281864 0.420548 -0.051112 0.038022 0.977765 -0.199795
63.999994 3.874668 -5.354371 0.390631 0.012575 -0.032058 0.953585 -0.299149
64.199994 3.639566 -5.446826 0.338088 0.038458 -0.036653 0.909398 -0.412520
64.399993 3.462534 -5.562298 0.257976 0.031434 -0.074670 0.863653 -0.497534
64.599993 3.355415 -5.725866 0.163399 0.119808 0.087008 0.816285 -0.558349
64.799993 3.317928 -5.831780 0.039101 -0.153486 -0.137288 -0.773209 0.599785
64.999992 3.288664 -5.748007 -0.085253 -0.053345 -0.002386 -0.742834 0.667343
65.199990 3.278925 -5.584523 -0.154231 0.077644 0.020878 -0.674076 0.734273
65.399990 3.254046 -5.500593 -0.166531 0.030392 -0.018050 -0.586134 0.809443
65.599991 3.198676 -5.491892 -0.186084 -0.016775 0.046352 -0.499789 0.864744
65.799991 3.184700 -5.513796 -0.205788 0.016676 0.072094 -0.456827 0.886473
65.999990 3.231080 -5.563307 -0.223188 0.054600 0.025747 -0.472368 0.879332
66.199991 3.282017 -5.653464 -0.246760 0.034714 -0.009291 -0.529027 0.847844
66.399991 3.303645 -5.762519 -0.269210 0.022251 -0.001815 -0.596827 0.802059
66.599991 3.311282 -5.877875 -0.276972 0.023528 0.021057 -0.651706 0.757814
66.799990 3.324329 -6.027976 -0.249546 0.031179 0.005219 -0.678024 0.734359
66.999990 3.328839 -6.224789 -0.192537 0.033082 -0.008160 -0.662635 0.748167
67.199991 3.309000 -6.445380 -0.126196 -0.028968 -0.015222 -0.597511 0.801193
67.399992 3.292129 -6.644231 -0.075570 -0.102302 -0.039602 -0.483553 0.868414
67.599992 3.299734 -6.766225 -0.006391 -0.065054 -0.017381 -0.349615 0.934471
67.799990 3.326192 -6.835418 0.051251 0.035280 0.103626 -0.202807 0.973081
67.999992 3.397660 -6.963290 0.124230 -0.000608 0.056317 -0.052201 0.997047
68.199993 3.527752 -7.146220 0.206644 -0.120062 -0.161588 0.093026 0.975100
68.399993 3.589208 -7.256213 0.252427 -0.066739 -0.141653 0.206993 0.965730
68.599990 3.452252 -7.276682 0.292562 0.010894 0.010842 0.288421 0.957380
68.799990 3.266713 -7.294671 0.336795 -0.030203 0.047793 0.372810 0.926184
68.999991 3.158015 -7.310070 0.385638 -0.107882 -0.058525 0.454319 0.882344
69.199991 3.040457 -7.298985 0.428773 -0.054880 -0.073920 0.541998 0.835321
69.399991 2.842415 -7.291130 0.457594 -0.000189 -0.015823 0.625530 0.780040
69.599992 2.594551 -7.302239 0.469940 -0.019220 0.038417 0.706224 0.706684
69.799994 2.351745 -7.281736 0.468278 -0.058530 0.022043 0.785587 0.615582
69.999994 2.091008 -7.195134 0.433513 -0.036441 -0.016869 0.855004 0.517064
70.199994 1.765828 -7.115076 0.391848 0.030699 -0.026021 0.916803 0.397306
70.399994 1.418713 -7.100809 0.353439 0.042879 0.001518 0.958538 0.281718
70.599994 1.114429 -7.121951 0.303668 -0.010216 0.024413 0.984590 0.172864
70.799993 0.830153 -7.105366 0.229198 -0.031864 0.005591 0.996907 0.071625
70.999993 0.562412 -7.037512 0.161636 0.062274 -0.025963 0.997584 0.016529
71.199993 0.331404 -6.996264 0.072814 0.103518 -0.025708 0.994128 -0.018231
71.399993 0.175487 -7.022879 -0.017491 0.081237 -0.003645 0.996530 -0.017772
71.599993 0.104948 -7.091277 -0.075217 0.024815 0.004967 0.999600 0.012607
71.799993 0.059976 -7.163769 -0.093949 -0.049519 0.002293 0.996757 0.063390
71.999993 -0.007327 -7.223143 -0.061280 -0.141124 0.003195 0.982206 0.123876
72.199994 -0.194079 -7.256333 0.015127 -0.042435 0.036877 0.981297 0.184109
72.399994 -0.458637 -7.259920 0.084976 0.121865 0.096996 0.953838 0.256777
72.599994 -0.617276 -7.222120 0.171218 0.138229 0.127843 0.932116 0.309369
72.799994 -0.584203 -7.132380 0.230920 0.017370 0.098622 0.927261 0.360776
72.999994 -0.471264 -6.984435 0.264474 -0.051071 0.033453 0.906577 0.417601
73.199994 -0.404566 -6.798901 0.268626 0.005239 0.022485 0.878692 0.476831
73.399994 -0.374873 -6.599152 0.251772 0.045107 0.076639 0.841270 0.533251
73.599993 -0.285731 -6.386657 0.209647 0.015671 0.076877 0.805583 0.587266
73.799994 -0.123328 -6.141788 0.155739 -0.012820 0.018616 0.764972 0.643666
73.999994 0.064768 -5.888332 0.109125 0.042376 -0.019608 0.719653 0.692762
74.199992 0.268619 -5.657255 0.077825 0.062970 0.014490 0.662669 0.746120
74.399990 0.506687 -5.466685 0.051434 0.052929 0.022695 0.608234 0.791666
74.599989 0.781261 -5.305246 0.026826 0.028871 -0.004124 0.551885 0.833410
74.799989 1.079378 -5.167831 0.013785 0.034203 -0.027874 0.501578 0.863986
74.999988 1.384458 -5.075780 0.015559 0.041131 -0.013568 0.459146 0.887305
75.199987 1.688423 -5.042736 0.025871 0.022039 0.003821 0.427199 0.903881
75.399989 1.951222 -5.049395 0.048154 0.006408 -0.001947 0.404410 0.914553
75.599990 2.240554 -5.052247 0.077028 -0.004710 -0.012517 0.399115 0.916803
75.799990 2.549277 -5.052332 0.110688 -0.018753 -0.007028 0.408441 0.912565
75.999990 2.868635 -5.051017 0.145161 -0.046100 0.003849 0.428284 0.902459
76.199991 3.185747 -5.035666 0.182366 -0.079461 0.003664 0.458063 0.885353
76.399991 3.485154 -4.977880 0.225993 -0.085234 -0.014678 0.497495 0.863145
76.599991 3.741610 -4.870069 0.269096 -0.076889 -0.032678 0.543286 0.835380
76.799990 3.933219 -4.727947 0.311256 -0.067876 -0.012295 0.591377 0.803439
76.999989 4.076550 -4.555296 0.348814 -0.086952 0.004851 0.641390 0.762256
77.199988 4.185354 -4.337483 0.386114 -0.089541 -0.005997 0.690593 0.717655
77.399988 4.262117 -4.076566 0.428278 -0.070087 -0.030422 0.739346 0.668977
77.599989 4.301150 -3.797410 0.474933 -0.048356 -0.034622 0.783746 0.618228
77.799990 4.308958 -3.525138 0.529578 -0.041957 -0.026908 0.820546 0.569403
77.999991 4.284675 -3.257929 0.573964 -0.054395 -0.034680 0.850611 0.521824
78.199991 4.197875 -2.990298 0.614593 -0.057426 -0.051663 0.876142 0.475824
78.399991 4.032087 -2.730078 0.653259 -0.048269 -0.054631 0.896918 0.436147
78.599993 3.798777 -2.493858 0.691594 0.250262 -0.107082 0.889282 0.367532
78.799993 3.673959 -2.373943 0.687078 0.270860 -0.076002 0.930191 0.235803
78.999992 3.855835 -2.438328 0.631643 -0.035148 0.027951 0.998684 0.024754
79.199881 4.099042 -2.534434 0.623000 -0.275711 0.133498 0.919373 -0.246810
79.399976 4.215222 -2.483100 0.635192 -0.186346 0.057375 0.857379 -0.476325
79.599992 4.067071 -2.355494 0.622379 0.014643 -0.082014 0.779357 -0.621017
79.799989 3.827220 -2.279877 0.661341 -0.072981 0.112327 -0.702299 0.699166
79.999978 3.691474 -2.236985 0.702291 0.073607 -0.098269 -0.643838 0.755247
80.199968 3.512607 -2.223983 0.778957 0.015451 -0.147092 -0.599756 0.786396
80.399973 3.223043 -2.217734 0.812432 -0.066674 0.174001 -0.570549 0.799845
80.599963 2.988638 -2.207017 0.824610 0.053207 0.300620 -0.553263 0.775047
80.799857 3.028576 -2.334795 0.786686 0.093517 0.005342 -0.500528 0.860638
80.999990 3.081364 -2.632131 0.743768 -0.206695 -0.284456 -0.436755 0.828014
81.199988 2.973880 -2.756197 0.759988 -0.163746 -0.055207 -0.396100 0.901801
81.349992 2.838940 -2.679095 0.706358 0.126080 0.161802 -0.355915 0.911728
81.549991 2.775340 -2.610809 0.708333 0.180684 0.209466 -0.242808 0.929796
81.799983 2.902094 -2.725214 0.637639 -0.163612 -0.078501 -0.203934 0.962019
81.999985 3.026325 -2.751906 0.651634 -0.177619 -0.055776 -0.197061 0.962553
82.149992 3.032691 -2.653794 0.683590 -0.043495 0.091262 -0.245094 0.964214
82.349992 3.136495 -2.435820 0.736496 0.098804 0.074864 -0.283722 0.950860
82.599929 3.351145 -2.274798 0.799592 -0.008217 -0.172504 -0.373130 0.911564
82.799929 3.426901 -2.190692 0.825607 -0.076504 0.111173 -0.442499 0.886557
82.999972 3.548727 -2.071235 0.812610 0.054741 0.219632 -0.531869 0.816015
83.199948 3.834097 -2.041972 0.770368 0.181800 0.011690 -0.597945 0.780560
83.399980 4.062353 -2.192385 0.729523 0.056994 -0.170533 -0.684295 0.706690
83.599992 4.143690 -2.347524 0.695732 -0.058823 -0.077701 -0.762557 0.639538
83.799992 4.173653 -2.376427 0.670654 -0.060073 0.084029 -0.812469 0.573781
83.999992 4.316808 -2.367252 0.650294 0.079726 0.101066 -0.848678 0.513006
84.199992 4.476018 -2.438072 0.642241 0.091115 -0.016123 -0.878083 0.469476
84.399994 4.561981 -2.577782 0.637464 0.021741 0.020212 0.909750 -0.414093
84.599994 4.617402 -2.691390 0.640926 0.049954 -0.062805 0.937699 -0.338053
84.799994 4.736593 -2.820421 0.645953 -0.085559 -0.076094 0.968267 -0.222143
84.999992 4.835433 -3.039059 0.653207 -0.144804 0.003797 0.984529 -0.098589
85.199991 4.825777 -3.320593 0.664104 -0.078896 0.096101 0.992072 0.018257
85.399990 4.738313 -3.546313 0.677308 -0.022071 0.124484 0.984266 0.123435
85.599991 4.637704 -3.661614 0.683401 -0.003447 0.021026 0.978758 0.203907
85.799991 4.551481 -3.723872 0.690469 0.059351 -0.037734 0.965941 0.249022
85.999991 4.492547 -3.823698 0.701638 0.016802 -0.006152 0.952676 0.303462
86.199990 4.465960 -3.951263 0.713195 0.012929 0.012217 0.925909 0.377329
86.399990 4.428279 -4.065676 0.731529 0.048797 0.069956 0.881627 0.464176
86.599985 4.444497 -4.151273 0.754719 -0.004666 0.126298 0.825089 0.550686
86.799983 4.533876 -4.166044 0.759975 -0.106994 0.080249 0.765045 0.629935
86.999984 4.638665 -4.105346 0.770510 -0.048465 -0.023370 0.708103 0.704057
87.199984 4.706707 -4.022204 0.776335 -0.078983 -0.018849 0.669685 0.738193
87.399986 4.708125 -3.919553 0.776268 -0.043511 -0.019383 0.683625 0.728277
87.599986 4.662631 -3.785640 0.768515 0.021667 0.035560 0.742565 0.668478
87.799987 4.636265 -3.646728 0.758558 0.024089 0.059327 0.827525 0.557766
87.999989 4.697337 -3.494652 0.745121 -0.024337 0.032051 0.911200 0.409995
88.199992 4.804141 -3.297544 0.739649 -0.041801 -0.080061 0.962516 0.255746
88.399993 4.865920 -3.149390 0.737753 -0.074147 -0.089704 0.983529 0.138294
88.599992 4.845680 -3.086472 0.723312 -0.071995 0.041504 0.995183 0.052011
88.799993 4.755978 -3.001838 0.708135 0.002864 0.067811 0.997521 -0.018572
88.999992 4.670953 -2.837090 0.695260 -0.011931 0.099458 0.989895 -0.100367
89.199993 4.611304 -2.587750 0.674201 -0.092263 0.003701 0.973661 -0.208464
89.399993 4.497394 -2.341093 0.665168 -0.123769 -0.074602 0.937259 -0.317271
89.599992 4.289868 -2.177567 0.654781 -0.084570 -0.052775 0.893795 -0.437256
89.799992 4.034948 -2.127016 0.638476 -0.007060 -0.009577 0.834749 -0.550502
89.999991 3.782548 -2.110065 0.638942 -0.060199 0.038046 -0.764305 0.640910
90.199988 3.292303 -2.091034 0.645201 -0.013785 0.097692 -0.693831 0.713348
90.399979 3.208906 -2.075203 0.680564 0.063367 0.072781 -0.624363 0.775150
90.599969 3.084770 -2.105966 0.690952 0.022591 0.019557 -0.567114 0.823097
90.799979 2.999911 -2.227794 0.695556 -0.122480 0.012634 -0.525033 0.842128
90.999971 2.911074 -2.304691 0.678730 -0.066057 0.050317 -0.509912 0.856209
91.199957 2.912383 -2.323780 0.622755 0.004673 0.174868 -0.510110 0.842132
91.399957 3.017712 -2.399450 0.573011 0.048988 -0.032668 -0.536728 0.841698
91.599981 3.142746 -2.508531 0.517740 -0.048060 -0.051983 -0.568165 0.819863
91.799986 3.240564 -2.576882 0.473969 -0.084439 0.060691 -0.609303 0.786089
91.999987 3.389188 -2.589324 0.431394 0.003612 0.120361 -0.662578 0.739250
92.199987 3.634596 -2.622191 0.393025 0.101831 0.018048 -0.709468 0.697108
92.399991 3.869314 -2.722008 0.364608 0.052096 -0.054374 -0.758133 0.647738
92.599993 4.030521 -2.851311 0.334345 -0.000689 -0.030462 -0.805164 0.592269
92.799993 4.159255 -2.962821 0.302563 0.031795 0.053636 -0.842855 0.534517
92.999993 4.299939 -3.110845 0.279661 0.106282 0.050812 -0.873387 0.472564
93.199994 4.413642 -3.349957 0.261228 -0.092584 0.027443 0.903816 -0.416883
93.399994 4.457768 -3.633649 0.235668 -0.040854 0.057717 0.929947 -0.360829
93.599994 4.436668 -3.893443 0.211789 -0.011272 0.025020 0.951224 -0.307277
93.799994 4.392121 -4.119420 0.187733 -0.039545 -0.001440 0.965539 -0.257231
93.999994 4.341135 -4.332461 0.165838 -0.079340 0.032381 0.973792 -0.210679
94.199994 4.241343 -4.537340 0.149760 -0.072601 0.067980 0.980801 -0.167743
94.399994 4.076286 -4.719357 0.130904 -0.064998 0.059846 0.987636 -0.129498
94.599994 3.855802 -4.874248 0.099245 -0.040692 0.034765 0.994178 -0.093513
94.799994 3.600894 -5.015356 0.073822 -0.020458 0.025484 0.997476 -0.063033
94.999994 3.322894 -5.154138 0.051057 -0.018582 0.037491 0.998511 -0.035009
95.199994 3.002769 -5.274873 0.029280 -0.012180 0.050489 0.998610 -0.008962
95.399994 2.670193 -5.355363 0.018094 0.007496 0.050983 0.998616 0.010552
95.599993 2.339334 -5.394757 0.003526 0.025477 0.035878 0.998720 0.024953
95.799993 2.055303 -5.410367 -0.007038 0.035561 0.025176 0.998396 0.036151
95.999993 1.816005 -5.421475 -0.008691 0.044139 0.026039 0.997684 0.044720
96.199992 1.616788 -5.430658 -0.012999 0.005101 0.042601 0.997818 0.050188
96.399992 1.427256 -5.424258 -0.025230 -0.077121 0.049499 0.994469 0.051313
96.599992 1.209412 -5.367637 -0.016359 -0.070364 0.022251 0.995852 0.053226
96.799992 0.950272 -5.277060 -0.000168 -0.024138 -0.011164 0.998110 0.055404
96.999993 0.665368 -5.202145 0.014662 -0.001822 -0.008003 0.998602 0.052222
97.199992 0.378824 -5.153855 0.020926 -0.020851 0.004130 0.998684 0.046669
97.399992 0.086491 -5.115092 0.033539 -0.027598 0.006148 0.998810 0.039733
97.599992 -0.211199 -5.072995 0.046332 -0.008359 -0.003699 0.999455 0.031729
97.799992 -0.504515 -5.037218 0.058255 0.009076 -0.008544 0.999650 0.023318
97.999992 -0.801101 -5.022734 0.058328 -0.001817 -0.001036 0.999891 0.014646
98.199991 -1.093426 -5.025342 0.074284 -0.009890 0.022770 0.999672 0.006370
98.399990 -1.385294 -5.016651 0.096822 -0.008087 0.017973 0.999804 -0.002039
98.599990 -1.693641 -4.988071 0.127948 -0.004076 0.002018 0.999933 -0.010642
98.799989 -2.012377 -4.957468 0.164379 -0.004061 -0.002912 0.999775 -0.020597
98.999989 -2.340203 -4.938474 0.199773 -0.009041 0.000308 0.999387 -0.033813
99.199990 -2.681154 -4.926003 0.243767 -0.006798 0.000014 0.998583 -0.052779
99.399990 -3.025468 -4.913252 0.269745 -0.005052 -0.007012 0.996820 -0.079211
99.599990 -3.350564 -4.913290 0.284777 -0.004733 -0.016013 0.992846 -0.118227
99.799990 -3.674058 -4.931089 0.288394 0.000796 -0.015327 0.985323 -0.170007
99.999990 -3.985604 -4.962378 0.267763 0.005673 -0.007538 0.969887 -0.243372
100.199990 -4.270106 -4.998882 0.224756 -0.007185 0.013471 0.938520 -0.344887
100.399991 -4.532665 -5.033572 0.192735 0.013224 0.048615 0.886898 -0.459210
100.599991 -4.827047 -5.034833 0.143851 0.007535 0.025055 0.828437 -0.559471
100.799992 -5.165861 -5.023867 0.083470 0.007978 0.094338 -0.776125 0.623431
100.999992 -5.462315 -5.076526 0.053172 -0.009439 0.135683 -0.739619 0.659139
101.199991 -5.650206 -5.246466 0.024442 0.008795 0.032944 -0.705564 0.707825
101.399990 -5.797888 -5.464945 0.022448 -0.023531 -0.014720 -0.665107 0.746232
101.599990 -5.953983 -5.668909 0.001831 -0.054297 0.029241 -0.618694 0.783208
101.799988 -6.074184 -5.843108 -0.010910 -0.006848 0.135739 -0.563551 0.814824
101.999986 -6.084838 -6.092907 0.031628 -0.012559 -0.027844 -0.485538 0.873682
102.199992 -6.065448 -6.371537 0.104216 -0.159258 -0.088178 -0.380013 0.906891
102.399990 -6.085678 -6.523281 0.189893 -0.112046 -0.016334 -0.304999 0.945597
102.599978 -6.108404 -6.538095 0.262412 -0.006069 0.061186 -0.231810 0.970816
102.799985 -6.062517 -6.578076 0.336939 -0.055331 -0.051206 -0.144257 0.986664
102.999991 -6.006153 -6.638962 0.447449 -0.142949 -0.033642 -0.050608 0.987863
103.199989 -6.002059 -6.611988 0.527570 -0.045636 0.011436 0.047180 0.997778
103.399991 -6.005039 -6.523087 0.591533 -0.043734 0.004788 0.152836 0.987272
103.599993 -5.996048 -6.419549 0.659671 -0.095454 0.004121 0.261072 0.960579
103.799993 -5.994171 -6.253385 0.711808 -0.079201 -0.001327 0.369221 0.925960
103.999993 -6.000758 -6.035097 0.730281 -0.072289 -0.015245 0.470818 0.879132
104.199993 -6.042634 -5.788396 0.718222 -0.099151 -0.014255 0.561926 0.821100
104.399993 -6.121439 -5.536229 0.660261 -0.089828 -0.013734 0.634232 0.767784
104.599994 -6.258326 -5.232317 0.573400 -0.038761 -0.031351 0.699837 0.712561
104.799994 -6.436576 -4.902164 0.459546 0.011307 -0.012589 0.746620 0.665035
104.999994 -6.607149 -4.594394 0.325658 0.014888 0.037228 0.776972 0.628257
105.199994 -6.732276 -4.295213 0.193372 -0.007735 0.036689 0.794984 0.605470
105.399994 -6.832669 -3.983556 0.073685 0.003624 0.015631 0.803214 0.595474
105.599993 -6.939665 -3.666468 -0.027142 0.026693 0.015602 0.801699 0.596927
105.799993 -7.038778 -3.365725 -0.110505 -0.011910 0.014513 0.794905 0.606443
105.999993 -7.130832 -3.075253 -0.150560 -0.040038 0.018746 0.781566 0.622254
106.199993 -7.235108 -2.772392 -0.151511 -0.014691 0.012790 0.765514 0.643124
106.399994 -7.344585 -2.461181 -0.132880 0.017210 0.017600 0.745369 0.666197
106.599994 -7.432895 -2.159341 -0.078183 0.113105 -0.013814 0.713979 0.690833
106.799994 -7.471213 -1.898568 -0.031077 0.438500 -0.291767 0.572782 0.628101
106.999994 -7.447047 -1.957624 -0.170338 0.122440 -0.080437 0.685507 0.713175
107.199992 -7.388320 -2.342226 -0.280733 -0.227665 0.155343 0.669860 0.689438
107.399991 -7.357301 -2.586334 -0.258113 -0.247567 0.164679 0.663697 0.686366
107.599994 -7.378821 -2.494225 -0.223941 0.006318 -0.088353 0.710567 0.698032
107.799994 -7.447140 -2.332616 -0.151545 0.177293 -0.115581 0.698070 0.684037
107.999994 -7.485160 -2.319028 -0.098594 0.097362 0.066958 0.708882 0.695358
108.199993 -7.404953 -2.403325 -0.052392 -0.120174 0.127880 0.708264 0.683789
108.399994 -7.301882 -2.375082 -0.020339 -0.153229 -0.018968 0.706334 0.690835
108.599994 -7.318686 -2.263387 -0.036842 0.020745 -0.095633 0.718001 0.689129
108.799994 -7.416250 -2.222804 -0.088997 0.106785 0.019820 0.710332 0.695437
108.999994 -7.439893 -2.300103 -0.134249 -0.020342 0.099742 0.714841 0.691838
109.199994 -7.375207 -2.358865 -0.173578 -0.076056 0.015364 0.711179 0.698716
