0.800000 -0.000378 -0.000435 -0.000133 0.000026 -0.000047 -0.000075 1.000000
6.400000 -0.035986 0.032488 0.026155 -0.158093 -0.172466 0.028056 0.971841
6.650000 -0.194175 0.202121 -0.000021 0.015650 0.026205 0.013532 0.999442
7.000000 -0.512275 0.531792 -0.072879 -0.021084 -0.133510 0.001104 0.990822
7.250000 -0.719929 0.698865 -0.027788 0.123816 -0.055509 -0.001970 0.990749
7.650000 -1.312569 0.807709 0.029369 -0.044442 -0.011455 -0.033435 0.998387
8.050000 -1.814844 0.932683 0.222885 -0.015640 0.095948 -0.085020 0.991625
8.250000 -1.971380 1.042029 0.355218 0.045692 -0.016763 -0.109186 0.992829
8.650000 -2.293638 1.137649 0.587889 -0.076505 0.097185 -0.163106 0.978825
9.000000 -2.418937 1.280702 0.697929 0.028311 0.004458 -0.198895 0.979602
9.650000 -2.370122 1.429227 0.897804 -0.117948 -0.043684 -0.212472 0.969038
9.850000 -2.336665 1.574656 0.935886 -0.105296 0.155443 -0.301239 0.934883
10.050000 -2.211118 1.816141 0.914708 0.013594 0.034032 -0.412186 0.910362
10.250000 -1.968018 2.182566 0.890936 0.027309 -0.071812 -0.554526 0.828612
10.450000 -1.820225 2.415537 0.862720 -0.029691 -0.072254 -0.700029 0.709829
10.650000 -1.781905 2.686100 0.819127 -0.030041 -0.011400 -0.792117 0.609523
11.050000 -1.607029 3.186398 0.755688 -0.111355 0.002444 -0.814536 0.569320
11.450000 -1.127516 3.838081 0.643792 0.144600 -0.052951 -0.742178 0.652272
11.850000 -0.871939 4.363391 0.626185 -0.068140 0.020796 -0.711055 0.699518
12.050000 -0.928565 4.627196 0.615722 -0.074136 0.229034 -0.681402 0.691186
12.250000 -0.796893 4.832703 0.597057 0.061498 0.154340 -0.651057 0.740622
12.450000 -0.500403 4.927069 0.594075 0.056841 -0.032774 -0.593660 0.802036
12.650000 -0.203578 4.955337 0.590783 -0.083889 -0.080781 -0.517876 0.847491
12.800000 0.018546 5.066899 0.639445 -0.061640 0.154226 -0.446750 0.879107
13.050000 0.332510 5.186337 0.649291 0.130530 0.048982 -0.354856 0.924467
13.250000 0.716867 5.197311 0.638711 -0.020674 -0.179840 -0.282933 0.941902
13.450000 1.011915 5.193219 0.595217 -0.112566 -0.101151 -0.177610 0.972395
13.650000 1.209505 5.320812 0.482941 0.045165 0.187626 -0.134646 0.971919
13.800000 1.463661 5.394375 0.406960 0.196701 0.050592 -0.081889 0.975727
14.000000 1.815040 5.303661 0.258762 -0.050186 -0.125695 -0.074124 0.988022
14.250000 2.097747 5.222278 0.150555 -0.026634 0.010644 -0.052027 0.998234
14.600000 2.650365 5.191074 -0.003498 -0.011842 -0.021436 -0.026819 0.999340
15.000000 3.273537 5.087829 -0.062192 0.125795 0.030416 -0.018810 0.991411
15.200000 3.545424 4.960351 -0.008739 -0.138694 0.047776 -0.016416 0.989046
15.400000 3.871218 4.875498 0.058162 -0.076489 -0.148664 -0.035441 0.985288
15.800000 4.215439 4.961314 0.127065 0.020632 0.070391 -0.141720 0.987185
16.000000 4.307287 4.959812 0.161689 -0.028981 -0.044376 -0.211758 0.975884
16.450000 4.415989 5.046084 0.181262 -0.000634 -0.017278 -0.365814 0.930527
16.800000 4.369817 5.136047 0.162462 0.050123 -0.079026 -0.508046 0.856231
17.200000 4.149350 5.208852 0.107331 0.021263 -0.022737 -0.635708 0.771301
17.600000 3.755202 5.285927 0.071629 0.086483 -0.015048 -0.722970 0.685280
18.000000 3.191375 5.214554 0.026001 -0.010023 0.013733 -0.751396 0.659632
18.450000 2.638524 5.106624 -0.019057 -0.044522 0.061247 -0.685955 0.723694
18.800000 2.361890 4.958873 -0.036070 -0.056237 -0.011149 -0.542530 0.838078
19.250000 2.190270 4.892174 -0.033398 -0.030860 0.044488 -0.401028 0.914464
20.450000 2.172357 4.324443 0.289523 0.057501 0.005328 -0.464950 0.883451
20.850000 2.146995 3.806542 0.351432 -0.050048 0.039268 -0.539766 0.839408
21.450000 2.268872 3.053914 0.338614 -0.047740 0.021428 -0.495530 0.867013
21.850000 2.476570 2.513056 0.239232 -0.059761 0.056793 -0.305379 0.948655
22.050000 2.658632 2.306253 0.201041 -0.072248 0.018546 -0.160785 0.984167
22.250000 2.859357 2.152987 0.132730 -0.042193 0.035987 -0.008868 0.998422
22.450000 3.077663 2.050352 0.075702 0.030894 0.056445 0.127269 0.989779
22.650000 3.349784 1.939940 0.038701 0.026811 0.013492 0.228424 0.973099
23.050000 3.997064 1.612758 -0.013008 0.057054 -0.027057 0.299621 0.951966
23.400000 4.608309 1.128783 -0.001617 0.023594 -0.039872 0.166010 0.985035
23.650000 4.866430 0.842706 0.025697 0.001498 -0.067066 0.055496 0.996203
23.850000 5.056313 0.560267 0.040500 -0.013593 -0.040559 -0.065621 0.996927
24.050000 5.188755 0.256194 0.028960 -0.011683 0.007385 -0.195796 0.980547
24.200000 5.358775 -0.082033 0.042620 0.006464 0.055056 -0.337683 0.939626
24.400000 5.602946 -0.378850 0.087419 -0.003473 0.033168 -0.454281 0.890234
24.650000 5.845536 -0.634199 0.102057 0.079074 -0.101857 -0.547218 0.826998
24.850000 6.005138 -0.894103 0.096233 0.069508 -0.082521 -0.635515 0.764513
25.050000 6.060711 -1.214070 0.065362 -0.000032 -0.051282 -0.717301 0.694874
25.450000 6.194984 -1.786153 0.066208 0.045427 0.016052 -0.804753 0.591652
25.850000 6.258372 -2.443748 0.070513 -0.009653 -0.021691 -0.829905 0.557400
26.250000 6.146115 -3.036051 0.060111 0.052115 -0.027885 -0.825661 0.561062
26.600000 5.843792 -3.631855 0.030920 0.030993 -0.013742 -0.835077 0.549088
27.000000 5.433302 -4.247046 0.043228 -0.020522 0.064265 0.868273 -0.491478
27.200000 5.138616 -4.507398 0.045062 0.106934 0.039716 0.874828 -0.470812
27.600000 4.741980 -4.864375 0.029189 0.026722 -0.037267 0.870733 -0.489613
27.800000 4.614758 -5.035946 0.061191 0.010472 -0.068221 -0.860626 0.504539
28.250000 4.227605 -5.214950 0.072203 0.188691 -0.044595 0.910865 -0.364324
28.400000 4.115903 -5.218144 0.072692 0.132917 -0.066638 0.959602 -0.238866
28.600000 4.198812 -5.247430 0.061540 -0.012065 -0.092083 0.988265 -0.121272
29.200000 4.313756 -5.834416 0.075192 0.077838 -0.010051 0.995812 -0.046891
29.600000 4.428866 -6.218310 0.114662 -0.036748 -0.001297 0.997784 -0.055449
30.000000 4.554406 -6.670165 0.157501 -0.036183 0.119740 0.983831 -0.128174
30.600000 4.344268 -6.810332 0.131000 -0.010774 -0.006694 0.982202 -0.187398
31.000000 4.029715 -6.919472 0.177649 -0.048702 0.040275 0.994754 -0.080441
31.400000 3.563164 -6.934017 0.265131 -0.029826 -0.018326 0.998845 0.032927
31.800000 2.903180 -6.976513 0.303173 0.021293 -0.011873 0.996894 0.074890
32.200000 2.321884 -7.101539 0.281344 -0.012243 0.050649 0.996784 0.060877
32.600000 1.818417 -7.076365 0.257664 -0.000967 0.047465 0.998259 0.034988
32.800000 1.516294 -6.956047 0.216851 0.016935 -0.089015 0.995642 0.022063
33.200000 0.902906 -6.979189 0.121049 -0.020315 0.007036 0.999295 -0.030793
33.600000 0.281806 -7.048017 0.105844 0.022909 0.033648 0.983592 -0.175753
34.000000 -0.335227 -6.925307 0.178780 0.071360 -0.083038 0.964989 -0.238345
34.650000 -0.761308 -7.094807 0.133408 0.034903 0.048343 0.944127 -0.324142
34.850000 -0.792201 -7.089794 0.103184 0.044238 0.015161 0.880412 -0.471897
35.050000 -0.848146 -7.054028 0.072044 -0.057051 0.069912 -0.760708 0.642791
35.250000 -0.862129 -7.025108 0.055974 -0.025753 0.087271 -0.586748 0.804641
35.400000 -0.814969 -7.041599 0.046223 -0.017128 0.049864 -0.385522 0.921191
35.600000 -0.705697 -7.061212 0.037807 -0.002450 0.048953 -0.174385 0.983457
35.800000 -0.565939 -7.080133 0.035858 0.026502 0.088937 -0.019144 0.995500
36.000000 -0.363807 -7.122360 0.050268 0.004554 0.049633 0.088853 0.994797
36.400000 0.120434 -7.207429 0.121490 -0.048918 0.011738 0.241952 0.968983
36.800000 0.570345 -7.140210 0.185861 -0.053765 -0.032556 0.420378 0.905169
37.000000 0.753485 -7.060132 0.175048 -0.047653 -0.040049 0.529716 0.845888
37.250000 0.870244 -6.959055 0.143810 -0.020179 -0.020701 0.636150 0.771023
37.400000 0.960499 -6.858152 0.087742 -0.011761 -0.007463 0.734796 0.678146
37.600000 1.032477 -6.764325 0.046293 -0.028924 0.060912 0.809599 0.583097
38.000000 1.160179 -6.384867 0.047114 -0.066329 0.017587 0.881914 0.466390
38.400000 1.117975 -5.799122 0.074818 -0.018334 -0.044360 0.909779 0.412308
39.000000 0.811891 -5.221821 0.075800 -0.032932 -0.057715 0.954102 0.292018
39.400000 0.501799 -4.933516 0.087104 -0.049511 -0.064528 0.985413 0.149483
39.850000 -0.021994 -4.849203 0.084019 -0.012374 -0.004938 0.999904 -0.003894
40.250000 -0.640079 -4.796345 0.068880 -0.002729 -0.015384 0.993918 -0.109012
40.600000 -1.268272 -4.825092 0.046028 0.009474 -0.038118 0.987950 -0.149704
41.050000 -1.825249 -5.017006 0.047997 -0.004182 0.049722 0.991969 -0.116223
41.450000 -2.407907 -5.039771 0.094362 0.003888 -0.024423 0.999017 -0.036782
41.800000 -3.035234 -5.138173 0.110615 0.008961 0.041063 0.994890 -0.091797
42.050000 -3.317442 -5.180594 0.150063 -0.000858 0.029170 0.974215 -0.223728
42.250000 -3.577295 -5.153592 0.211567 -0.004478 0.011740 0.920055 -0.391587
42.450000 -3.819539 -5.092596 0.300756 0.035007 0.068314 -0.824138 0.561163
42.650000 -4.116988 -5.084542 0.359495 0.047951 0.056416 -0.723615 0.686221
42.800000 -4.429525 -5.185805 0.393714 -0.027063 -0.002925 -0.616431 0.786938
43.050000 -4.724089 -5.279485 0.450271 -0.089289 0.033727 -0.513917 0.852513
43.200000 -4.943500 -5.329670 0.503985 -0.063324 0.134983 -0.422435 0.894046
43.450000 -5.007473 -5.361277 0.518924 0.045660 0.052774 -0.330700 0.941152
44.000000 -5.066392 -5.797284 0.392731 -0.051487 0.071038 -0.449979 0.888719
44.250000 -5.004730 -5.988161 0.323082 0.013510 0.015866 -0.617728 0.786116
44.400000 -4.903496 -6.144012 0.268117 0.022652 0.033933 -0.785377 0.617672
44.650000 -4.832870 -6.299008 0.212273 -0.012377 -0.013216 0.907589 -0.419468
44.800000 -4.778115 -6.506567 0.168397 -0.039599 0.002393 0.974053 -0.222814
45.000000 -4.736887 -6.768556 0.140310 -0.056659 0.006558 0.996534 -0.060561
45.200000 -4.729647 -7.050115 0.123794 0.004789 0.098356 0.992520 0.072164
45.600000 -4.729550 -7.350676 0.127200 -0.011170 0.067588 0.967015 0.245333
46.050000 -4.677933 -7.361748 0.136375 -0.019197 0.030658 0.929683 0.366581
46.400000 -4.658842 -7.328912 0.153324 -0.051082 0.079264 0.882912 0.459972
47.000000 -4.648781 -6.888838 0.163390 -0.044221 0.038182 0.827593 0.558280
47.650000 -4.698716 -6.136107 0.158260 -0.034471 -0.000774 0.810678 0.584476
48.000000 -4.814030 -5.545643 0.165389 -0.009074 0.010748 0.819666 0.572668
48.400000 -4.945563 -4.953712 0.189687 -0.030461 -0.014389 0.828670 0.558723
48.800000 -5.181023 -4.352416 0.196535 -0.035454 -0.003911 0.807437 0.588874
49.200000 -5.514997 -3.757868 0.136969 -0.000420 -0.032041 0.769977 0.637267
49.650000 -5.894838 -3.249954 0.025101 0.014945 -0.025232 0.754501 0.655643
49.850000 -6.127886 -3.063850 0.000228 0.024653 0.144031 0.747416 0.648087
50.200000 -6.360905 -2.493575 0.029439 -0.035824 -0.056247 0.747130 0.661324
50.600000 -6.616089 -1.883416 0.107009 0.201051 -0.087746 0.747505 0.626989
51.000000 -6.670622 -1.693888 -0.003695 -0.001132 0.034399 0.809038 0.586747
51.200000 -6.599539 -1.718673 -0.031995 -0.116581 0.065704 0.801205 0.583235
51.800000 -6.669235 -1.320081 -0.088477 0.052890 0.024844 0.790052 0.610249
52.250000 -6.620999 -0.944137 -0.073136 -0.061879 0.021892 0.855722 0.513255
52.800000 -6.657072 -0.202333 -0.042353 -0.001921 0.023724 0.864182 0.502617
53.200000 -6.818389 0.388750 0.018659 0.024431 0.030035 0.771492 0.635059
53.400000 -6.835105 0.700466 0.068840 0.098220 -0.066043 0.728895 0.674317
53.850000 -6.824998 1.029023 0.076445 0.044281 -0.033404 0.656088 0.752644
54.200000 -6.832554 1.034640 0.113664 0.051423 -0.050313 0.568576 0.819479
54.600000 -6.843034 0.929204 0.123197 0.039980 0.006407 0.463907 0.884958
55.000000 -6.799978 0.618306 0.109933 0.060145 -0.017092 0.347123 0.935733
55.450000 -6.748359 0.157155 0.080369 0.023824 0.013049 0.215853 0.976048
55.800000 -6.651763 -0.419197 0.046351 0.014320 -0.010264 0.068407 0.997502
56.200000 -6.568947 -1.036357 0.021839 -0.016589 -0.015070 -0.072285 0.997132
56.600000 -6.527018 -1.624784 0.029874 -0.008923 0.018329 -0.190831 0.981411
57.050000 -6.446718 -2.193272 0.042708 -0.038231 0.070962 -0.270614 0.959308
57.450000 -6.138349 -2.745981 0.068541 -0.029063 0.025907 -0.296544 0.954225
57.800000 -5.715967 -3.287976 0.088007 -0.009763 0.051932 -0.283808 0.957424
58.250000 -5.148330 -3.866297 0.115319 -0.030075 -0.001173 -0.228777 0.973014
58.650000 -4.560624 -4.368155 0.148514 -0.084263 -0.111597 -0.086709 0.986371
58.850000 -4.373752 -4.467930 0.162907 -0.009179 -0.005213 -0.010450 0.999890
59.050000 -4.213488 -4.542281 0.169994 -0.058007 -0.033105 0.092925 0.993431
59.200000 -4.062125 -4.614031 0.180947 -0.108508 -0.053077 0.209215 0.970380
59.450000 -3.961466 -4.635262 0.184542 -0.055828 -0.042033 0.332133 0.940640
59.600000 -3.917058 -4.610999 0.183503 -0.045449 -0.020167 0.450621 0.891329
59.800000 -3.916368 -4.565904 0.180445 -0.078156 0.024175 0.555872 0.827233
60.050000 -3.934962 -4.463698 0.179637 -0.092298 0.011011 0.650285 0.753983
60.200000 -3.983844 -4.288871 0.180886 -0.065255 0.007348 0.727847 0.682588
60.600000 -4.166527 -3.822147 0.187269 -0.012163 0.040296 0.810656 0.584008
61.000000 -4.343424 -3.270744 0.194246 -0.001338 0.012141 0.813088 0.582012
61.450000 -4.496666 -2.687508 0.197830 0.014712 0.009684 0.769824 0.638013
61.800000 -4.598205 -2.153685 0.176250 0.080476 -0.057828 0.682900 0.723760
62.200000 -4.650689 -1.869871 0.148098 0.011329 -0.005696 0.563960 0.825705
62.600000 -4.717648 -1.702251 0.149835 -0.049630 0.027641 0.450382 0.891027
63.200000 -4.812469 -1.203454 0.149053 -0.044305 0.021263 0.397026 0.916491
63.600000 -4.843834 -0.636892 0.133114 -0.036718 0.015357 0.481923 0.875309
64.000000 -4.891340 0.098490 0.117199 -0.014618 0.006077 0.581799 0.813178
64.450000 -4.947654 0.849839 0.094106 -0.012703 0.000725 0.634671 0.772678
64.800000 -5.028105 1.544708 0.054947 0.023376 0.014289 0.626273 0.779122
65.200000 -5.045507 2.174540 0.012917 0.030058 0.017601 0.564062 0.824998
65.600000 -4.967797 2.727324 -0.024893 0.073936 0.029643 0.475406 0.876153
66.200000 -4.467151 3.327490 -0.016086 0.059791 0.008041 0.405487 0.912108
66.600000 -3.976445 3.625769 0.035185 0.008659 -0.006764 0.461797 0.886918
67.000000 -3.478736 3.839583 0.090511 -0.066133 -0.039890 0.587424 0.805586
67.250000 -3.285961 3.977422 0.115864 -0.066492 -0.018288 0.673426 0.736031
67.400000 -3.134272 4.123204 0.129619 -0.054613 0.006291 0.758543 0.649299
67.650000 -3.010827 4.293845 0.138492 -0.054505 0.001587 0.828459 0.557388
68.050000 -2.882849 4.714426 0.112231 -0.061794 -0.038773 0.915084 0.396611
68.400000 -2.998021 5.112050 0.064044 -0.017223 -0.062630 0.965883 0.250702
68.800000 -3.224247 5.332060 -0.000314 -0.065077 -0.041288 0.984719 0.156172
69.200000 -3.596490 5.401450 0.014039 -0.038984 -0.007892 0.998189 0.045125
69.800000 -4.348324 5.456751 0.171000 -0.017486 0.032431 0.998586 -0.038314
70.250000 -4.901625 5.493720 0.405284 0.378602 -0.056417 0.921556 -0.064900
70.650000 -4.640995 5.518466 0.244892 -0.081867 -0.005352 0.994853 -0.059475
70.800000 -4.269149 5.450613 0.213198 -0.283761 0.071966 0.953200 -0.075567
71.000000 -4.075103 5.428285 0.215469 -0.169509 0.063190 0.980690 -0.074307
71.200000 -4.089470 5.460713 0.227445 0.091060 0.008496 0.994303 -0.054745
71.400000 -4.158419 5.509311 0.238329 0.197022 -0.033697 0.977805 -0.062810
71.600000 -4.123810 5.524593 0.225528 0.012478 -0.013819 0.998083 -0.059021
71.800000 -4.035118 5.494135 0.219789 -0.133395 0.029124 0.988782 -0.060559
72.200000 -4.118677 5.464741 0.253443 0.055930 0.002415 0.996980 -0.053817
72.850000 -4.076969 5.493995 0.258512 -0.049320 0.013497 0.997098 -0.056394
