0.799989 -0.000378 -0.000435 -0.000133 0.000026 -0.000047 -0.000075 1.000000
0.999989 -0.001182 -0.000578 -0.000349 0.000043 -0.000129 -0.000170 1.000000
1.199989 -0.001968 -0.000702 -0.000641 0.000046 -0.000156 -0.000215 1.000000
1.399989 -0.002423 -0.000698 -0.000801 0.000054 -0.000191 -0.000222 1.000000
1.599989 -0.002780 -0.000682 -0.000840 0.000058 -0.000230 -0.000242 1.000000
1.799989 -0.002763 -0.000590 -0.000719 0.000032 -0.000225 -0.000236 1.000000
1.999989 -0.003107 -0.000586 -0.000693 0.000025 -0.000259 -0.000278 1.000000
2.199989 -0.003023 -0.000561 -0.000609 0.000015 -0.000236 -0.000263 1.000000
2.399989 -0.002970 -0.000563 -0.000617 0.000019 -0.000245 -0.000263 1.000000
2.599989 -0.002807 -0.000570 -0.000636 0.000021 -0.000231 -0.000251 1.000000
2.799989 -0.002661 -0.000580 -0.000643 0.000025 -0.000223 -0.000245 1.000000
2.999989 -0.002647 -0.000601 -0.000625 0.000024 -0.000223 -0.000245 1.000000
3.199989 -0.002586 -0.000587 -0.000583 0.000019 -0.000214 -0.000239 1.000000
3.399989 -0.002739 -0.000573 -0.000601 0.000019 -0.000228 -0.000251 1.000000
3.599989 -0.002884 -0.000572 -0.000638 0.000019 -0.000231 -0.000256 1.000000
3.799989 -0.002890 -0.000583 -0.000667 0.000020 -0.000229 -0.000253 1.000000
3.999989 -0.002864 -0.000593 -0.000672 0.000021 -0.000231 -0.000252 1.000000
4.199989 -0.002800 -0.000599 -0.000644 0.000021 -0.000230 -0.000251 1.000000
4.399989 -0.002782 -0.000592 -0.000625 0.000021 -0.000230 -0.000250 1.000000
4.599989 -0.002772 -0.000578 -0.000621 0.000020 -0.000228 -0.000251 1.000000
4.799989 -0.002794 -0.000576 -0.000629 0.000020 -0.000230 -0.000253 1.000000
4.999989 -0.002856 -0.000579 -0.000650 0.000020 -0.000233 -0.000254 1.000000
5.199989 -0.002903 -0.000590 -0.000666 0.000021 -0.000234 -0.000255 1.000000
5.399989 -0.002806 -0.000585 -0.000648 0.000020 -0.000227 -0.000248 1.000000
5.599989 -0.002821 -0.000581 -0.000646 0.000021 -0.000233 -0.000253 1.000000
5.799989 -0.002876 -0.000583 -0.000650 0.000020 -0.000234 -0.000255 1.000000
5.999989 -0.002943 -0.000597 -0.000660 0.000021 -0.000237 -0.000258 1.000000
6.199991 -0.002813 -0.003728 0.009103 -0.080470 -0.068751 0.002946 0.994379
6.399994 -0.035986 0.032488 0.026155 -0.158093 -0.172466 0.028056 0.971841
6.599989 -0.194467 0.203387 -0.001290 0.014754 0.023767 0.013125 0.999522
6.799987 -0.383748 0.380750 -0.066299 -0.002610 0.035347 0.005993 0.999354
6.999991 -0.516731 0.532965 -0.068639 -0.024152 -0.124598 0.000711 0.991913
7.199985 -0.718493 0.702446 -0.027437 0.141486 -0.054521 -0.001603 0.988436
7.399985 -1.009909 0.814887 0.010690 0.073486 0.017284 -0.012378 0.997070
7.599987 -1.289766 0.816402 0.068820 -0.004475 -0.009541 -0.031483 0.999449
7.799988 -1.559921 0.812765 0.176119 0.006888 0.025651 -0.047693 0.998509
7.999988 -1.815278 0.837802 0.317731 0.055131 0.078849 -0.063475 0.993335
8.199988 -2.015464 0.829264 0.464123 0.039384 0.075906 -0.080804 0.993055
8.399990 -2.149728 0.752730 0.578700 -0.031764 -0.003427 -0.098128 0.994661
8.599991 -2.271766 0.676184 0.650097 -0.131014 -0.002334 -0.111660 0.985070
8.799991 -2.389327 0.698368 0.731222 -0.072219 0.034797 -0.133755 0.987767
8.999987 -2.481882 0.823591 0.779448 0.032641 0.129535 -0.146254 0.980186
9.199988 -2.496755 0.924592 0.788212 0.004074 0.045895 -0.153470 0.987079
9.399989 -2.444057 0.983312 0.779547 -0.031488 -0.008648 -0.152488 0.987766
9.599988 -2.397949 1.058110 0.763687 -0.010959 0.076579 -0.138940 0.987275
9.799988 -2.314934 1.145218 0.743749 0.013421 0.066463 -0.079962 0.994489
9.999992 -2.163317 1.173005 0.701811 -0.103366 -0.080980 0.020606 0.991127
10.199993 -2.033712 1.271513 0.707468 -0.078719 -0.012596 0.157174 0.984348
10.399994 -1.948957 1.455076 0.705630 -0.024317 -0.045233 0.320669 0.945798
10.599994 -1.879672 1.762236 0.703115 -0.046800 -0.048349 0.473098 0.878436
10.799993 -1.840077 2.038079 0.699559 -0.051585 0.008815 0.603101 0.795947
10.999992 -1.865728 2.315239 0.706220 -0.053735 -0.023249 0.698148 0.713555
11.199991 -1.923270 2.612092 0.708391 -0.035850 -0.069326 0.753847 0.652398
11.399990 -2.000914 2.906455 0.709037 -0.036774 -0.074776 0.767630 0.635453
11.599991 -2.121991 3.192336 0.676136 -0.026891 -0.025513 0.746092 0.664810
11.799992 -2.271740 3.483725 0.605901 0.023432 0.011098 0.692564 0.720891
11.999993 -2.399501 3.770534 0.497036 0.057893 0.007179 0.610327 0.789999
12.199990 -2.491636 4.027255 0.368708 0.076808 0.063586 0.505139 0.857258
12.399990 -2.462023 4.298226 0.192127 0.015357 0.037272 0.375361 0.926002
12.599992 -2.406683 4.561264 0.048524 0.044353 -0.036685 0.254924 0.965246
12.799992 -2.413282 4.773705 -0.042006 0.099880 -0.027612 0.138041 0.984991
12.999991 -2.475000 4.920694 -0.098360 0.039503 0.083806 0.052264 0.994326
13.199992 -2.432995 5.066636 -0.093844 -0.004447 0.087437 -0.023777 0.995876
13.399993 -2.283531 5.223087 -0.034582 0.038137 0.001711 -0.061455 0.997380
13.599993 -2.101758 5.351700 0.052213 0.063863 0.035620 -0.076598 0.994377
13.799993 -1.919716 5.400462 0.159459 0.029114 0.090970 -0.074248 0.992655
13.999993 -1.684868 5.410839 0.305668 0.082306 0.023278 -0.065502 0.994180
14.199993 -1.412919 5.397915 0.433365 0.048605 0.006065 -0.047879 0.997651
14.399993 -1.140751 5.351620 0.558537 -0.030619 0.017119 -0.027087 0.999017
14.599993 -0.862643 5.329491 0.679493 -0.048069 0.011878 -0.009677 0.998727
14.799993 -0.582055 5.357400 0.770107 0.069968 -0.013233 0.000789 0.997461
14.999990 -0.285471 5.361185 0.885266 0.223364 -0.020249 0.001603 0.974523
15.199992 0.018282 5.205260 0.890229 -0.016793 0.022919 -0.001830 0.999595
15.399992 0.329764 5.020933 0.870350 -0.038656 0.022933 -0.006880 0.998966
15.599992 0.666183 4.922680 0.834334 0.021809 -0.025412 -0.007516 0.999411
15.799992 0.991719 4.827963 0.781014 0.059721 -0.040429 -0.005798 0.997379
15.999992 1.280539 4.685525 0.720601 -0.034744 0.008379 0.004679 0.999350
16.199991 1.561319 4.551747 0.661857 -0.101484 0.044034 0.021568 0.993628
16.399990 1.856994 4.511168 0.605579 -0.017418 -0.015678 0.058397 0.998018
16.599990 2.164450 4.513546 0.540478 0.005049 -0.040404 0.098714 0.994282
16.799989 2.448877 4.505426 0.484375 -0.015631 0.012593 0.134346 0.990731
16.999989 2.741436 4.508049 0.455453 0.014393 0.001231 0.165872 0.986041
17.199989 3.054967 4.513844 0.446206 0.099363 -0.052588 0.188489 0.975620
17.399989 3.365633 4.454326 0.405878 0.021672 -0.028690 0.206179 0.977854
17.599990 3.661820 4.356144 0.402845 -0.091795 -0.070880 0.230598 0.966113
17.799992 3.919734 4.329440 0.332204 -0.071009 -0.160160 0.281887 0.943317
17.999984 4.029272 4.362264 0.282039 0.035644 -0.019988 0.355488 0.933787
18.199983 4.087758 4.362583 0.265594 -0.000432 0.010890 0.470631 0.882263
18.399989 4.205052 4.371436 0.260843 -0.084060 -0.026095 0.592683 0.800612
18.599993 4.332595 4.415337 0.264523 -0.115605 -0.076778 0.718682 0.681350
18.799993 4.363322 4.493056 0.272364 -0.068856 -0.063049 0.827000 0.554395
18.999993 4.291937 4.593952 0.269324 -0.009567 -0.025274 0.888379 0.458314
19.199993 4.174437 4.683917 0.276011 -0.022025 -0.000605 0.898537 0.438344
19.399993 4.049619 4.781059 0.284942 -0.056282 -0.051803 0.864528 0.496729
19.599992 3.896108 4.874905 0.289908 -0.034527 -0.101606 0.786306 0.608446
19.799988 3.689573 4.920282 0.302439 0.037663 -0.084186 0.664851 0.741260
19.999974 3.467952 4.931520 0.328769 0.044357 -0.023282 0.493365 0.868378
20.199986 3.244056 4.900143 0.398750 0.005915 -0.006369 0.314201 0.949317
20.399990 2.989970 4.881463 0.481518 0.074285 -0.018615 0.167504 0.982892
20.599991 2.735919 4.816630 0.572328 0.100341 -0.015305 0.056775 0.993214
20.799992 2.494242 4.665386 0.655046 -0.010712 0.058478 -0.009783 0.998183
20.999992 2.290254 4.520526 0.748517 -0.067445 0.107465 -0.054028 0.990446
21.199992 2.149344 4.457964 0.828416 -0.004204 -0.023424 -0.054408 0.998235
21.399992 2.043524 4.419681 0.856305 0.014572 -0.008345 -0.047812 0.998715
21.599990 1.925614 4.363767 0.864017 0.080756 0.037683 -0.041200 0.995169
21.799989 1.835365 4.252540 0.821267 0.120848 -0.017275 -0.038547 0.991772
21.999991 1.754698 4.057231 0.744685 0.046250 -0.013629 -0.033202 0.998285
22.199990 1.661239 3.837940 0.668886 0.046775 0.014133 -0.026591 0.998451
22.399988 1.569216 3.611593 0.588536 0.076438 -0.011706 -0.020922 0.996786
22.599989 1.491958 3.338079 0.489779 0.045370 -0.031289 -0.017891 0.998320
22.799988 1.410349 3.037102 0.396304 -0.003373 0.039081 -0.007026 0.999206
22.999984 1.340381 2.736557 0.274983 -0.019248 0.121758 0.006066 0.992355
23.199987 1.370558 2.445530 0.203227 -0.021063 -0.033320 0.032930 0.998680
23.399990 1.448398 2.187306 0.127722 -0.063890 -0.064676 0.068122 0.993526
23.599952 1.461687 1.985187 0.074086 -0.019419 0.129570 0.108852 0.985386
23.799913 1.568670 1.825331 0.033678 0.018663 0.073727 0.159308 0.984295
23.999978 1.841569 1.664188 0.002193 -0.031515 -0.007609 0.199765 0.979307
24.199960 2.127840 1.530271 -0.003705 0.010119 0.014137 0.234899 0.971864
24.399939 2.411638 1.404250 0.014679 0.019346 0.010462 0.266742 0.963517
24.599942 2.699554 1.259280 0.040839 0.111673 -0.032914 0.282627 0.952139
24.799956 2.982012 1.035733 0.027433 0.089901 -0.046623 0.284226 0.953394
24.999947 3.257491 0.717654 0.008661 -0.019463 0.008854 0.272462 0.961929
25.199988 3.545787 0.462378 -0.040813 -0.026170 -0.135108 0.238917 0.961239
25.399983 3.755895 0.191902 -0.068339 0.032683 -0.063953 0.178049 0.981397
25.599966 3.860301 -0.128984 -0.063299 -0.019697 0.067776 0.101466 0.992332
25.799990 4.019456 -0.436916 -0.036758 -0.076662 -0.080216 0.015650 0.993702
25.999988 4.159181 -0.685021 -0.007183 0.046201 -0.083870 -0.083030 0.991936
26.199968 4.187888 -0.926685 0.022537 0.020379 0.062081 -0.184004 0.980751
26.399957 4.243959 -1.214406 0.051237 0.071059 -0.018017 -0.305325 0.949422
26.599982 4.411007 -1.474264 0.068781 0.062285 -0.091895 -0.412448 0.904191
26.799990 4.421527 -1.862100 0.041343 -0.048542 -0.050937 -0.515780 0.853827
26.999990 4.396044 -2.153386 0.028340 -0.016986 0.047478 -0.601220 0.797491
27.199991 4.406776 -2.395064 0.024764 0.036977 0.023355 -0.675010 0.736511
27.399992 4.438176 -2.669102 0.052760 0.028498 -0.030984 -0.727686 0.684618
27.599993 4.440421 -2.989975 0.092713 0.008091 -0.046787 -0.762896 0.644776
27.799993 4.406367 -3.303498 0.128979 0.016432 -0.016117 -0.785148 0.618880
27.999994 4.348924 -3.605957 0.126897 0.030173 0.000675 -0.807027 0.589743
28.199994 4.280527 -3.910277 0.111396 0.051512 -0.031351 -0.827421 0.558336
28.399994 4.184768 -4.224685 0.112634 0.057595 -0.046739 -0.814680 0.575147
28.599993 4.031214 -4.517492 0.158565 0.030729 -0.058325 -0.757797 0.649151
28.799992 3.800338 -4.773445 0.198060 -0.032832 -0.060891 -0.672311 0.737029
28.999990 3.544871 -4.988609 0.233902 -0.056823 0.019878 -0.593682 0.802445
29.199990 3.353832 -5.194975 0.257068 -0.035457 0.019111 -0.554541 0.831181
29.399990 3.229365 -5.410761 0.281790 -0.008270 0.051253 -0.564869 0.823546
29.599990 3.146317 -5.630670 0.298380 0.027774 0.013084 -0.609540 0.792161
29.799990 3.066431 -5.863239 0.302081 -0.017130 -0.015098 -0.660196 0.750746
29.999991 2.974662 -6.072716 0.309174 -0.052835 0.060776 -0.697562 0.711984
30.199990 2.937919 -6.275309 0.320291 -0.002499 0.073286 -0.739493 0.669158
30.399991 2.976617 -6.539530 0.321665 0.029935 -0.058731 -0.790213 0.609276
30.599993 2.986323 -6.836920 0.338647 -0.017619 -0.182931 -0.844320 0.503339
30.799994 2.938339 -7.020870 0.302868 -0.045318 -0.104897 -0.915760 0.385131
30.999994 2.879558 -7.091254 0.268022 0.034122 -0.026691 0.962787 -0.266767
31.199994 2.869658 -7.155860 0.246824 -0.011452 -0.044623 0.983283 -0.176158
31.399993 2.895668 -7.295171 0.242893 -0.131014 0.050368 0.979492 -0.144547
31.599993 2.824398 -7.442011 0.285986 -0.111258 0.090044 0.979243 -0.143518
31.799994 2.635813 -7.515973 0.345636 -0.010352 0.087157 0.986535 -0.138004
31.999994 2.410047 -7.505347 0.394157 0.026986 0.054965 0.989483 -0.131052
32.199994 2.201314 -7.438418 0.417258 -0.039602 0.014809 0.991846 -0.120222
32.399993 1.981117 -7.370454 0.399870 -0.094543 0.000711 0.991368 -0.090835
32.599993 1.697832 -7.335142 0.382848 -0.043739 0.007152 0.997701 -0.051265
32.799993 1.364274 -7.313157 0.360265 0.026411 -0.009946 0.999447 -0.017569
32.999993 1.040853 -7.296163 0.321520 0.031850 -0.013178 0.999379 -0.007252
33.199992 0.778809 -7.283138 0.305541 -0.038922 0.072539 0.996393 -0.020589
33.399992 0.512723 -7.227884 0.310007 -0.040996 0.056142 0.996538 -0.045608
33.599992 0.225378 -7.112152 0.284350 -0.009579 -0.031403 0.997072 -0.069056
33.799992 -0.088936 -7.019361 0.206840 0.002821 -0.058075 0.994909 -0.082309
33.999991 -0.399371 -6.999403 0.102281 -0.028708 -0.043231 0.995543 -0.078741
34.199991 -0.708441 -7.037810 0.023792 -0.034755 -0.025993 0.996651 -0.069303
34.399992 -1.030843 -7.106865 0.000343 0.002689 0.013989 0.998132 -0.059403
34.599993 -1.346433 -7.163698 0.024828 0.137193 0.029292 0.988920 -0.048559
34.799993 -1.548748 -7.187306 0.036559 0.087923 0.027496 0.994725 -0.045126
34.999993 -1.636030 -7.191210 0.060768 0.031122 -0.015297 0.998377 -0.045182
35.199992 -1.676177 -7.206308 0.118843 0.004979 -0.012807 0.998725 -0.048583
35.399992 -1.733543 -7.240129 0.198830 0.032519 0.008758 0.998012 -0.053279
35.599993 -1.789306 -7.271106 0.292613 0.071015 0.016016 0.995627 -0.058535
35.799992 -1.782084 -7.282270 0.398665 0.069574 0.007073 0.995398 -0.065514
35.999992 -1.690852 -7.283976 0.505886 0.043279 0.004225 0.996349 -0.073471
36.199992 -1.546319 -7.284326 0.595544 0.030102 0.018274 0.996041 -0.081622
36.399991 -1.381157 -7.278774 0.671383 0.030813 0.033503 0.995004 -0.088855
36.599991 -1.205205 -7.251763 0.720135 0.024260 0.045743 0.994213 -0.094125
36.799991 -1.022292 -7.189976 0.738265 0.013329 0.059713 0.994272 -0.087633
36.999991 -0.833944 -7.083984 0.721510 -0.014752 0.064901 0.996906 -0.041815
37.199992 -0.656624 -6.939176 0.671012 -0.044867 0.058911 0.995755 0.054673
37.399993 -0.506998 -6.769109 0.599425 -0.061310 0.036856 0.978628 0.192797
37.599994 -0.379988 -6.578220 0.512896 -0.064373 0.011495 0.934387 0.350208
37.799994 -0.295611 -6.348524 0.411974 -0.048429 -0.009770 0.871618 0.487690
37.999994 -0.255358 -6.115220 0.298678 -0.029356 -0.008465 0.817282 0.575428
38.199994 -0.237547 -5.903201 0.196801 -0.032404 -0.024416 0.808523 0.587064
38.399994 -0.251301 -5.691682 0.115707 -0.042601 -0.033228 0.849465 0.524872
38.599994 -0.312288 -5.474541 0.044640 -0.042894 -0.049690 0.913722 0.401002
38.799994 -0.419668 -5.281266 0.005460 -0.041177 -0.078012 0.964140 0.250304
38.999994 -0.577041 -5.140676 -0.009829 -0.040907 -0.058507 0.991766 0.106315
39.199992 -0.781248 -5.047455 -0.019966 -0.047301 -0.012818 0.998733 -0.011412
39.399990 -1.029551 -4.983332 -0.025209 -0.060468 0.003575 0.994189 -0.088988
39.599988 -1.323431 -4.924088 -0.022886 -0.056753 -0.012876 0.992174 -0.110470
39.799989 -1.654466 -4.883811 -0.004473 -0.018874 -0.066994 0.993226 -0.093049
39.999990 -1.996738 -4.909793 0.008311 0.014467 -0.035486 0.996868 -0.069181
40.199989 -2.312746 -4.991573 0.025504 0.008375 0.010095 0.998353 -0.055857
40.399989 -2.596163 -5.064842 0.010176 -0.017512 0.049225 0.996876 -0.059225
40.599990 -2.896480 -5.078642 -0.010073 -0.017263 0.009635 0.997437 -0.068763
40.799991 -3.173186 -5.062822 -0.075204 -0.014433 -0.007456 0.999220 -0.035981
40.999993 -3.465290 -5.069507 -0.112548 -0.016024 0.012324 0.997360 0.069751
41.199994 -3.756316 -5.112600 -0.123515 -0.013851 0.034617 0.984496 0.171401
41.399994 -4.054119 -5.152632 -0.112386 -0.008612 -0.030706 0.984915 0.170072
41.599993 -4.361137 -5.195071 -0.086602 0.026420 0.001249 0.996923 0.073787
41.799993 -4.620856 -5.223602 -0.048464 0.054189 0.045842 0.997441 0.008586
41.999993 -4.832297 -5.208536 0.010546 -0.079100 0.000676 0.995863 0.044726
42.199994 -5.077566 -5.197640 0.070437 -0.103218 -0.100460 0.983203 0.112098
42.399994 -5.426641 -5.264907 0.070239 0.037913 -0.053025 0.992731 0.101174
42.599993 -5.741689 -5.402770 0.031703 0.144736 0.030178 0.989008 0.001945
42.799992 -5.891590 -5.524280 -0.007017 0.073194 0.047918 0.982279 -0.165752
42.999991 -5.940063 -5.589980 -0.084168 -0.046008 -0.021458 0.938904 -0.340414
43.199990 -6.047517 -5.635488 -0.096543 -0.053702 -0.099768 0.886874 -0.447903
43.399992 -6.205995 -5.784570 -0.096777 0.019126 -0.090728 0.866752 -0.490045
43.599992 -6.306223 -6.044859 -0.111427 0.043141 -0.012794 0.880696 -0.471539
43.799992 -6.302165 -6.310542 -0.122623 0.040116 0.078277 0.909208 -0.406945
43.999993 -6.249934 -6.496090 -0.120640 0.055394 0.124237 0.926350 -0.351245
44.199993 -6.175486 -6.573562 -0.112635 0.015122 0.041827 0.925190 -0.376889
44.399992 -6.110057 -6.602896 -0.101517 -0.047920 -0.015500 0.883448 -0.465814
44.599992 -6.069035 -6.672656 -0.076955 -0.034647 0.021125 0.801240 -0.596966
44.799992 -6.080835 -6.770342 -0.053871 -0.084572 -0.109261 -0.679695 0.720364
44.999991 -6.095371 -6.763802 -0.047655 -0.089904 -0.064148 -0.575853 0.810059
45.199987 -6.067173 -6.643211 -0.054032 0.008105 -0.027486 -0.542081 0.839838
45.399987 -6.005997 -6.520810 -0.060215 0.004869 -0.041060 -0.603338 0.796413
45.599991 -5.956999 -6.419462 -0.073105 -0.024932 -0.092804 -0.733129 0.673267
45.799991 -5.979714 -6.225881 -0.075398 -0.014326 -0.080388 -0.883636 0.460998
45.999991 -6.058675 -5.951346 -0.074838 -0.021455 0.042779 0.982878 -0.177933
46.199994 -6.114694 -5.714541 -0.060229 -0.055660 0.006131 0.988718 0.138931
46.399994 -6.158529 -5.477135 -0.042617 -0.057522 -0.011888 0.893920 0.444362
46.599994 -6.251552 -5.177094 -0.024561 -0.033722 -0.008923 0.737701 0.674226
46.799994 -6.379374 -4.868216 -0.007857 -0.018172 -0.011667 0.591778 0.805811
46.999994 -6.536301 -4.547107 0.002002 0.020140 0.030839 0.501424 0.864418
47.199994 -6.671561 -4.240349 0.020176 -0.007357 0.006429 0.483046 0.875540
47.399994 -6.767183 -3.956325 0.033031 -0.069528 -0.118436 0.519015 0.843660
47.599994 -6.915137 -3.692325 0.005615 -0.070516 -0.106685 0.588850 0.798061
47.799994 -7.183523 -3.429615 -0.072605 0.047163 0.038397 0.657430 0.751057
47.999994 -7.432202 -3.156520 -0.140152 0.100265 0.072097 0.704520 0.698857
48.199994 -7.549038 -2.892124 -0.217404 0.024176 0.009671 0.740756 0.671269
48.399994 -7.588021 -2.635844 -0.257043 0.053010 -0.081783 0.740938 0.664464
48.599994 -7.636914 -2.451326 -0.293333 0.074139 -0.059434 0.715764 0.691848
48.799994 -7.692694 -2.383012 -0.304562 -0.015662 0.054174 0.670083 0.740141
48.999994 -7.714479 -2.313360 -0.277587 -0.087922 0.023655 0.603242 0.792344
49.199994 -7.738045 -2.164171 -0.235270 -0.097727 -0.012546 0.546548 0.831611
49.399994 -7.820248 -1.943627 -0.190446 -0.035767 0.000434 0.516019 0.855830
49.599994 -7.915261 -1.694024 -0.169998 0.001437 0.028857 0.506368 0.861833
49.799994 -7.966043 -1.440414 -0.160867 0.002125 0.041000 0.509958 0.859219
49.999994 -7.956613 -1.178809 -0.148963 0.068039 0.016459 0.514105 0.854866
50.199994 -7.896987 -0.947028 -0.150426 0.090294 0.022378 0.518068 0.850266
50.399994 -7.785550 -0.778102 -0.152410 0.076865 0.051265 0.527072 0.844783
50.599994 -7.601672 -0.651296 -0.147856 0.033393 0.021180 0.533994 0.844563
50.799994 -7.368238 -0.552796 -0.138694 0.031079 -0.026434 0.537202 0.842466
50.999994 -7.129912 -0.476417 -0.132787 0.058677 -0.035047 0.536180 0.841332
51.120135 -6.986009 -0.452230 -0.127578 0.040373 -0.040307 0.519862 0.852343
51.399962 -6.655092 -0.498404 -0.071041 -0.195742 -0.278243 0.467356 0.815993
51.599994 -6.614398 -0.523053 -0.018113 -0.178314 -0.218883 0.483605 0.828505
51.726580 -6.749774 -0.518942 -0.047863 0.024011 0.015135 0.470429 0.881981
51.999994 -7.041227 -0.513715 0.071835 0.128962 0.331441 0.557789 0.749925
52.199993 -6.851543 -0.480696 0.191138 -0.010731 0.321992 0.575910 0.751354
52.399993 -6.317442 -0.349103 0.198872 -0.156643 -0.213750 0.589819 0.762816
