0.800000 -0.000378 -0.000435 -0.000133 0.000026 -0.000047 -0.000075 1.000000
8.600000 -0.009257 0.004636 0.018434 -0.138225 -0.133320 0.012136 0.981312
9.050000 -0.292899 0.283315 -0.054864 0.007085 0.109210 0.003876 0.993986
9.450000 -0.457538 0.612195 -0.116272 -0.061651 -0.058413 -0.020396 0.996178
9.850000 -0.700213 1.119048 0.029503 0.057869 -0.058577 -0.088477 0.992669
10.250000 -1.219407 1.450770 0.189822 0.006232 -0.060602 -0.155912 0.985890
10.650000 -1.739369 1.636179 0.439745 0.039149 0.093986 -0.202453 0.973985
11.250000 -2.197873 1.613397 0.781356 -0.000837 0.004054 -0.256871 0.966437
11.850000 -2.299377 1.335079 0.858793 -0.192804 -0.163631 -0.227126 0.940460
12.050000 -2.292404 1.399154 0.843880 -0.036674 0.003267 -0.242398 0.969478
12.650000 -2.307039 1.706067 0.727147 -0.105504 -0.092451 -0.130224 0.981511
12.850000 -2.358012 1.917675 0.684197 -0.034994 0.019399 -0.081064 0.995905
13.250000 -2.457121 2.417068 0.564587 -0.049923 -0.054610 0.058062 0.995567
13.650000 -2.613173 3.019159 0.345345 0.000012 -0.023643 0.202408 0.979016
14.000000 -2.822317 3.640529 0.072470 0.018901 0.081953 0.323436 0.942505
14.400000 -2.765095 4.265163 -0.034414 0.029587 -0.022690 0.381142 0.923764
14.850000 -2.624941 4.774020 -0.081633 0.063300 0.061739 0.363152 0.927525
15.200000 -2.294189 5.153612 0.018412 0.053887 -0.001610 0.270433 0.961228
15.600000 -1.851317 5.396453 0.236696 0.047075 0.055417 0.143438 0.986985
16.000000 -1.206223 5.504295 0.510690 0.049243 -0.030230 0.001554 0.998328
16.450000 -0.658326 5.467301 0.701998 0.050923 0.016325 -0.103704 0.993170
16.850000 -0.104557 5.302350 0.766364 -0.014421 -0.001017 -0.153648 0.988020
17.250000 0.488300 5.163324 0.790565 0.145887 -0.001676 -0.123755 0.981529
17.400000 0.790648 4.977560 0.718518 0.006907 0.004615 -0.089351 0.995966
17.650000 1.107405 4.746052 0.704593 -0.229796 0.002000 -0.042419 0.972312
18.050000 1.742306 4.729225 0.561406 0.067447 -0.034090 0.084624 0.993543
18.450000 2.298441 4.693035 0.329322 0.056657 -0.016982 0.178498 0.982161
18.850000 2.859129 4.423299 0.241509 -0.115873 0.019341 0.225442 0.967148
19.200000 3.502651 4.487205 0.174941 0.056683 -0.071082 0.254494 0.962791
19.600000 4.100574 4.565136 0.125278 -0.101291 0.076332 0.221235 0.966938
19.800000 4.417259 4.625217 0.177093 -0.085909 -0.049684 0.154812 0.982947
20.000000 4.746278 4.828542 0.178369 0.125689 -0.221269 0.042838 0.966130
20.200000 4.922906 4.939132 0.178986 0.062385 -0.002312 -0.077510 0.995035
20.400000 5.026750 4.957322 0.156898 -0.013158 -0.016401 -0.257822 0.965964
20.600000 5.192663 5.002941 0.132792 0.064831 -0.129289 -0.432354 0.890029
20.800000 5.316350 5.071259 0.110648 0.100017 -0.018444 -0.583330 0.805843
21.000000 5.392711 5.091883 0.088068 0.090562 0.001830 -0.710657 0.697683
21.200000 5.440982 5.050672 0.080226 0.084097 -0.055254 -0.809448 0.578505
21.400000 5.433459 4.981692 0.079095 -0.060978 0.087142 0.883010 -0.457144
21.600000 5.347836 4.960403 0.069905 -0.029059 0.048439 0.933544 -0.353983
22.000000 5.155114 5.026877 0.068754 -0.068658 0.001615 0.976490 -0.204332
22.600000 4.620308 5.140519 0.133919 -0.052859 0.004404 0.986396 -0.155596
23.000000 4.062683 5.244344 0.179029 -0.054955 -0.028161 0.972310 -0.225391
23.400000 3.456633 5.269311 0.212537 -0.032152 -0.056221 0.936402 -0.344902
23.800000 2.854310 5.127528 0.288115 -0.022959 -0.051041 0.872365 -0.485641
24.200000 2.333667 4.809370 0.481667 -0.007826 0.054116 -0.787016 0.614504
24.650000 1.977586 4.404187 0.712790 0.037791 0.084311 -0.693738 0.714276
25.050000 1.785819 3.769485 0.876105 -0.024144 0.034191 -0.600761 0.798332
25.450000 1.766160 3.124792 0.901196 -0.015128 0.034272 -0.506656 0.861334
25.850000 1.912300 2.487722 0.819059 -0.085729 0.019821 -0.412328 0.906776
26.250000 2.258472 1.980814 0.631350 -0.016812 0.006314 -0.293883 0.955673
26.650000 2.717244 1.599424 0.307719 -0.068025 -0.041808 -0.115889 0.990048
26.850000 2.888053 1.470634 0.158225 -0.098094 0.085212 -0.019386 0.991333
27.250000 3.505972 1.377637 0.036054 -0.058143 -0.210887 0.158703 0.962787
27.600000 3.809046 1.298606 0.014362 0.001889 0.072282 0.238972 0.968331
28.050000 4.113476 1.198351 0.167567 -0.010295 -0.137586 0.226424 0.964208
28.450000 4.420319 1.104128 0.226808 0.026060 0.015323 0.046157 0.998477
28.600000 4.518710 1.040538 0.270528 0.105162 -0.044805 -0.091114 0.989258
28.800000 4.580907 0.888082 0.288023 0.082870 -0.107777 -0.253103 0.957839
29.050000 4.602595 0.666229 0.275520 -0.007105 -0.141554 -0.405649 0.902973
29.200000 4.587766 0.501262 0.263247 -0.013408 -0.046134 -0.531922 0.845430
29.450000 4.562771 0.405761 0.273815 0.042597 -0.027406 -0.646793 0.760982
29.650000 4.517317 0.318977 0.324731 0.083478 -0.070862 -0.749071 0.653378
29.800000 4.398445 0.206744 0.359998 0.060401 -0.042173 -0.841749 0.534820
30.000000 4.236271 0.065287 0.394923 0.006758 -0.096108 0.899587 -0.425981
30.450000 4.077923 -0.444209 0.445753 0.019641 -0.034195 0.939834 -0.339348
30.850000 4.140714 -1.045749 0.475871 -0.001845 -0.014441 0.905938 -0.423161
31.250000 4.296928 -1.623105 0.501710 -0.001417 -0.004435 -0.824703 0.565547
31.650000 4.547194 -2.198893 0.519969 0.030952 -0.028512 -0.742033 0.669041
32.050000 4.745818 -2.806655 0.493960 -0.008138 -0.015258 -0.712733 0.701222
32.250000 4.824087 -3.143477 0.450466 -0.131616 0.047477 -0.702581 0.697713
32.400000 5.042803 -3.417004 0.371159 -0.019485 0.077248 -0.713254 0.696363
32.600000 5.379208 -3.672186 0.277216 0.196361 -0.101274 -0.697561 0.681612
33.050000 5.567270 -4.367245 0.148611 -0.064043 -0.187402 -0.786936 0.584389
33.200000 5.495454 -4.574724 0.098094 -0.072073 0.008719 -0.850838 0.520389
33.400000 5.527667 -4.680446 0.054069 -0.092207 -0.071902 0.906908 -0.404780
33.600000 5.596204 -4.872224 0.080054 -0.181190 0.027514 0.936544 -0.298828
33.800000 5.565439 -5.139526 0.131789 -0.083948 0.150359 0.954384 -0.243917
34.200000 5.212206 -5.332023 0.169098 0.003400 0.016979 0.950605 -0.309919
34.600000 4.914051 -5.314362 0.192738 -0.101852 0.061297 0.898005 -0.423623
35.000000 4.432818 -5.319730 0.218892 -0.039499 0.015355 -0.853432 0.519479
35.450000 4.089513 -5.286580 0.254873 0.052743 0.032889 -0.784384 0.617154
35.800000 3.828426 -5.417943 0.263282 0.006057 0.031760 -0.687370 0.725587
36.250000 3.702362 -5.632720 0.240707 0.074925 0.045583 -0.574675 0.813669
36.800000 3.735801 -6.347211 0.279061 0.018819 -0.002033 -0.490682 0.871133
37.250000 3.783719 -6.804565 0.347022 0.027689 -0.158211 -0.475281 0.865049
37.400000 3.703759 -7.015910 0.393291 -0.082067 -0.084721 -0.447028 0.886709
37.600000 3.555907 -7.143251 0.456824 -0.107937 0.137808 -0.403643 0.898015
37.850000 3.581492 -7.185434 0.532933 -0.008744 0.064139 -0.301959 0.951121
38.050000 3.787952 -7.237183 0.595731 0.027586 -0.196049 -0.164412 0.966319
38.200000 3.912766 -7.311022 0.663882 -0.045199 -0.207491 -0.047780 0.976023
38.400000 3.822437 -7.352032 0.723165 -0.027363 0.024781 -0.030493 0.998853
38.800000 3.688972 -7.296946 0.738954 0.043848 -0.201638 -0.292311 0.933795
39.000000 3.568698 -7.297852 0.663949 0.015834 -0.079059 -0.496829 0.864095
39.250000 3.409232 -7.320339 0.575368 -0.013888 -0.027410 -0.691439 0.721781
39.400000 3.241269 -7.274801 0.477250 0.073388 0.012161 -0.849708 0.521980
39.650000 3.033146 -7.215896 0.393838 -0.138212 -0.011271 0.949804 -0.280432
39.800000 2.790555 -7.200677 0.321843 -0.100218 0.026641 0.990555 -0.089707
40.000000 2.470622 -7.216932 0.272069 0.003551 0.039631 0.998998 0.020471
40.450000 1.803345 -7.213573 0.187499 -0.039211 -0.028646 0.997458 0.052157
40.850000 1.240554 -7.227034 0.168583 -0.049327 0.057869 0.996865 -0.021859
41.200000 0.641637 -7.167387 0.126849 -0.015898 -0.009341 0.997622 -0.066412
41.400000 0.337191 -7.153687 0.087134 -0.011167 0.103228 0.993708 -0.041994
41.600000 0.041772 -7.070207 0.040225 -0.045454 -0.010941 0.998849 0.010699
41.800000 -0.269712 -6.973282 0.061812 0.022157 -0.124092 0.989684 0.068086
42.200000 -0.717878 -7.105535 0.085054 0.059349 0.035166 0.987098 0.144496
43.000000 -0.965009 -7.328724 0.096488 0.046089 0.030163 0.944336 0.324340
43.200000 -0.925614 -7.382545 0.089659 0.014730 0.065978 0.901797 0.426841
43.400000 -0.820548 -7.391293 0.078927 -0.022127 0.054948 0.844659 0.532017
43.650000 -0.683857 -7.340534 0.061724 -0.026158 0.030719 0.781445 0.622669
44.000000 -0.351254 -7.163611 0.033628 -0.026868 0.018434 0.687109 0.725824
44.600000 0.171095 -6.745691 0.013933 -0.080802 -0.043859 0.718929 0.688977
45.000000 0.329005 -6.352281 -0.001894 -0.061278 -0.037970 0.820167 0.567565
45.400000 0.329943 -5.937197 -0.015555 -0.043635 -0.019707 0.914566 0.401592
45.800000 0.248566 -5.530257 -0.024428 -0.059226 -0.031370 0.959488 0.273662
46.450000 -0.151319 -5.037266 -0.032199 -0.072123 -0.078418 0.987490 0.116241
46.800000 -0.655302 -4.949113 -0.025321 0.000744 -0.052625 0.998172 -0.029713
47.250000 -1.128495 -4.998338 0.064498 -0.073835 0.021258 0.987404 -0.138314
47.600000 -1.630611 -5.020440 0.194099 -0.095673 0.019397 0.990026 -0.101586
47.800000 -1.984898 -5.030092 0.210624 0.023934 0.020331 0.998174 -0.051595
48.250000 -2.615359 -5.013593 0.177168 -0.041430 -0.028899 0.998699 -0.006943
48.650000 -3.173340 -5.028204 0.162225 -0.020954 -0.028868 0.998819 -0.032990
49.000000 -3.774584 -5.120780 -0.047041 -0.027450 0.031486 0.987087 -0.154642
49.400000 -4.377983 -5.159029 -0.243944 -0.005014 -0.025958 0.972316 -0.232169
49.800000 -4.952104 -5.298960 -0.280873 -0.031981 -0.002212 0.895483 -0.443940
50.000000 -5.244706 -5.450918 -0.215924 -0.058977 -0.135544 -0.832737 0.533571
50.400000 -5.878336 -5.371072 -0.007047 0.129134 -0.087770 0.877735 -0.452992
50.650000 -6.078841 -5.259403 0.062917 0.046169 -0.137962 0.936502 -0.319060
50.800000 -6.145603 -5.279874 0.078448 0.001736 -0.015147 0.978179 -0.207206
51.400000 -6.198421 -5.311340 0.131810 0.039028 -0.069533 0.903578 -0.420938
51.650000 -6.148051 -5.279881 0.145066 0.021115 0.087071 -0.811454 0.577508
51.800000 -6.051728 -5.355786 0.138527 0.059358 0.057526 -0.718454 0.690646
52.200000 -5.799072 -5.706390 0.087154 -0.006857 -0.029544 -0.660581 0.750142
52.650000 -5.532977 -5.986614 0.029993 0.101610 -0.012998 -0.781593 0.615320
52.850000 -5.468109 -6.173701 -0.002404 -0.078010 0.036347 0.868061 -0.488941
53.000000 -5.488230 -6.376185 -0.042261 -0.037346 0.030713 0.939436 -0.339298
53.200000 -5.560861 -6.589564 -0.094215 -0.028946 0.001163 0.984070 -0.175407
53.400000 -5.630708 -6.825401 -0.136394 -0.009096 0.037757 0.999008 -0.021806
53.600000 -5.669155 -7.051694 -0.164811 -0.012833 0.068769 0.989481 0.126627
53.800000 -5.692313 -7.194401 -0.179451 -0.017813 0.076660 0.963035 0.257624
54.000000 -5.706690 -7.251812 -0.191715 -0.010589 0.057896 0.924455 0.376721
54.200000 -5.716446 -7.263494 -0.199975 -0.007519 0.042997 0.875654 0.480963
54.400000 -5.720888 -7.254667 -0.197929 -0.021800 0.048089 0.818144 0.572585
54.600000 -5.710895 -7.230999 -0.194995 -0.045327 0.053697 0.753651 0.653508
54.800000 -5.684869 -7.172734 -0.187845 -0.050419 0.043359 0.684789 0.725701
55.200000 -5.592940 -6.901286 -0.176053 -0.037588 0.028495 0.542191 0.838930
55.600000 -5.432455 -6.457153 -0.189120 -0.016318 0.022032 0.405498 0.913685
56.000000 -5.205419 -5.914160 -0.190777 -0.009284 -0.024125 0.275310 0.961008
56.400000 -4.974795 -5.461797 -0.211354 0.073388 0.055071 0.170171 0.981134
56.800000 -4.534701 -5.203226 -0.211863 0.038926 -0.018352 0.077342 0.996075
57.200000 -4.029337 -5.020446 -0.164203 0.044934 0.019219 0.014028 0.998707
57.600000 -3.379868 -5.005179 -0.086290 0.014889 -0.026371 -0.028579 0.999133
58.050000 -2.769931 -5.078380 0.023166 -0.008887 -0.022304 -0.045025 0.998697
58.400000 -2.199512 -5.111799 0.161685 -0.010107 -0.021196 -0.046245 0.998654
58.800000 -1.606259 -5.113669 0.315989 -0.004379 -0.018808 -0.035391 0.999187
59.250000 -0.993901 -5.106512 0.462308 -0.000936 -0.039818 -0.024062 0.998917
59.400000 -0.688370 -5.104854 0.535853 0.000051 -0.145397 -0.035817 0.988725
59.800000 -0.340996 -5.086587 0.586345 0.002083 0.008543 -0.102070 0.994738
60.000000 -0.219407 -5.078821 0.598481 0.011469 -0.111834 -0.173924 0.978321
60.200000 -0.130323 -5.071052 0.594636 0.033256 -0.156896 -0.272830 0.948600
60.450000 -0.123127 -5.054300 0.587062 0.010160 -0.030805 -0.379965 0.924432
60.600000 -0.151083 -5.036954 0.553169 0.036684 -0.032580 -0.496115 0.866870
60.800000 -0.160660 -5.042225 0.518176 0.088400 -0.079543 -0.611154 0.782527
61.050000 -0.227855 -5.063081 0.478435 0.075213 -0.067093 -0.727279 0.678901
61.250000 -0.354436 -5.090602 0.404266 0.047923 -0.038496 -0.827413 0.558219
61.400000 -0.538627 -5.074262 0.357033 -0.052230 0.009121 0.906756 -0.418310
61.600000 -0.724045 -5.069450 0.309558 -0.077825 0.003607 0.955870 -0.283272
61.800000 -0.928021 -5.101099 0.250557 -0.094431 0.004704 0.982599 -0.159874
62.000000 -1.188704 -5.154917 0.177781 -0.052646 0.016430 0.997614 -0.041541
62.400000 -1.815755 -5.223410 0.058527 -0.004527 0.008726 0.992187 0.124368
62.800000 -2.459822 -5.220618 0.060962 -0.042435 0.001396 0.974277 0.221316
63.250000 -3.145882 -5.185634 0.176160 -0.018101 0.008690 0.958345 0.284907
63.650000 -3.779721 -5.108364 0.339480 -0.036249 0.058059 0.940956 0.331536
64.000000 -4.367304 -4.842478 0.416354 -0.044316 0.038363 0.929271 0.364718
64.450000 -4.981483 -4.421922 0.377851 -0.037257 0.039603 0.908584 0.414148
64.800000 -5.538678 -3.884987 0.211441 0.033481 0.047038 0.853398 0.518052
65.000000 -5.761569 -3.565241 0.070795 0.033442 -0.016183 0.792824 0.608318
65.450000 -6.179864 -3.016825 -0.205748 -0.026132 -0.099320 0.690695 0.715816
65.600000 -6.485199 -2.816575 -0.296625 0.026959 0.001509 0.682593 0.730300
66.000000 -6.965799 -2.447754 -0.339345 0.099247 0.023525 0.718916 0.687573
66.450000 -7.118407 -2.169293 -0.366128 -0.084325 0.062749 0.838317 0.534955
66.800000 -7.284049 -1.673735 -0.308133 0.056327 0.037742 0.887306 0.456170
67.200000 -7.231234 -1.088562 -0.364765 -0.005711 -0.003962 0.841304 0.540518
67.650000 -7.131559 -0.513935 -0.409715 -0.055066 -0.056125 0.724781 0.684478
68.000000 -7.290972 0.040133 -0.362509 -0.000720 0.010147 0.604399 0.796617
68.400000 -7.401890 0.667545 -0.241946 0.014172 0.009425 0.541766 0.840357
68.850000 -7.327463 1.278597 -0.131410 0.096583 -0.099302 0.488774 0.861342
69.200000 -7.375321 1.518294 -0.055741 0.034242 -0.005329 0.419920 0.906899
69.600000 -7.356735 1.590013 -0.034168 0.083787 -0.063108 0.311435 0.944460
70.000000 -7.359216 1.456918 -0.041890 0.038551 -0.009678 0.202841 0.978405
70.450000 -7.348350 1.158732 -0.068784 0.068228 -0.026528 0.090307 0.993220
70.850000 -7.347812 0.659044 -0.125090 0.037618 0.001057 -0.007955 0.999260
71.200000 -7.305305 0.045952 -0.175806 0.026669 -0.001056 -0.085699 0.995964
71.600000 -7.232261 -0.631348 -0.232290 0.005724 -0.020506 -0.129017 0.991414
72.000000 -7.175352 -1.270586 -0.288783 -0.011898 0.003764 -0.124222 0.992176
72.400000 -7.078199 -1.847963 -0.335301 -0.032146 0.008624 -0.076331 0.996527
73.050000 -6.754064 -2.356873 -0.338201 -0.045807 0.017793 0.059416 0.997023
73.450000 -6.433333 -2.617398 -0.332361 -0.053635 0.002753 0.175992 0.982925
73.800000 -6.080967 -2.753016 -0.318081 -0.053422 -0.004866 0.303030 0.951470
74.200000 -5.761312 -2.671967 -0.302086 -0.028638 -0.105027 0.430186 0.896153
74.650000 -5.627655 -2.510832 -0.334873 -0.041821 0.064727 0.539582 0.838399
75.000000 -5.408945 -2.205693 -0.304527 -0.050794 -0.040772 0.630932 0.773100
75.600000 -5.297382 -1.689755 -0.280808 -0.044242 0.014101 0.710821 0.701839
76.200000 -5.285361 -1.129082 -0.212517 -0.020391 0.010686 0.727889 0.685308
76.650000 -5.337941 -0.586358 -0.167702 -0.036217 -0.000490 0.711739 0.701510
77.000000 -5.388244 0.043551 -0.170374 -0.012302 0.008374 0.677678 0.735208
77.400000 -5.422399 0.725013 -0.165393 -0.004171 -0.015418 0.628432 0.777701
77.800000 -5.438715 1.385526 -0.236021 0.022410 -0.024013 0.588158 0.808079
78.200000 -5.442029 1.945542 -0.313872 0.034519 -0.046204 0.591405 0.804310
78.600000 -5.455161 2.366539 -0.385242 -0.087662 0.083390 0.665598 0.736438
79.000000 -5.398821 2.924318 -0.251552 0.062561 0.004963 0.810149 0.582856
79.200000 -5.300737 3.206594 -0.252795 -0.047186 -0.198345 0.863936 0.460487
79.450000 -5.285155 3.352456 -0.246268 0.037741 -0.100122 0.927782 0.357453
79.650000 -5.342428 3.386634 -0.202232 0.227088 -0.013025 0.931276 0.284580
79.850000 -5.243611 3.349232 -0.231310 0.098904 0.115464 0.947435 0.281519
80.050000 -4.973196 3.387590 -0.285210 -0.082824 0.039867 0.946729 0.308633
80.400000 -4.534560 3.543255 -0.375373 0.035701 0.013308 0.893634 0.447177
80.800000 -4.111430 3.532583 -0.342282 -0.129411 0.070121 0.822003 0.550133
81.200000 -3.797451 3.904933 -0.277174 -0.033738 -0.043326 0.816885 0.574180
81.600000 -3.664368 4.222168 -0.265876 -0.056533 0.028457 0.870581 0.487937
82.050000 -3.608833 4.620607 -0.183563 -0.075981 -0.056131 0.943230 0.318423
82.450000 -3.827452 5.009658 -0.095317 -0.044549 -0.021457 0.989011 0.139328
82.850000 -4.128341 5.248964 0.045038 -0.044062 -0.040569 0.997996 0.020394
83.000000 -4.323633 5.306736 0.125900 0.469432 -0.184208 0.860077 -0.077256
83.200000 -4.345995 5.270890 0.045512 0.346790 -0.021657 0.933303 -0.090621
83.400000 -4.019787 5.211437 -0.050114 -0.139722 0.045891 0.986925 -0.065959
83.650000 -3.568694 5.146881 0.051276 -0.374465 0.115055 0.918431 -0.054974
84.000000 -3.793914 5.199102 0.097375 0.123085 -0.016633 0.992110 -0.017035
84.200000 -4.050448 5.251125 0.053208 0.263114 -0.051484 0.962902 -0.030647
84.450000 -4.122808 5.245953 -0.003097 0.053275 0.015037 0.998012 -0.030143
84.650000 -4.023747 5.205267 -0.067238 -0.134155 0.042545 0.989782 -0.022871
85.050000 -4.004488 5.206592 -0.046669 0.063140 0.002489 0.997892 -0.014816
85.600000 -3.944239 5.227808 0.050884 -0.070929 0.018829 0.997154 -0.017291
