0.800000 -0.000378 -0.000435 -0.000133 0.000026 -0.000047 -0.000075 1.000000
6.450000 -0.035986 0.032488 0.026155 -0.158093 -0.172466 0.028056 0.971841
6.650000 -0.194467 0.203387 -0.001290 0.014754 0.023767 0.013125 0.999522
7.050000 -0.516731 0.532965 -0.068639 -0.024152 -0.124598 0.000711 0.991913
7.250000 -0.718311 0.701855 -0.029158 0.139177 -0.052007 -0.001148 0.988900
7.650000 -1.284005 0.815357 0.067755 -0.004752 -0.023768 -0.031231 0.999218
8.050000 -1.829384 0.834734 0.338215 0.058927 0.098559 -0.061168 0.991500
8.450000 -2.182747 0.764695 0.559784 0.003309 -0.008319 -0.093423 0.995586
8.800000 -2.438703 0.568978 0.728476 0.100947 0.139370 -0.079304 0.981884
9.000000 -2.452671 0.335693 0.770313 -0.024781 -0.051532 -0.083601 0.994857
9.450000 -2.474747 -0.094193 0.810337 -0.022220 0.099677 -0.008552 0.994735
9.600000 -2.406884 -0.261010 0.809567 -0.093391 -0.010218 0.065747 0.993404
10.050000 -2.253085 -0.405318 0.777246 0.006061 0.012082 0.265800 0.963933
10.250000 -2.186828 -0.437573 0.731547 -0.036850 0.048023 0.378444 0.923643
10.450000 -2.097977 -0.466989 0.694993 -0.084016 0.043144 0.480472 0.871910
10.650000 -2.019321 -0.414231 0.648918 -0.055866 -0.007135 0.575174 0.816090
11.050000 -1.944603 -0.129540 0.539344 -0.030952 0.033215 0.715804 0.696824
11.450000 -1.894485 0.258781 0.442615 -0.064627 0.016346 0.790604 0.608689
11.850000 -1.966542 0.816174 0.353767 -0.008454 -0.002524 0.824023 0.566488
12.250000 -2.092537 1.414161 0.260347 -0.026239 0.003871 0.832221 0.553810
12.600000 -2.264508 2.063470 0.181309 0.005262 -0.017205 0.853731 0.520403
13.000000 -2.477380 2.623847 0.139473 -0.038711 0.004664 0.903853 0.426063
13.450000 -2.725397 3.245170 0.158069 0.049484 -0.037709 0.963844 0.259102
13.650000 -2.828140 3.537430 0.145584 0.036148 -0.046614 0.985550 0.158780
13.850000 -2.910476 3.770120 0.135368 -0.178300 0.118820 0.975704 0.045743
14.050000 -3.109653 4.089280 0.094918 -0.078459 0.052852 0.993132 -0.068843
14.200000 -3.381666 4.498967 0.024211 0.091294 -0.259171 0.948731 -0.156219
14.650000 -3.586302 4.566549 -0.030949 0.000309 -0.089963 0.954380 -0.284720
14.850000 -3.522250 4.328351 -0.068458 -0.019157 0.119587 0.931687 -0.342478
15.000000 -3.556022 4.265566 -0.110099 -0.051527 -0.020452 0.918069 -0.392525
15.250000 -3.601916 4.291183 -0.132221 -0.176531 -0.115139 0.907413 -0.363567
15.450000 -3.711612 4.206126 -0.098044 0.070562 0.108214 0.914225 -0.384062
15.650000 -3.856623 4.053943 -0.027519 0.387704 0.163534 0.851226 -0.313617
15.850000 -3.752483 4.131316 -0.010744 0.240924 -0.032131 0.907066 -0.343735
16.000000 -3.385707 4.348446 -0.024914 -0.110424 -0.110725 0.942926 -0.294002
16.250000 -3.007458 4.438715 -0.028797 -0.282149 -0.057750 0.926986 -0.240322
16.600000 -2.937198 4.264254 -0.021601 0.039720 0.020346 0.986844 -0.155394
17.050000 -3.029665 4.287995 -0.013364 -0.097639 -0.085354 0.978041 -0.163145
17.450000 -3.128086 4.061925 0.007150 -0.061841 0.064218 0.957013 -0.276002
17.850000 -3.495180 3.739939 0.035431 0.003985 -0.031404 0.918913 -0.393188
18.250000 -3.854567 3.443489 0.057957 -0.025731 0.005632 0.870567 -0.491345
18.650000 -4.374455 3.151339 0.053739 -0.079392 0.014375 -0.806815 0.585269
19.000000 -4.706719 2.949661 0.046855 0.040211 0.117184 -0.724151 0.678422
19.450000 -4.841365 2.442461 0.047545 -0.034954 0.021109 -0.669824 0.741396
19.850000 -4.942853 1.882733 0.028993 0.000513 0.061125 -0.683193 0.727675
20.200000 -4.913396 1.269252 0.044007 -0.014247 -0.008669 -0.710897 0.703099
20.600000 -4.919116 0.668634 0.044593 0.010532 0.015914 -0.715156 0.698705
21.000000 -4.907207 0.028104 0.085822 -0.009371 0.005756 -0.695622 0.718324
21.400000 -4.885788 -0.596597 0.104695 -0.017487 0.024263 -0.676317 0.736003
21.850000 -4.829042 -1.184469 0.121842 0.005951 0.001403 -0.683732 0.729708
22.200000 -4.756940 -1.790505 0.107833 0.017542 -0.007947 -0.760793 0.648709
22.400000 -4.724407 -2.068494 0.114656 0.047974 -0.023756 -0.837260 0.544179
22.600000 -4.741017 -2.336355 0.118156 -0.022065 0.041317 0.903740 -0.425512
22.800000 -4.822025 -2.603944 0.119746 0.022175 0.071623 0.947882 -0.309675
23.000000 -4.926468 -2.834077 0.126094 0.046798 0.085302 0.975285 -0.198375
23.200000 -4.997960 -2.963925 0.134622 0.018556 0.040126 0.994804 -0.091704
23.450000 -5.040888 -3.020008 0.088404 0.012317 -0.097244 0.995010 0.018612
23.600000 -5.087223 -3.122267 0.036844 -0.008589 -0.081041 0.988676 0.126012
23.800000 -5.166103 -3.318238 -0.030273 -0.122781 0.057170 0.962693 0.234261
24.000000 -5.347860 -3.471953 -0.030008 -0.065058 0.071744 0.936577 0.336814
24.250000 -5.606828 -3.548968 0.017450 0.116044 -0.072848 0.900853 0.411935
24.650000 -5.914339 -3.865565 0.021662 0.032057 0.052050 0.853637 0.517269
24.800000 -5.904162 -4.053163 0.022351 -0.153873 0.033108 0.796079 0.584367
25.200000 -6.183924 -4.123378 0.174918 0.186139 0.021708 0.692521 0.696632
25.650000 -6.219884 -4.365591 0.374007 0.013391 0.083645 0.607823 0.789541
25.850000 -6.041098 -4.490118 0.443665 -0.025119 -0.063289 0.556048 0.828357
26.000000 -5.958387 -4.579974 0.500925 0.119983 -0.011087 0.528867 0.840108
26.400000 -5.757384 -4.947984 0.585408 -0.009690 0.089197 0.598614 0.795997
26.650000 -5.513637 -5.130555 0.569839 -0.089347 0.002225 0.668766 0.738081
26.800000 -5.303066 -5.230943 0.534171 -0.009074 -0.086979 0.768592 0.633734
27.000000 -5.152708 -5.331359 0.480506 0.031529 -0.076214 0.866236 0.492780
27.250000 -5.029879 -5.519421 0.399964 0.030225 -0.068745 0.941169 0.329487
27.450000 -4.921835 -5.717544 0.291584 -0.038315 -0.021755 0.984209 0.171438
27.600000 -4.809804 -5.943221 0.189094 -0.080235 -0.002809 0.996367 0.028421
28.000000 -4.812673 -6.387271 0.039351 -0.011903 -0.055172 0.994110 -0.092522
28.400000 -4.932576 -6.974260 0.004132 -0.047077 0.082245 0.994818 -0.036826
28.800000 -5.214737 -7.257306 0.052746 -0.054127 0.033671 0.991272 0.115394
29.050000 -5.460490 -7.274353 0.103701 0.082702 0.018406 0.972572 0.216622
29.400000 -5.764863 -7.381483 0.161858 -0.011778 0.101851 0.920604 0.376796
29.800000 -5.941695 -7.169822 0.214378 0.036408 0.026011 0.853289 0.519516
30.200000 -6.058863 -6.730511 0.225326 0.023427 0.096269 0.785433 0.610965
30.600000 -5.902246 -6.158671 0.222186 0.030297 -0.009343 0.724223 0.688837
31.050000 -5.630922 -5.504130 0.334054 0.120102 -0.387072 0.648695 0.644163
31.250000 -5.569977 -5.485744 0.408530 0.022608 -0.324266 0.685392 0.651597
31.400000 -5.764541 -5.821343 0.441231 -0.076188 0.298288 0.712053 0.631031
32.000000 -5.557955 -5.374731 0.683579 -0.019444 0.243182 0.742349 0.624021
32.200000 -5.137382 -4.578464 0.578372 0.021363 -0.212740 0.745590 0.631174
32.400000 -4.856067 -3.850536 0.552567 0.043398 -0.368415 0.725007 0.580304
32.600000 -4.827653 -3.455482 0.473523 0.049221 -0.098745 0.753317 0.648336
32.800000 -4.938165 -3.329261 0.338036 -0.023938 0.181254 0.743284 0.643508
33.000000 -4.883044 -3.197590 0.254495 -0.110171 0.067906 0.746656 0.652500
33.250000 -4.736936 -2.935030 0.236565 0.047493 -0.236505 0.731631 0.637594
33.450000 -4.669874 -2.701883 0.272015 0.213117 -0.196429 0.699307 0.653427
33.650000 -4.658595 -2.666093 0.281633 0.059595 0.061078 0.688399 0.720295
33.800000 -4.617461 -2.672312 0.308010 -0.224652 0.232675 0.603084 0.729166
34.050000 -4.566602 -2.420125 0.327506 -0.266645 -0.045880 0.564661 0.779714
34.250000 -4.642248 -1.919143 0.242531 0.125059 -0.106230 0.591197 0.789659
34.400000 -4.816021 -1.447991 0.163022 0.254128 0.010843 0.581815 0.772523
34.650000 -4.862627 -1.157095 0.098553 0.006366 0.061483 0.651813 0.755857
34.850000 -4.780259 -0.894561 0.081388 -0.055817 -0.070400 0.675749 0.731636
35.050000 -4.757092 -0.588045 0.057793 0.084123 -0.096850 0.698135 0.704380
35.250000 -4.799155 -0.417856 0.045716 -0.038406 0.198643 0.699429 0.685467
35.450000 -4.799651 -0.161826 0.079103 0.033804 0.056735 0.700913 0.710183
35.600000 -4.751536 0.158823 0.097977 0.052203 -0.221997 0.695488 0.681387
36.000000 -4.863443 0.346970 0.031948 0.149105 -0.020148 0.756228 0.636774
36.200000 -4.913896 0.208642 -0.034924 -0.009724 0.112761 0.789659 0.603017
36.400000 -4.860302 0.143076 -0.082699 -0.047503 -0.070236 0.799298 0.594923
36.650000 -4.805498 0.233630 -0.135938 0.062832 -0.268620 0.787399 0.551270
36.800000 -4.826345 0.242782 -0.279523 0.149174 -0.085984 0.799824 0.575010
37.000000 -4.841939 0.091423 -0.366084 0.010484 0.074296 0.800845 0.594152
