0.800000 -0.000378 -0.000435 -0.000133 0.000026 -0.000047 -0.000075 1.000000
8.600000 -0.001546 -0.007220 0.021967 -0.142665 -0.127130 0.011512 0.981505
9.050000 -0.292957 0.288519 -0.087529 0.157226 0.173729 0.018138 0.971992
9.200000 -0.449004 0.468809 -0.160205 0.048911 -0.015557 0.007692 0.998652
9.450000 -0.520560 0.506959 -0.166441 -0.019718 -0.175809 0.006333 0.984206
9.650000 -0.757390 0.550312 -0.077433 0.057513 -0.063798 0.009544 0.996258
9.850000 -1.123376 0.596720 0.002903 0.084269 0.076141 0.011922 0.993458
10.050000 -1.428476 0.582750 0.038749 -0.034761 0.000311 -0.002408 0.999393
10.400000 -1.875589 0.584773 0.264320 0.054586 0.053883 -0.022453 0.996801
11.050000 -2.330000 0.244246 0.634306 0.002069 0.071584 -0.076701 0.994479
11.650000 -2.444729 -0.351786 0.716665 -0.086748 0.051368 -0.096238 0.990239
12.050000 -2.316389 -0.625852 0.717539 -0.054406 -0.044470 -0.024969 0.997216
12.400000 -2.202048 -0.737746 0.664673 -0.036286 0.033644 0.127874 0.990555
12.650000 -2.112715 -0.736014 0.621411 -0.044408 0.017425 0.229582 0.972120
12.850000 -1.993291 -0.700973 0.560903 -0.066070 -0.004686 0.342045 0.937346
13.000000 -1.911914 -0.616404 0.504131 -0.046290 -0.007279 0.454165 0.889684
13.250000 -1.882358 -0.487670 0.438274 -0.041488 0.010233 0.551979 0.832762
13.450000 -1.868141 -0.314786 0.376077 -0.050057 0.023554 0.636927 0.768937
13.800000 -1.849362 0.159739 0.272895 -0.044775 -0.006934 0.762020 0.645967
14.250000 -1.934766 0.711692 0.207922 -0.034730 -0.000150 0.822702 0.567411
14.650000 -2.103365 1.346761 0.171154 -0.004216 -0.003820 0.829367 0.558675
15.050000 -2.316071 2.015611 0.119964 0.000042 -0.009190 0.827454 0.561458
15.400000 -2.539255 2.602368 0.095023 0.001205 0.003513 0.870314 0.492483
15.850000 -2.700897 3.203952 0.172691 -0.011030 -0.074966 0.944233 0.320441
16.000000 -2.828093 3.467416 0.207111 0.039104 -0.099709 0.971635 0.210843
16.200000 -2.951268 3.654151 0.201769 0.036016 -0.097374 0.988675 0.108364
16.650000 -3.171423 3.815782 0.130995 -0.059235 -0.045376 0.995699 -0.054924
17.000000 -3.520555 3.815989 0.059073 0.008725 -0.067513 0.975297 -0.210147
17.400000 -3.800706 3.616610 0.029164 -0.023019 0.027289 0.929669 -0.366663
17.800000 -4.160081 3.427606 0.017037 0.010756 0.017051 0.866608 -0.498583
18.050000 -4.349511 3.399580 0.015404 0.128288 -0.041468 -0.817022 0.560622
18.200000 -4.615527 3.355356 0.051821 0.025847 -0.031042 -0.764002 0.643948
18.400000 -4.944876 3.286355 0.098897 -0.124882 0.136731 -0.670280 0.718634
18.600000 -5.139958 3.170878 0.212320 -0.074914 0.081716 -0.563370 0.818734
19.000000 -5.183737 3.011962 0.268602 0.070053 -0.026633 -0.459060 0.885239
19.400000 -5.309629 2.694861 0.232051 -0.086932 -0.028935 -0.396167 0.913596
19.850000 -5.409877 2.520937 0.256534 -0.016191 0.206768 -0.385015 0.899304
20.000000 -5.251005 2.488551 0.252059 0.068604 0.010595 -0.332244 0.940635
20.250000 -5.051342 2.348246 0.266802 -0.100291 -0.155747 -0.260292 0.947593
20.450000 -4.979917 2.275762 0.274248 -0.141745 -0.025386 -0.193401 0.970495
20.600000 -4.995006 2.393162 0.232456 0.019938 0.137134 -0.117663 0.983337
20.800000 -4.916776 2.538532 0.230149 0.024226 -0.026620 -0.020391 0.999144
21.000000 -4.781723 2.641672 0.219001 -0.107781 0.002986 0.081395 0.990833
21.200000 -4.662342 2.786939 0.232312 0.008016 0.170659 0.174069 0.969800
21.400000 -4.443366 3.005269 0.277831 0.053305 0.022438 0.273638 0.960092
21.650000 -4.145989 3.205556 0.298508 0.019348 -0.056428 0.363783 0.929572
22.000000 -3.641555 3.530635 0.295138 0.063188 0.076977 0.509069 0.854945
22.200000 -3.295970 3.692448 0.275858 -0.116866 -0.042433 0.575974 0.807958
22.600000 -2.823548 4.181049 0.284254 -0.034002 -0.144386 0.745806 0.649438
22.850000 -2.750688 4.401416 0.256715 0.074088 -0.007014 0.816214 0.572937
23.050000 -2.655919 4.558967 0.220580 -0.058625 0.043489 0.866942 0.493034
23.250000 -2.549278 4.748651 0.198519 -0.111978 -0.044120 0.900473 0.417927
23.600000 -2.591412 5.214055 0.126778 0.012630 -0.096210 0.962874 0.251907
24.050000 -2.775483 5.345137 0.082052 -0.069403 -0.001095 0.991928 0.106113
24.650000 -3.299921 5.509576 0.254033 0.059621 -0.041940 0.997330 -0.004481
24.800000 -3.534234 5.498928 0.298976 0.214984 -0.015243 0.976498 0.000602
25.000000 -3.608044 5.465931 0.295384 0.095308 0.000300 0.993474 0.062657
25.200000 -3.561656 5.422749 0.307870 -0.037043 -0.010897 0.984849 0.169060
25.450000 -3.542288 5.391207 0.315050 -0.031148 -0.015023 0.949297 0.312472
25.600000 -3.589961 5.372300 0.309818 0.069206 0.024118 0.882765 0.464064
25.800000 -3.606394 5.387021 0.288639 0.099915 0.066404 0.784313 0.608655
26.050000 -3.532469 5.387643 0.267494 0.040290 0.054091 0.665867 0.743015
26.250000 -3.387376 5.389363 0.230351 0.004566 0.011343 0.525937 0.850436
26.450000 -3.224724 5.335465 0.202139 0.012930 0.035485 0.382062 0.923365
26.650000 -3.038929 5.292781 0.168166 0.005011 0.081226 0.259826 0.962220
26.850000 -2.801431 5.300745 0.143097 -0.010395 0.042130 0.161996 0.985837
27.250000 -2.281022 5.396466 0.125169 0.021864 0.008441 0.028159 0.999329
27.650000 -1.769250 5.439605 0.248321 0.007683 0.000360 -0.029773 0.999527
28.050000 -1.204434 5.457729 0.471678 0.014554 0.000236 -0.046292 0.998822
28.400000 -0.607636 5.447231 0.682598 0.000590 0.004150 -0.043189 0.999058
28.850000 0.033351 5.413682 0.756823 -0.024033 -0.010935 -0.011525 0.999585
29.250000 0.657370 5.391018 0.683378 0.037616 0.008008 0.043998 0.998291
29.650000 1.275511 5.369034 0.555141 0.030554 -0.014000 0.097514 0.994667
30.050000 1.860029 5.185345 0.378171 0.014361 -0.003895 0.143859 0.989486
30.450000 2.424447 5.082688 0.196631 0.015475 -0.017856 0.167653 0.985563
30.800000 2.998895 4.965649 0.041138 0.005042 0.004677 0.167852 0.985788
31.200000 3.629448 4.817686 0.019234 -0.015576 -0.021309 0.116743 0.992811
31.600000 4.178365 4.736345 0.002507 0.009937 -0.023971 -0.078057 0.996611
32.200000 4.846842 4.659830 -0.107653 -0.013283 -0.052952 -0.168553 0.984180
33.000000 5.385678 4.678305 -0.262626 -0.003108 -0.036401 -0.183494 0.982342
33.600000 5.558945 4.719641 -0.361972 0.000515 -0.050180 -0.320099 0.946054
33.800000 5.588499 4.748860 -0.366086 0.022799 -0.116723 -0.442608 0.888794
34.000000 5.551592 4.809886 -0.359347 0.020576 -0.080419 -0.574446 0.814323
34.200000 5.445749 4.902075 -0.327723 0.020123 -0.026131 -0.693678 0.719530
34.400000 5.317144 5.002516 -0.261618 0.051196 -0.007487 -0.790648 0.610081
34.600000 5.164316 5.078595 -0.166190 -0.085111 0.019653 0.864779 -0.494496
34.800000 4.960046 5.117632 -0.057493 -0.082472 0.034269 0.915677 -0.391866
35.200000 4.419902 5.222583 0.118661 -0.025748 -0.026724 0.960589 -0.275485
35.600000 3.829249 5.284084 0.205675 -0.028166 -0.048147 0.957254 -0.283819
36.000000 3.211930 5.161924 0.214835 -0.022785 -0.042228 0.923898 -0.379618
36.400000 2.593699 4.906682 0.303739 -0.018717 -0.029927 0.882328 -0.469310
36.850000 1.971292 4.526900 0.502540 -0.007689 -0.013664 0.880692 -0.473430
37.250000 1.363746 4.086076 0.701515 0.004293 0.005863 0.920384 -0.390948
37.650000 0.745709 3.660781 0.855287 0.016864 0.038438 0.968363 -0.245991
38.050000 0.189538 3.382320 0.923892 0.013851 0.050767 0.992858 -0.107070
38.600000 -0.586984 3.255659 0.901342 -0.007109 0.037308 0.999173 0.014517
39.000000 -1.279626 3.269979 0.819775 0.010218 0.030559 0.999019 0.030372
39.400000 -1.971646 3.368924 0.693969 -0.005307 0.001857 0.999976 0.004007
39.850000 -2.694133 3.484948 0.512088 -0.005757 -0.008470 0.999777 -0.018470
40.200000 -3.303744 3.513429 0.339133 0.014746 -0.021035 0.999540 -0.016119
40.650000 -3.882280 3.472028 0.239478 0.010965 -0.006325 0.999866 -0.010333
40.800000 -4.181255 3.408563 0.245323 0.102238 0.113728 0.987011 -0.049222
41.000000 -4.416610 3.443500 0.264090 0.078079 -0.046537 0.983932 -0.153674
41.250000 -4.582436 3.525617 0.310235 -0.233551 -0.066332 0.944558 -0.221054
41.400000 -4.850992 3.499003 0.310871 -0.004601 -0.030058 0.935948 -0.350824
41.650000 -5.178680 3.390478 0.303604 0.257805 -0.088923 0.856811 -0.437611
41.800000 -5.311927 3.331777 0.283258 0.109301 -0.152403 0.891888 -0.411538
42.050000 -5.247267 3.227358 0.263558 -0.010603 -0.139236 0.935799 -0.323700
42.250000 -5.134312 3.014131 0.246138 -0.085100 -0.046444 0.964022 -0.247512
42.450000 -5.112784 2.730459 0.247805 0.024287 0.030706 0.975235 -0.217680
43.000000 -4.966460 2.013305 0.313856 -0.118783 -0.034337 0.898472 -0.421259
43.200000 -4.896625 1.678356 0.326144 0.050792 -0.034655 -0.841955 0.536032
43.400000 -4.895544 1.298934 0.327700 -0.092059 -0.013041 -0.764139 0.638316
43.650000 -4.894301 0.979308 0.309643 -0.049853 0.012949 -0.690858 0.721154
43.850000 -4.833267 0.724921 0.258085 0.083716 -0.000594 -0.622945 0.777773
44.200000 -4.805505 0.132992 0.178528 -0.026666 -0.003468 -0.547643 0.836280
44.650000 -4.824604 -0.477292 0.080329 0.023067 0.018401 -0.543721 0.838747
45.050000 -4.790904 -1.109993 -0.033785 0.007469 -0.011017 -0.606006 0.795349
45.450000 -4.777962 -1.683914 -0.120468 -0.001759 0.033172 -0.730352 0.682262
45.600000 -4.747955 -1.946190 -0.139715 0.036771 -0.009967 -0.821351 0.569149
45.800000 -4.730378 -2.216195 -0.150114 -0.080627 0.025509 0.901438 -0.424567
46.050000 -4.801382 -2.501384 -0.146350 -0.029870 0.067475 0.963019 -0.259133
46.250000 -4.930003 -2.785524 -0.147591 0.051680 0.102938 0.987390 -0.108601
46.450000 -5.020267 -2.950125 -0.139721 0.042425 0.055847 0.997538 -0.000365
46.600000 -5.042385 -3.013144 -0.129458 -0.080419 -0.039582 0.993338 0.072432
47.050000 -5.322452 -3.186689 -0.027276 -0.012575 0.084976 0.978724 0.186334
47.450000 -5.756794 -3.205272 0.097619 -0.013180 0.004251 0.946084 0.323625
47.800000 -6.124094 -3.082821 0.228737 0.023496 -0.039850 0.882054 0.468872
48.250000 -6.532705 -3.072956 0.399618 0.080241 -0.016023 0.806808 0.585120
48.400000 -6.725405 -3.089557 0.515822 0.066358 0.126885 0.782249 0.606287
48.800000 -6.808039 -2.952282 0.725408 0.043458 -0.100636 0.746179 0.656659
49.000000 -6.809330 -2.819055 0.770415 0.194361 -0.162337 0.703040 0.664534
49.250000 -6.823645 -2.852437 0.717049 0.095409 0.026203 0.678516 0.727892
49.450000 -6.773813 -3.036589 0.636915 -0.052949 0.102042 0.615440 0.779754
49.600000 -6.669116 -3.128217 0.552755 -0.008450 -0.032363 0.526650 0.849424
49.800000 -6.583018 -3.134881 0.453515 0.193805 -0.033539 0.409168 0.891009
50.000000 -6.472791 -3.235816 0.354555 0.068975 0.103932 0.314294 0.941095
50.250000 -6.254884 -3.431015 0.237997 -0.030285 0.067736 0.178507 0.981137
50.450000 -5.950391 -3.601328 0.123619 0.025320 -0.044352 0.050124 0.997436
50.650000 -5.676241 -3.769189 0.039819 0.052144 0.031966 -0.065061 0.996005
50.800000 -5.436258 -3.956553 -0.019870 0.006440 0.063092 -0.171368 0.983164
51.000000 -5.152251 -4.140524 -0.032080 0.087889 -0.012522 -0.271540 0.958324
51.200000 -4.835160 -4.362766 -0.016189 0.051716 0.000697 -0.375456 0.925396
51.400000 -4.501620 -4.622685 -0.026860 -0.016371 -0.009587 -0.488123 0.872569
51.600000 -4.182033 -4.841997 -0.045400 -0.004271 0.024858 -0.601169 0.798724
51.850000 -3.878133 -5.032912 -0.022672 0.017933 -0.033796 -0.700414 0.712710
52.000000 -3.601227 -5.221209 0.013277 0.042898 -0.212225 -0.765461 0.605962
52.200000 -3.433196 -5.332602 0.036301 -0.029508 -0.113325 -0.856075 0.503410
52.400000 -3.361294 -5.293038 0.049024 -0.010378 -0.018838 0.924066 -0.381626
52.650000 -3.276048 -5.222323 0.049574 -0.077517 -0.055099 0.963936 -0.248562
53.000000 -3.212061 -5.266372 0.036572 -0.051996 0.061717 0.991167 -0.105241
53.450000 -3.365963 -5.154903 0.011481 -0.018916 -0.045031 0.984909 -0.166041
53.850000 -3.502167 -4.989136 -0.018572 0.074060 -0.060866 0.930834 -0.352645
54.000000 -3.507727 -4.966830 -0.025159 0.061458 -0.051614 0.878684 -0.470610
54.250000 -3.466124 -4.932810 -0.016811 -0.003111 0.053924 -0.804827 0.591046
54.450000 -3.405649 -4.917259 -0.012699 0.023089 0.043313 -0.709330 0.703166
54.650000 -3.338210 -4.936204 -0.010291 -0.003631 0.037780 -0.596815 0.801481
54.850000 -3.269272 -4.951927 -0.011201 -0.032111 0.056473 -0.488910 0.869912
55.050000 -3.146393 -4.962529 -0.004473 -0.015574 0.054319 -0.384451 0.921414
55.200000 -2.959329 -4.969605 0.007210 0.001991 0.035896 -0.290151 0.956305
55.600000 -2.478018 -4.987777 0.026373 0.006774 0.029866 -0.145311 0.988912
56.050000 -1.867352 -4.996170 0.024389 0.030992 -0.004297 -0.057280 0.997868
56.450000 -1.236184 -4.990562 0.040314 -0.024341 -0.000879 -0.011878 0.999633
56.800000 -0.651134 -4.897223 0.020487 0.080802 0.002482 -0.001602 0.996726
57.200000 -0.054689 -4.980597 -0.039901 -0.008198 -0.086132 -0.049207 0.995034
57.650000 0.332892 -4.995556 -0.127225 0.014645 -0.000585 -0.152128 0.988252
58.000000 0.599838 -4.970883 -0.165949 0.054186 -0.064018 -0.297679 0.950975
58.400000 0.767645 -5.031315 -0.149083 0.006848 -0.040279 -0.470335 0.881542
58.650000 0.756561 -5.017306 -0.172817 0.025797 0.010522 -0.557434 0.829753
58.850000 0.753705 -4.997567 -0.168472 0.074654 -0.033521 -0.646163 0.758800
59.000000 0.704456 -4.991920 -0.164842 0.075878 -0.062513 -0.735889 0.669927
59.200000 0.571542 -4.994681 -0.156083 0.036800 -0.036995 -0.818885 0.571581
59.400000 0.383068 -4.973789 -0.135987 -0.032753 -0.000552 0.885413 -0.463648
59.600000 0.167100 -4.939067 -0.105304 -0.059864 -0.019230 0.936665 -0.344537
59.800000 -0.077463 -4.934146 -0.075617 -0.070807 -0.013450 0.970718 -0.229154
60.000000 -0.364277 -4.952640 -0.043290 -0.043008 -0.007654 0.991419 -0.123204
60.400000 -1.006045 -4.980408 0.037129 0.002860 -0.021087 0.998329 0.053719
60.800000 -1.647963 -4.998432 0.096929 -0.028201 0.000010 0.981011 0.191889
61.250000 -2.331321 -4.960907 0.142849 0.023990 -0.002030 0.955111 0.295268
61.600000 -2.968847 -4.881432 0.123650 0.012930 0.016541 0.923727 0.382476
62.050000 -3.488790 -4.743318 0.081694 0.019871 0.045941 0.886076 0.460830
62.600000 -4.026008 -4.190280 0.042457 0.011956 0.040092 0.826881 0.560819
63.000000 -4.362735 -3.657519 0.028157 0.026297 0.015676 0.788460 0.614324
63.400000 -4.600677 -3.092613 0.022731 0.018760 0.010194 0.756943 0.653132
63.850000 -4.701820 -2.495814 0.018974 0.015904 -0.003171 0.733495 0.679501
64.250000 -4.753340 -1.862381 0.021870 0.011791 -0.003452 0.720023 0.693842
64.650000 -4.805297 -1.209803 0.024825 0.013016 -0.008948 0.714077 0.699889
65.000000 -4.845983 -0.563294 0.039993 0.008143 -0.005993 0.711075 0.703043
65.400000 -4.866440 0.073966 0.056752 0.037338 -0.014005 0.707567 0.705520
65.800000 -4.836415 0.649091 0.075127 -0.011956 0.002606 0.711992 0.702081
66.200000 -4.828905 1.287025 0.124939 0.023388 -0.017896 0.735214 0.677196
66.600000 -4.839020 1.891012 0.229072 0.012063 -0.025104 0.753559 0.656791
67.000000 -4.837358 2.421262 0.328402 0.192301 -0.008439 0.789599 0.582652
67.200000 -4.716198 2.535593 0.348230 -0.002360 0.203886 0.837078 0.507666
67.400000 -4.483431 2.706677 0.279361 -0.020084 -0.028533 0.870245 0.491383
67.800000 -4.109712 3.133040 0.195304 0.023166 0.020916 0.942251 0.333451
68.000000 -3.932268 3.354540 0.165523 -0.068712 -0.057070 0.938309 0.334062
68.450000 -3.733040 3.687676 0.177260 -0.030168 -0.109112 0.882412 0.456655
68.800000 -3.754175 3.650077 0.205411 -0.041259 -0.014800 0.825311 0.562974
69.650000 -4.100166 3.370700 0.324596 -0.039360 0.013746 0.886749 0.460366
69.800000 -4.186889 3.246739 0.352377 -0.121524 -0.062513 0.909270 0.393132
70.050000 -4.403364 3.141886 0.384059 -0.014106 -0.150631 0.937820 0.312418
70.250000 -4.713464 2.966114 0.399659 0.190752 -0.029074 0.942409 0.273192
70.400000 -4.922269 2.710444 0.385144 0.124157 0.146924 0.933149 0.303698
70.600000 -4.937133 2.502435 0.344773 -0.092743 0.101743 0.912888 0.384296
70.800000 -4.929876 2.431052 0.312750 -0.071289 -0.004596 0.852150 0.518398
71.050000 -5.041783 2.427906 0.285752 0.158811 0.032573 0.775046 0.610755
71.200000 -5.133931 2.389328 0.289941 0.081514 0.149551 0.735227 0.656073
71.400000 -5.087446 2.357902 0.286295 -0.076235 0.128066 0.726845 0.670435
71.600000 -4.956046 2.448766 0.283630 -0.114681 -0.007312 0.739499 0.663276
71.800000 -4.881341 2.642019 0.290321 0.081382 -0.100199 0.788356 0.601524
72.000000 -4.840733 2.769884 0.306182 0.166411 0.001106 0.827530 0.536191
72.200000 -4.720068 2.796267 0.304385 0.026638 0.059670 0.883548 0.463760
72.400000 -4.517786 2.805115 0.309566 -0.132363 0.116251 0.911705 0.371159
72.650000 -4.352721 2.928360 0.314095 -0.102635 0.004808 0.949420 0.296724
72.850000 -4.310100 3.157194 0.311155 0.059463 -0.102369 0.971227 0.206646
73.200000 -4.194728 3.421091 0.319420 -0.079803 -0.055488 0.993536 0.058641
73.800000 -4.215410 3.380575 0.312538 0.040868 -0.055072 0.987340 0.143025
74.250000 -4.298550 3.263380 0.315398 -0.114258 -0.090757 0.945045 0.292571
74.600000 -4.604193 2.985314 0.313706 0.054589 0.002411 0.926008 0.373529
75.000000 -4.874995 2.612218 0.322618 -0.043950 0.032949 0.870438 0.489203
75.200000 -4.882224 2.475874 0.317568 -0.172462 0.030781 0.800703 0.572873
75.400000 -5.024272 2.421388 0.292014 0.060524 0.027481 0.768037 0.636947
75.650000 -5.200291 2.418263 0.297980 0.168749 0.122505 0.718162 0.663898
75.800000 -5.199852 2.398815 0.311025 0.020409 0.156982 0.730338 0.664490
76.050000 -5.041307 2.444139 0.284177 -0.113811 0.049948 0.745348 0.654987
76.200000 -4.903438 2.594391 0.280545 0.020884 -0.033010 0.786072 0.616900
76.400000 -4.835085 2.747387 0.276085 0.113716 0.024343 0.831472 0.543259
76.850000 -4.489268 2.974829 0.309687 -0.006315 0.112695 0.916694 0.383317
77.000000 -4.188845 3.206826 0.326039 -0.078901 -0.077591 0.933378 0.341407
77.450000 -3.846879 3.636519 0.328788 0.115589 0.066020 0.947754 0.289902
77.600000 -3.649715 3.737062 0.373208 0.002700 0.065562 0.955897 0.286278
77.850000 -3.384802 3.887197 0.435545 -0.131294 -0.095210 0.940920 0.297266
78.200000 -3.178333 4.054849 0.593255 -0.021088 -0.099839 0.953595 0.283275
78.800000 -3.313453 3.819894 0.795861 -0.100771 -0.050235 0.982087 0.151085
79.250000 -3.652547 3.636218 0.884503 -0.011705 -0.008124 0.999708 -0.019541
79.600000 -4.083993 3.327863 0.943875 0.016086 -0.035934 0.974948 -0.218922
79.850000 -4.247757 3.155489 0.963348 -0.001302 -0.052558 0.946994 -0.316921
80.000000 -4.403575 2.952199 0.979690 0.025375 -0.056418 0.909473 -0.411135
80.400000 -4.635471 2.443539 0.990774 -0.022669 0.054693 -0.821490 0.567141
80.800000 -4.728215 1.861574 0.978271 0.019100 -0.005235 -0.738201 0.674290
81.200000 -4.827255 1.255628 0.970854 -0.022806 0.034719 -0.676699 0.735087
81.600000 -4.840219 0.658425 0.966156 0.006631 0.010987 -0.644680 0.764345
82.000000 -4.806510 0.015491 0.951338 0.005578 -0.005416 -0.632012 0.774920
82.450000 -4.791102 -0.618130 0.944850 -0.003669 0.001389 -0.625054 0.780572
82.800000 -4.758928 -1.244771 0.937512 -0.000405 0.004465 -0.609387 0.792860
83.250000 -4.681525 -1.860489 0.866874 0.011718 -0.007958 -0.575529 0.817659
83.650000 -4.641699 -2.466711 0.718702 -0.000182 0.021247 -0.518093 0.855060
84.050000 -4.544641 -3.068647 0.510309 -0.010633 0.037734 -0.437681 0.898275
84.450000 -4.327554 -3.687881 0.274905 -0.015236 0.029341 -0.337883 0.940607
84.850000 -3.978753 -4.268188 0.088272 -0.053871 0.040896 -0.230115 0.970810
85.200000 -3.463323 -4.673056 0.010332 -0.025689 0.024851 -0.132072 0.990595
85.600000 -2.826254 -4.920122 0.038895 -0.039585 0.005108 -0.059478 0.997431
86.000000 -2.177336 -5.002855 0.115798 -0.014330 0.003974 -0.038050 0.999165
86.400000 -1.551867 -4.960688 0.204221 -0.002751 -0.002009 -0.074089 0.997246
86.850000 -0.931446 -4.891136 0.278166 0.023483 -0.003205 -0.167967 0.985508
87.250000 -0.332089 -4.838322 0.330472 0.052224 -0.006881 -0.305554 0.950716
87.600000 0.220434 -4.879214 0.359149 0.068276 -0.022700 -0.463102 0.883380
88.000000 0.638371 -5.031294 0.384844 0.073371 -0.018655 -0.603503 0.793759
88.400000 0.868491 -5.247926 0.324104 0.125314 0.008443 -0.717606 0.685030
88.800000 0.908591 -5.716339 0.237950 0.072171 0.011354 -0.836283 0.543409
89.000000 0.873267 -5.985019 0.180279 -0.036633 -0.029818 0.894108 -0.445353
89.200000 0.857106 -6.252346 0.120231 -0.054376 0.040026 0.941501 -0.330176
89.450000 0.830732 -6.486110 0.052877 0.050876 0.058383 0.977797 -0.194720
89.600000 0.824757 -6.660252 -0.043095 0.046655 0.024701 0.997215 -0.052688
89.800000 0.898593 -6.785676 -0.075133 -0.053405 -0.018193 0.994028 0.093406
90.000000 0.954864 -6.913929 -0.078515 -0.114327 -0.023561 0.968088 0.221766
90.400000 0.772642 -7.175685 -0.014524 0.018702 0.032162 0.945269 0.324165
91.000000 0.701041 -7.207562 0.199763 0.022597 0.011012 0.890455 0.454377
91.200000 0.794487 -7.182452 0.240255 0.025828 0.009045 0.834861 0.549780
91.400000 0.891485 -7.157427 0.262395 0.024839 0.027454 0.747205 0.663561
91.600000 1.032606 -7.122524 0.262373 0.021599 0.029272 0.635505 0.771240
91.800000 1.205511 -7.066177 0.246582 0.026108 0.018012 0.500292 0.865276
92.000000 1.425624 -7.011631 0.217991 0.035466 0.022658 0.359513 0.932191
92.250000 1.672197 -6.972188 0.189779 0.032422 0.011245 0.220266 0.974836
92.450000 1.918977 -6.955953 0.156898 0.003774 -0.002527 0.086013 0.996284
92.600000 2.168970 -6.923563 0.119034 -0.008413 -0.010059 -0.023059 0.999648
93.000000 2.714892 -6.761838 0.074180 0.059207 0.017899 -0.165684 0.984237
93.400000 3.371484 -6.794516 0.097668 -0.017457 -0.061954 -0.206456 0.976337
93.800000 3.956661 -6.768744 0.088976 0.057432 0.026441 -0.154462 0.985974
94.200000 4.566966 -6.764193 0.052480 0.015164 -0.113414 0.011468 0.993366
94.400000 4.805976 -6.771779 0.009584 0.035693 -0.157313 0.136611 0.977403
94.600000 4.912253 -6.814980 -0.019544 0.043317 -0.015253 0.262320 0.963887
94.800000 4.994075 -6.887038 -0.044050 -0.001833 -0.038118 0.390406 0.919851
95.000000 5.092940 -6.955560 -0.047435 -0.055088 -0.094168 0.505723 0.855770
95.200000 5.142359 -7.006242 -0.050730 -0.049543 -0.068750 0.609301 0.788398
95.450000 5.125760 -7.041796 -0.050476 -0.026272 -0.035025 0.691725 0.720832
95.850000 4.986637 -7.103706 -0.017578 -0.068304 -0.004058 0.784486 0.616360
96.450000 4.534977 -6.886644 0.087556 -0.013960 0.028670 0.791499 0.610338
96.800000 4.235585 -6.546917 0.144753 -0.023185 0.026215 0.719801 0.693298
97.200000 4.046504 -6.088819 0.137040 0.031227 0.035917 0.608350 0.792240
97.600000 3.965292 -5.604594 0.043116 0.026990 0.022052 0.484510 0.874091
98.000000 4.030890 -5.068076 -0.033302 0.065481 0.031931 0.327934 0.941888
98.450000 4.264486 -4.626366 -0.047123 -0.034273 0.028749 0.171871 0.984103
98.800000 4.637388 -4.090635 -0.028952 0.004669 -0.027504 0.241886 0.969904
99.000000 4.806577 -3.796681 -0.039331 0.006423 -0.053783 0.352879 0.934100
99.250000 4.939198 -3.514687 -0.028942 -0.012100 -0.024887 0.481205 0.876171
99.400000 5.069997 -3.209865 -0.015593 -0.057911 -0.061098 0.603531 0.792883
99.650000 5.177915 -2.912158 0.001602 -0.022410 -0.037534 0.703749 0.709103
100.000000 5.342462 -2.263070 0.033019 -0.003472 0.000467 0.777691 0.628637
100.400000 5.520911 -1.651408 0.075427 -0.065589 -0.078588 0.725546 0.680518
100.850000 5.455166 -1.071064 0.055371 -0.009476 -0.021918 0.672845 0.739398
101.250000 5.348666 -0.477424 0.025398 -0.008208 -0.006514 0.655612 0.755025
101.400000 5.373477 -0.149686 0.043424 -0.070009 -0.106170 0.653320 0.746324
101.800000 5.075006 0.448456 0.031314 0.032923 -0.029512 0.614172 0.787932
102.200000 4.686793 0.934179 0.065535 0.263142 0.073994 0.487278 0.829362
102.450000 4.709467 1.093234 0.165548 0.313303 -0.129449 0.402135 0.850513
102.600000 4.828566 0.937402 0.104526 -0.064671 0.005066 0.462148 0.884427
102.800000 4.919040 0.730386 0.071522 -0.185736 0.103387 0.457628 0.863360
103.050000 4.986483 0.764427 0.066970 -0.082443 -0.133155 0.503239 0.849837
103.250000 4.905018 0.895425 0.041008 0.138437 -0.056514 0.502094 0.851788
103.450000 4.773732 0.880943 0.059537 0.056857 0.081845 0.509077 0.854933
103.650000 4.789698 0.770379 0.104481 -0.103246 0.088044 0.503866 0.853058
103.850000 4.922803 0.775937 0.095632 -0.066174 -0.116533 0.508883 0.850340
104.050000 4.957422 0.846956 0.074272 0.072825 -0.057086 0.507802 0.856490
104.200000 4.880957 0.842922 0.058619 0.025738 0.049643 0.507712 0.859710
104.600000 4.858428 0.782412 0.062953 -0.034657 -0.049849 0.501568 0.862985
