0.799993 -0.000118 -0.000473 -0.000175 -0.000016 -0.000057 -0.000042 1.000000
0.999993 -0.000321 -0.000668 -0.000403 -0.000022 -0.000101 -0.000077 1.000000
1.199993 -0.000483 -0.000867 -0.000671 -0.000017 -0.000130 -0.000102 1.000000
1.399993 -0.000408 -0.001030 -0.000769 -0.000009 -0.000145 -0.000097 1.000000
1.599993 -0.000254 -0.000969 -0.000740 -0.000012 -0.000158 -0.000098 1.000000
1.799993 -0.000614 -0.000948 -0.000769 -0.000016 -0.000199 -0.000212 1.000000
1.999993 -0.000503 -0.000648 -0.000699 -0.000026 -0.000143 -0.000154 1.000000
2.199993 -0.000272 -0.000419 -0.000692 -0.000028 -0.000144 -0.000123 1.000000
2.399993 -0.000133 -0.000399 -0.000749 -0.000024 -0.000142 -0.000113 1.000000
2.599993 -0.000135 -0.000548 -0.000794 -0.000020 -0.000137 -0.000114 1.000000
2.799993 -0.000098 -0.000746 -0.000732 -0.000017 -0.000127 -0.000080 1.000000
2.999993 -0.000070 -0.000833 -0.000674 -0.000017 -0.000124 -0.000076 1.000000
3.199993 -0.000064 -0.000776 -0.000673 -0.000015 -0.000122 -0.000078 1.000000
3.399993 -0.000128 -0.000647 -0.000692 -0.000022 -0.000125 -0.000100 1.000000
3.599993 -0.000253 -0.000555 -0.000767 -0.000018 -0.000135 -0.000127 1.000000
3.799993 -0.000304 -0.000569 -0.000814 -0.000017 -0.000136 -0.000131 1.000000
3.999993 -0.000181 -0.000664 -0.000771 -0.000017 -0.000125 -0.000099 1.000000
4.199993 -0.000098 -0.000780 -0.000733 -0.000011 -0.000129 -0.000084 1.000000
4.399993 -0.000046 -0.000804 -0.000698 -0.000013 -0.000124 -0.000075 1.000000
4.599993 -0.000090 -0.000788 -0.000693 -0.000011 -0.000125 -0.000082 1.000000
4.799993 -0.000141 -0.000691 -0.000690 -0.000019 -0.000126 -0.000095 1.000000
4.999993 -0.000259 -0.000604 -0.000743 -0.000018 -0.000139 -0.000126 1.000000
5.199993 -0.000306 -0.000597 -0.000793 -0.000017 -0.000138 -0.000130 1.000000
5.399993 -0.000214 -0.000664 -0.000761 -0.000018 -0.000130 -0.000106 1.000000
5.599993 -0.000130 -0.000759 -0.000728 -0.000012 -0.000132 -0.000086 1.000000
5.799993 -0.000058 -0.000782 -0.000703 -0.000012 -0.000125 -0.000077 1.000000
5.999993 -0.000055 -0.000755 -0.000690 -0.000013 -0.000125 -0.000075 1.000000
6.199993 -0.000151 -0.000691 -0.000692 -0.000020 -0.000130 -0.000102 1.000000
6.399993 -0.000245 -0.000634 -0.000729 -0.000016 -0.000138 -0.000116 1.000000
6.599993 -0.000259 -0.000634 -0.000767 -0.000015 -0.000136 -0.000118 1.000000
6.799993 -0.000163 -0.000676 -0.000756 -0.000016 -0.000126 -0.000097 1.000000
6.999993 -0.000114 -0.000766 -0.000728 -0.000012 -0.000130 -0.000083 1.000000
7.199993 -0.000078 -0.000775 -0.000708 -0.000012 -0.000126 -0.000078 1.000000
7.399993 -0.000079 -0.000747 -0.000700 -0.000012 -0.000125 -0.000078 1.000000
7.599993 -0.000146 -0.000683 -0.000696 -0.000021 -0.000129 -0.000100 1.000000
7.799993 -0.000231 -0.000634 -0.000733 -0.000016 -0.000138 -0.000115 1.000000
7.999993 -0.000224 -0.000651 -0.000758 -0.000015 -0.000132 -0.000107 1.000000
8.199993 -0.000141 -0.000695 -0.000752 -0.000014 -0.000126 -0.000092 1.000000
8.399993 -0.000101 -0.000770 -0.000728 -0.000012 -0.000130 -0.000082 1.000000
8.599993 -0.000074 -0.000773 -0.000707 -0.000013 -0.000127 -0.000079 1.000000
8.799993 -0.000080 -0.000745 -0.000693 -0.000014 -0.000126 -0.000079 1.000000
8.999993 -0.000142 -0.000688 -0.000688 -0.000022 -0.000130 -0.000100 1.000000
9.199993 -0.000212 -0.000653 -0.000729 -0.000015 -0.000138 -0.000110 1.000000
9.399993 -0.000200 -0.000665 -0.000738 -0.000020 -0.000129 -0.000105 1.000000
9.599993 -0.000136 -0.000694 -0.000741 -0.000015 -0.000127 -0.000094 1.000000
9.799993 -0.000110 -0.000769 -0.000736 -0.000011 -0.000128 -0.000084 1.000000
9.999993 -0.000083 -0.000774 -0.000719 -0.000013 -0.000125 -0.000080 1.000000
10.199993 -0.000805 -0.000637 -0.004723 0.020454 0.019141 -0.000212 0.999608
10.399987 0.009785 -0.008248 -0.007893 0.109616 0.124768 0.000134 0.986112
10.599989 0.107872 -0.098289 0.007408 0.045767 0.063174 -0.026053 0.996612
10.799993 0.284617 -0.263333 0.030760 -0.048956 -0.058859 -0.087967 0.993177
10.999982 0.434274 -0.398611 0.023120 -0.038810 0.041121 -0.192973 0.979574
11.199942 0.573829 -0.480798 0.017306 0.009606 0.068238 -0.321639 0.944352
11.399909 0.768730 -0.559915 0.010602 0.052912 -0.015181 -0.427598 0.902291
11.599950 0.945653 -0.676011 0.004663 0.051928 -0.066690 -0.479673 0.873367
11.799860 1.047577 -0.821361 0.034679 0.069838 -0.012405 -0.502457 0.861688
11.999638 1.089186 -1.016676 0.108608 0.056162 0.031335 -0.556011 0.828683
12.199825 1.129446 -1.264962 0.166020 -0.011537 0.020963 -0.646511 0.762529
12.399903 1.197423 -1.503846 0.258129 -0.024786 -0.019831 -0.744336 0.667050
12.599964 1.268935 -1.688405 0.343488 -0.072468 -0.021523 -0.841238 0.535354
12.799991 1.388223 -1.861099 0.461085 -0.103197 -0.030949 -0.924850 0.364753
12.999993 1.565314 -1.968072 0.563207 -0.018311 -0.011090 0.979603 -0.199797
13.199995 1.767923 -2.067587 0.645571 -0.146992 -0.043480 0.988163 -0.006018
13.399996 1.864817 -2.225159 0.725423 -0.005968 0.025762 0.986502 0.161600
13.599997 1.918915 -2.389839 0.756067 0.117757 0.058097 0.939670 0.315878
13.799997 2.034319 -2.520169 0.702816 -0.040972 0.045512 0.908611 0.413129
13.999997 2.178286 -2.564605 0.683392 -0.117331 0.038726 0.869092 0.478971
14.199997 2.263973 -2.516742 0.676066 -0.028861 -0.001274 0.849661 0.526538
14.399997 2.302012 -2.435063 0.657035 0.033968 0.034337 0.827674 0.559126
14.599997 2.350526 -2.355881 0.639945 -0.005345 0.076899 0.809052 0.582661
14.799997 2.432833 -2.248885 0.618031 -0.105055 0.050620 0.791709 0.599665
14.999997 2.482863 -2.067579 0.623214 -0.097908 -0.021751 0.785369 0.610848
15.199997 2.455922 -1.840946 0.568820 -0.004683 -0.042004 0.801978 0.595856
15.399997 2.378720 -1.612099 0.479558 0.040162 0.018010 0.826732 0.560872
15.599997 2.310527 -1.388555 0.381316 -0.006233 0.051107 0.858765 0.509775
15.799997 2.255250 -1.124336 0.304168 -0.053783 0.015267 0.884866 0.462479
15.999997 2.170317 -0.815516 0.212953 0.096145 0.084103 0.897532 0.422041
16.199997 2.096674 -0.476028 0.150844 0.144918 0.043104 0.912139 0.380976
16.399997 2.085517 -0.165547 0.014684 0.006848 -0.058025 0.944677 0.322756
16.599996 2.076936 0.090032 -0.081892 -0.084961 -0.077783 0.959475 0.257177
16.799995 1.938575 0.285146 -0.135680 0.028290 -0.036812 0.978998 0.198514
16.999995 1.737228 0.450426 -0.160257 0.085875 0.014769 0.976096 0.199107
17.199990 1.571384 0.613798 -0.201662 -0.063311 0.007283 0.965121 0.253929
17.399982 1.379397 0.789694 -0.167763 -0.093974 -0.037664 0.937376 0.333282
17.599988 1.086233 0.964828 -0.091725 -0.026717 -0.050336 0.913475 0.402885
17.799983 0.723843 1.122044 -0.032581 0.036484 -0.006341 0.888317 0.457735
17.999978 0.386701 1.256881 -0.010264 0.002348 0.056984 0.872681 0.484949
18.199985 0.102940 1.390090 0.010384 -0.022720 0.018933 0.873452 0.486011
18.399986 -0.184169 1.558227 0.025614 -0.007182 0.017953 0.888002 0.459432
18.599985 -0.474573 1.710106 0.040835 -0.049058 0.082602 0.899632 0.425950
18.799988 -0.767556 1.959117 0.036217 -0.024989 0.037092 0.904188 0.424786
18.999992 -1.069810 2.276392 0.011624 0.014755 0.008227 0.893544 0.448658
19.199994 -1.352291 2.600915 -0.036773 0.046863 0.036142 0.867445 0.494001
19.399995 -1.586039 2.883854 -0.073091 0.051125 0.083477 0.828688 0.551085
19.599996 -1.755429 3.167120 -0.090105 0.030489 0.041300 0.782495 0.620537
19.799996 -1.882906 3.460400 -0.078054 0.029531 -0.002657 0.724827 0.688293
19.999997 -1.991889 3.736070 -0.057441 0.038746 0.028269 0.660496 0.749296
20.199996 -2.077844 4.012683 -0.023485 0.055773 0.054754 0.586450 0.806205
20.399995 -2.108338 4.272631 -0.000151 0.057683 0.034826 0.511879 0.856411
20.599995 -2.040159 4.518368 0.012740 0.024757 0.025561 0.419817 0.906911
20.799996 -1.972515 4.710631 0.025087 -0.017429 0.016492 0.324455 0.945597
20.999995 -1.921024 4.902116 0.048814 0.068974 0.016518 0.220194 0.972874
21.199995 -1.877539 5.064710 0.062402 0.093583 0.113483 0.132140 0.980257
21.399996 -1.744634 5.165357 0.077367 0.013526 0.085518 0.042195 0.995351
21.599996 -1.467161 5.266616 0.094437 -0.029399 -0.053181 -0.035050 0.997536
21.799997 -1.214609 5.372062 0.159581 0.011712 -0.039374 -0.091821 0.994928
21.999997 -1.050100 5.452626 0.271450 0.044618 0.098515 -0.126202 0.986092
22.199996 -0.888171 5.456997 0.384981 0.054138 0.174942 -0.151751 0.971306
22.399997 -0.578945 5.378467 0.455112 0.017399 -0.018445 -0.174724 0.984291
22.599997 -0.232546 5.279303 0.511006 -0.079345 -0.112294 -0.171587 0.975527
22.799997 0.058192 5.250184 0.554410 -0.070148 -0.004547 -0.171277 0.982712
