0.800000 -0.000378 -0.000435 -0.000133 0.000026 -0.000047 -0.000075 1.000000
8.600000 -0.001546 -0.007220 0.021967 -0.142665 -0.127130 0.011512 0.981505
9.050000 -0.292957 0.288519 -0.087529 0.157226 0.173729 0.018138 0.971992
9.200000 -0.449004 0.468809 -0.160205 0.048911 -0.015557 0.007692 0.998652
9.450000 -0.520560 0.506959 -0.166441 -0.019718 -0.175809 0.006333 0.984206
9.650000 -0.753577 0.548573 -0.090115 0.017703 -0.068054 0.008152 0.997491
9.850000 -1.119034 0.616332 -0.014478 0.092788 0.080072 0.008101 0.992428
10.200000 -1.649562 0.617884 0.168863 -0.020310 0.004385 -0.010018 0.999734
10.650000 -2.047176 0.598058 0.421830 0.141566 0.048358 -0.029168 0.988317
10.800000 -2.206219 0.484698 0.565103 0.031295 0.023444 -0.049409 0.998013
11.450000 -2.458810 -0.096436 0.834286 0.042419 0.043100 -0.079586 0.994992
11.850000 -2.403114 -0.572318 0.890840 -0.076085 0.005754 -0.068431 0.994734
12.450000 -2.237196 -0.895977 0.843182 -0.034880 -0.002837 0.084110 0.995842
12.800000 -2.149537 -0.934604 0.767726 -0.059187 -0.010328 0.267243 0.961754
13.000000 -2.118786 -0.869952 0.713520 -0.042100 -0.004321 0.376504 0.925448
13.250000 -2.126131 -0.770539 0.656230 -0.047037 0.024423 0.479359 0.876017
13.450000 -2.153019 -0.627224 0.590186 -0.055830 0.037745 0.569220 0.819419
13.650000 -2.175135 -0.418659 0.530201 -0.044388 0.026327 0.650244 0.757971
14.050000 -2.212836 0.105865 0.397015 -0.006660 0.020220 0.752527 0.658217
14.450000 -2.246873 0.675412 0.265303 -0.008410 0.007240 0.785559 0.618687
14.850000 -2.286704 1.305351 0.157006 -0.005764 -0.011644 0.800707 0.598915
15.250000 -2.373879 1.925573 0.088993 -0.025361 -0.019615 0.826634 0.561826
15.600000 -2.511445 2.516421 0.070654 0.008250 0.001769 0.876801 0.480780
16.050000 -2.607356 3.132191 0.121771 -0.064829 -0.025214 0.923725 0.376689
16.450000 -2.841898 3.798824 0.136332 0.097202 -0.078562 0.844911 0.520100
16.850000 -3.015822 4.034708 0.064079 0.015283 0.063470 0.947531 0.312926
17.000000 -2.985060 4.158743 0.049638 -0.017004 0.058040 0.993558 0.095835
17.250000 -2.961553 4.453922 0.066282 -0.093025 0.080957 0.990614 -0.058957
17.650000 -3.116282 5.226283 0.121565 -0.045247 -0.117863 0.991977 -0.006534
18.200000 -3.596539 5.484509 -0.020999 -0.048778 -0.013936 0.998299 -0.028727
18.600000 -3.974185 5.605036 0.003655 0.065733 -0.039205 0.981933 -0.173057
19.200000 -4.147921 5.614983 0.233681 -0.038823 -0.003930 0.959283 -0.279740
19.600000 -4.020111 5.508258 0.420083 0.065460 -0.011930 0.917932 -0.391119
19.800000 -3.963828 5.500749 0.496609 0.073933 -0.045597 0.869659 -0.485950
20.050000 -3.836673 5.515167 0.566020 -0.016464 0.041467 -0.797095 0.602203
20.200000 -3.629472 5.536151 0.622917 0.005895 0.009516 -0.687191 0.726391
20.450000 -3.406875 5.485094 0.678019 -0.007210 0.012671 -0.543298 0.839413
20.650000 -3.168794 5.432966 0.719541 -0.003913 0.035281 -0.366222 0.929850
20.850000 -2.970228 5.393858 0.744592 0.010843 -0.002468 -0.171959 0.985041
21.050000 -2.742301 5.363506 0.778543 0.068746 -0.158195 -0.008355 0.984976
21.250000 -2.583063 5.315245 0.807227 0.039930 -0.155181 0.114796 0.980381
21.450000 -2.493629 5.206758 0.784132 0.037863 0.132948 0.161313 0.977174
21.850000 -2.045186 4.920965 0.759242 -0.020256 -0.086709 0.054480 0.994537
22.050000 -1.641525 4.849865 0.742610 0.032406 -0.024084 -0.045814 0.998134
22.450000 -0.969661 4.693471 0.671051 -0.005739 -0.061733 -0.161426 0.984935
22.850000 -0.392265 4.571565 0.554537 0.024973 0.005189 -0.091597 0.995469
23.250000 0.139518 4.360712 0.519843 -0.039448 -0.037245 0.059278 0.996766
23.650000 0.656098 4.322803 0.526840 -0.043167 -0.018402 0.073035 0.996225
24.050000 1.163149 4.430756 0.510019 -0.002192 -0.022389 -0.119547 0.992574
24.250000 1.377241 4.516230 0.478449 0.050960 -0.038949 -0.235703 0.969706
24.450000 1.572833 4.612292 0.492379 0.032712 -0.017800 -0.340848 0.939380
24.850000 1.940649 4.721477 0.457911 -0.132416 -0.106034 -0.419645 0.891695
25.000000 2.193739 4.926442 0.408420 0.025622 0.066373 -0.399697 0.913882
25.200000 2.538530 5.156597 0.371084 0.163851 0.030135 -0.317970 0.933349
25.400000 2.944167 5.245164 0.290531 0.070190 -0.063279 -0.243445 0.965300
25.600000 3.276870 5.238128 0.204641 -0.073007 -0.072572 -0.163250 0.981200
25.850000 3.517397 5.321408 0.159383 0.012463 0.029743 -0.152526 0.987773
26.000000 3.788968 5.458469 0.128162 0.104897 -0.034390 -0.225088 0.968065
26.200000 4.080350 5.545131 0.093393 0.087519 -0.147633 -0.369830 0.913111
26.450000 4.276334 5.562342 0.080344 0.020649 -0.090688 -0.533568 0.840628
26.600000 4.403798 5.569477 0.065925 0.054384 -0.003114 -0.669537 0.740779
26.800000 4.520778 5.597131 0.108307 0.127259 0.044435 -0.778927 0.612456
27.000000 4.619829 5.552526 0.167314 -0.134425 0.033668 0.868486 -0.475950
27.200000 4.620821 5.463525 0.218042 -0.070286 0.096717 0.930729 -0.345615
27.400000 4.557391 5.393639 0.260739 -0.015612 0.047966 0.970582 -0.235426
27.850000 4.404030 5.375277 0.340333 -0.123824 -0.010453 0.987155 -0.100413
28.400000 3.754594 5.288690 0.404694 -0.049663 -0.007783 0.991583 -0.119315
28.800000 3.187421 5.259247 0.378288 -0.059913 -0.029614 0.969697 -0.234992
29.200000 2.604706 5.139453 0.272989 -0.017851 -0.032479 0.922875 -0.383313
29.600000 2.054179 4.917936 0.208844 0.013107 -0.007949 -0.841881 0.539446
30.000000 1.537393 4.723493 0.296421 0.010461 0.067660 -0.741196 0.667789
30.450000 1.152358 4.396163 0.542709 0.021946 0.029548 -0.638754 0.768530
30.850000 0.869468 3.940312 0.806146 -0.012165 0.056933 -0.537537 0.841228
31.250000 0.727893 3.467378 0.964609 -0.002783 0.031228 -0.430481 0.902055
31.650000 0.850604 2.989369 0.997559 -0.029290 0.024903 -0.312313 0.949201
32.050000 1.162048 2.539480 0.885997 -0.004523 0.008983 -0.192400 0.981265
32.450000 1.622025 2.145924 0.678703 -0.072344 0.033840 -0.072890 0.994137
32.850000 2.292124 1.944510 0.366218 0.026582 -0.098557 0.014132 0.994676
33.250000 2.802500 1.644093 0.076548 0.100808 0.087748 -0.002715 0.991025
33.450000 3.159402 1.375248 0.037178 0.026749 -0.043145 -0.069093 0.996318
33.800000 3.787486 0.853943 -0.000075 -0.048160 -0.017940 -0.222742 0.973522
34.000000 4.066827 0.665101 0.042244 0.250695 -0.031601 -0.292071 0.922414
34.250000 4.347005 0.378416 0.006803 0.120167 -0.061437 -0.405887 0.903903
34.400000 4.533308 -0.018922 0.022574 -0.027143 -0.163142 -0.504432 0.847464
34.600000 4.615104 -0.351535 0.035715 -0.090836 -0.053075 -0.572671 0.813007
34.850000 4.700729 -0.544757 0.060646 0.064287 0.049608 -0.622673 0.778258
35.050000 4.840847 -0.719184 0.097109 0.171514 0.016867 -0.643870 0.745473
35.200000 4.909438 -1.029336 0.170301 0.101697 -0.152458 -0.690564 0.699668
35.450000 4.873978 -1.418967 0.220133 -0.032791 -0.092062 -0.737341 0.668414
35.650000 4.792704 -1.741375 0.259595 -0.058544 0.031165 -0.759915 0.646630
35.850000 4.798999 -1.994266 0.246442 0.037719 0.116863 -0.784178 0.608264
36.050000 4.876637 -2.316874 0.263619 0.095943 -0.045721 -0.803001 0.586424
36.200000 4.909526 -2.672167 0.265599 0.139262 -0.178035 -0.802553 0.552103
36.400000 4.797780 -2.983102 0.232570 0.048098 -0.075011 -0.815243 0.572223
36.650000 4.599215 -3.241996 0.153204 0.001350 0.057883 -0.788867 0.611830
37.050000 4.412002 -3.880967 0.103247 0.065040 -0.089907 -0.741560 0.661646
37.400000 4.053167 -4.519621 0.088272 0.030994 -0.048114 -0.782440 0.620090
37.600000 3.753471 -4.783160 0.077683 -0.023790 0.045478 -0.811722 0.581784
38.050000 3.345367 -5.437854 0.148044 -0.136576 -0.089498 -0.818456 0.550878
38.250000 3.182233 -5.710645 0.108288 -0.170556 -0.112156 -0.742595 0.637875
38.400000 3.081672 -5.770759 0.070107 0.075213 0.089854 -0.625154 0.771655
38.600000 3.034293 -5.840418 0.065639 0.170488 0.171947 -0.456257 0.856269
38.850000 3.040568 -6.150837 0.052670 -0.034137 0.011164 -0.379662 0.924428
39.000000 3.137283 -6.533775 0.016725 -0.103173 -0.103045 -0.309145 0.939769
39.400000 3.210117 -6.881804 0.002384 0.021444 -0.021172 -0.233604 0.971865
39.850000 3.222599 -7.121941 0.082435 -0.050726 -0.124089 -0.090205 0.986860
40.000000 3.149018 -7.221495 0.150536 -0.032179 -0.111233 0.011897 0.993202
40.400000 2.808784 -7.274511 0.324038 -0.007222 -0.059119 0.184990 0.980934
40.800000 2.374534 -7.340841 0.446502 -0.053671 -0.066390 0.343120 0.935404
41.050000 2.074675 -7.356037 0.465421 -0.024470 -0.028652 0.442216 0.896117
41.200000 1.789751 -7.337606 0.458941 -0.026463 -0.000548 0.556987 0.830099
41.400000 1.510685 -7.287564 0.434386 -0.027332 -0.020224 0.668558 0.742883
41.600000 1.243513 -7.253391 0.378036 -0.009375 -0.037205 0.778040 0.627042
41.800000 0.930053 -7.230937 0.278655 -0.001014 -0.032287 0.872685 0.487214
42.000000 0.654767 -7.243047 0.146156 0.006560 0.030636 0.943555 0.329731
42.200000 0.411081 -7.212660 -0.005203 0.088397 0.018190 0.974620 0.204869
42.600000 0.107779 -7.124490 -0.329413 -0.033808 0.024313 0.977391 0.207299
42.800000 0.007682 -7.086050 -0.436584 -0.036330 0.016281 0.945856 0.322136
43.000000 -0.090909 -7.029725 -0.490122 -0.010106 0.032403 0.892640 0.449491
43.400000 -0.205429 -6.777637 -0.496637 -0.014595 0.035818 0.832195 0.553132
43.800000 -0.218315 -6.386450 -0.408221 -0.034776 0.016126 0.891379 0.451635
44.200000 -0.290704 -5.925589 -0.262108 -0.072323 0.012527 0.961319 0.265479
44.400000 -0.308233 -5.621516 -0.200858 -0.116324 -0.154547 0.963097 0.187160
44.850000 -0.585277 -5.270611 -0.160707 -0.020348 -0.058440 0.995814 0.067268
45.450000 -1.254798 -5.109783 -0.188337 -0.073978 -0.065036 0.994333 -0.039993
45.800000 -1.880830 -5.137837 -0.185823 -0.018962 -0.012287 0.989413 -0.143356
46.200000 -2.512824 -5.226142 -0.224773 -0.028714 -0.012671 0.986587 -0.160190
46.600000 -3.083021 -5.283092 -0.267383 -0.031985 0.038656 0.998738 0.002385
46.800000 -3.366643 -5.302029 -0.281189 -0.031213 0.019916 0.990301 0.133911
47.050000 -3.658622 -5.293602 -0.297728 0.004990 -0.104081 0.965902 0.237013
47.400000 -4.230869 -5.503568 -0.340933 -0.032127 -0.011291 0.998387 0.045436
47.600000 -4.523381 -5.663620 -0.334423 -0.035924 0.109029 0.986274 -0.118681
48.000000 -5.135373 -5.640131 -0.340000 -0.042257 -0.047418 0.976221 -0.207264
48.450000 -5.693354 -5.776176 -0.381016 0.086216 -0.036131 0.912115 -0.399134
48.600000 -5.905568 -5.947304 -0.400773 -0.100843 -0.038135 -0.824081 0.556117
48.800000 -6.049934 -5.997785 -0.439009 -0.031307 0.034810 -0.717191 0.695302
49.000000 -6.151032 -5.993284 -0.455480 0.066622 0.142221 -0.592101 0.790412
49.250000 -6.165897 -6.096636 -0.465470 0.043315 -0.031347 -0.481970 0.874555
49.400000 -6.158259 -6.304010 -0.462553 -0.169225 -0.163666 -0.341661 0.909860
49.600000 -6.232565 -6.344470 -0.441292 -0.175013 -0.016799 -0.236132 0.955683
49.800000 -6.289954 -6.145422 -0.436090 0.074853 0.078302 -0.099777 0.989096
50.050000 -6.224707 -5.966561 -0.410206 0.020168 -0.108638 0.054555 0.992378
50.200000 -6.187651 -5.876302 -0.374883 -0.144054 -0.030800 0.212724 0.965944
50.400000 -6.223758 -5.749141 -0.380100 -0.030593 0.013654 0.384094 0.922686
50.600000 -6.261041 -5.540192 -0.372220 -0.028158 -0.097523 0.528938 0.842568
50.800000 -6.330264 -5.319490 -0.334290 -0.081178 -0.031073 0.638122 0.765013
51.000000 -6.437595 -5.045829 -0.284914 -0.052524 -0.039874 0.721894 0.688854
51.450000 -6.694190 -4.417641 -0.217672 -0.022148 -0.045691 0.816215 0.575513
51.850000 -6.989902 -3.857203 -0.224034 -0.063398 -0.042523 0.844761 0.529670
52.250000 -7.416201 -3.307986 -0.255187 0.002288 -0.007133 0.825913 0.563748
52.650000 -7.789935 -2.742890 -0.277546 0.035446 0.012942 0.776556 0.628917
53.050000 -7.962131 -2.156124 -0.266062 0.038354 -0.054670 0.732599 0.677377
53.400000 -8.109390 -1.699667 -0.329848 -0.034426 0.064524 0.782065 0.618891
53.800000 -8.110069 -1.169708 -0.329229 -0.015577 -0.057771 0.829973 0.554585
54.200000 -8.173498 -0.675834 -0.215610 -0.043698 -0.012794 0.796743 0.602601
54.650000 -8.346767 -0.089933 -0.035135 0.215856 -0.134139 0.692562 0.675108
54.800000 -8.388397 0.128135 0.017543 0.329148 -0.298954 0.612275 0.653764
55.050000 -8.383822 0.043221 -0.101320 0.083789 -0.040571 0.690828 0.717000
55.250000 -8.304206 -0.312371 -0.184063 -0.252661 0.118740 0.656268 0.700982
55.400000 -8.234051 -0.521143 -0.180487 -0.163878 0.043131 0.673621 0.719388
55.650000 -8.229254 -0.526055 -0.212298 0.075886 -0.134776 0.697393 0.699800
55.800000 -8.307120 -0.524557 -0.203230 0.168719 -0.035397 0.691823 0.701186
56.000000 -8.342828 -0.607867 -0.175285 -0.025282 0.090230 0.704307 0.703684
56.200000 -8.280197 -0.648635 -0.122658 -0.120692 -0.011533 0.694229 0.709469
56.400000 -8.233805 -0.571747 -0.081620 -0.026880 -0.095445 0.698880 0.708333
56.800000 -8.312458 -0.531544 -0.104877 0.019438 0.036424 0.701321 0.711649
