0.800000 0.500000 1.000000 1.000000 -0.000000 -0.000000 -0.000000 1.000000
8.600000 0.475431 1.027881 1.038922 -0.147820 -0.147777 0.015690 0.977786
9.050000 0.164283 1.341964 0.944989 -0.001815 0.116377 0.003080 0.993199
9.450000 0.020730 1.720166 0.888500 -0.040026 -0.077885 -0.029511 0.995721
9.850000 -0.297912 2.214480 1.004699 0.096952 -0.017199 -0.102040 0.989895
10.250000 -0.772492 2.479501 1.268486 -0.019286 -0.066661 -0.171302 0.982772
10.650000 -1.307231 2.678463 1.550909 0.052938 0.103923 -0.216547 0.969281
11.250000 -1.734854 2.610047 1.833244 -0.010269 0.036154 -0.262015 0.964331
11.850000 -1.784258 2.384717 1.905937 -0.149877 -0.150391 -0.220274 0.952050
12.050000 -1.818667 2.473934 1.889068 -0.020990 0.079699 -0.236514 0.968126
12.650000 -1.813874 2.838408 1.816838 -0.103611 -0.040228 -0.110104 0.987686
12.850000 -1.867658 3.067906 1.762306 -0.015862 0.028191 -0.052466 0.998099
13.250000 -1.956988 3.588355 1.606174 -0.057365 -0.048047 0.092941 0.992856
13.650000 -2.148037 4.200800 1.366451 0.004840 -0.007022 0.233637 0.972286
14.000000 -2.324523 4.739668 1.117023 0.029329 0.107061 0.334820 0.935721
14.400000 -2.283718 5.360529 0.954859 0.031806 -0.018081 0.388487 0.920728
14.850000 -2.111871 5.941618 0.932683 0.062063 0.068838 0.357181 0.929425
15.200000 -1.796972 6.281646 1.035294 0.057008 0.003577 0.267615 0.961831
15.600000 -1.323871 6.524642 1.266272 0.045697 0.053816 0.137049 0.988045
16.000000 -0.724555 6.626405 1.534970 0.049292 -0.022543 -0.000775 0.998530
16.450000 -0.083774 6.550355 1.719970 0.014899 0.017043 -0.114284 0.993190
16.850000 0.521331 6.386455 1.773192 -0.007529 0.002480 -0.150442 0.988587
17.250000 1.134040 6.189375 1.741334 0.115330 0.011857 -0.107585 0.987413
17.400000 1.358712 6.036730 1.706090 -0.019327 0.003903 -0.076483 0.996876
17.650000 1.740169 5.823723 1.661705 -0.228416 0.008146 -0.010686 0.973471
18.050000 2.360574 5.851180 1.434160 0.099608 -0.012006 0.106635 0.989223
18.450000 2.975288 5.780535 1.206509 0.086652 -0.019165 0.194647 0.976850
18.850000 3.588797 5.544682 1.101500 -0.189177 0.058041 0.229077 0.953083
19.200000 4.137412 5.629075 1.002044 0.073214 -0.068060 0.255028 0.961753
19.600000 4.718847 5.723841 0.969407 -0.121635 0.087421 0.217361 0.964529
19.800000 5.047095 5.842881 0.956246 -0.046285 -0.063881 0.154219 0.984882
20.000000 5.329543 6.006379 0.949119 0.124800 -0.177323 0.024106 0.975910
20.200000 5.498971 6.091210 0.924615 0.021407 0.058731 -0.103221 0.992692
20.400000 5.673253 6.136998 0.907398 -0.022077 -0.015129 -0.276901 0.960526
20.600000 5.850019 6.195776 0.898642 0.071288 -0.092426 -0.445044 0.887869
20.800000 5.953082 6.242588 0.886035 0.083065 0.013982 -0.596583 0.798119
21.000000 6.016000 6.236668 0.872386 0.066141 0.015239 -0.728707 0.681453
21.200000 6.046575 6.185560 0.863908 0.059521 -0.063501 -0.825354 0.557867
21.400000 6.017611 6.139963 0.859070 0.033489 -0.083333 -0.893005 0.440995
21.600000 5.933874 6.136586 0.853246 0.002334 -0.034356 -0.939613 0.340501
22.000000 5.738281 6.187348 0.866879 0.050990 -0.002530 -0.978515 0.199754
22.600000 5.172607 6.301026 0.927947 0.026965 -0.003735 -0.986311 0.162630
23.000000 4.619488 6.397797 0.975811 0.030197 0.025674 -0.971359 0.234288
23.400000 4.008913 6.400000 1.021776 0.007493 0.060507 -0.931568 0.358418
23.800000 3.426325 6.228805 1.138540 -0.003665 0.051249 -0.864341 0.500274
24.200000 2.950051 5.909684 1.372924 -0.026401 0.065591 -0.775940 0.626832
24.650000 2.632915 5.396830 1.669239 0.017059 0.075397 -0.670456 0.737911
25.050000 2.513324 4.763635 1.821818 -0.040447 0.054805 -0.576663 0.814138
25.450000 2.570261 4.104113 1.824670 -0.024410 0.034699 -0.489744 0.870833
25.850000 2.783399 3.460944 1.698981 -0.112899 0.034944 -0.392960 0.911929
26.250000 3.178815 3.000228 1.439285 0.010169 0.005935 -0.271348 0.962409
26.650000 3.607370 2.609213 1.093727 -0.100051 0.032577 -0.077160 0.991451
26.850000 3.832708 2.495881 0.979696 -0.052555 0.124153 0.021155 0.990644
27.250000 4.450162 2.386343 0.884350 -0.058709 -0.212431 0.189838 0.956759
27.600000 4.662639 2.316324 0.895147 0.014301 0.110277 0.248633 0.962193
28.050000 5.050946 2.250647 0.965238 0.004986 -0.120807 0.209327 0.970342
28.450000 5.271834 2.139690 1.005015 0.056001 0.026215 -0.002798 0.998083
28.600000 5.369050 2.068652 1.022405 0.109465 -0.024033 -0.113996 0.987140
28.800000 5.475979 1.908059 1.045564 0.059568 -0.083317 -0.269324 0.957588
29.050000 5.509187 1.671284 1.075231 -0.031953 -0.098631 -0.444064 0.889976
29.200000 5.479133 1.562870 1.093472 -0.029997 -0.008473 -0.537522 0.842673
29.450000 5.422600 1.409768 1.132017 0.048844 -0.020070 -0.681323 0.730076
29.650000 5.347942 1.275496 1.169513 0.071453 -0.070744 -0.782701 0.614222
29.800000 5.246530 1.175342 1.195694 0.032095 -0.008722 -0.851776 0.522849
30.000000 5.089114 1.032714 1.226373 -0.039135 0.121756 -0.904250 0.407402
30.450000 4.953519 0.484152 1.268392 -0.035773 0.014289 -0.937706 0.345288
30.850000 5.016229 -0.086388 1.283631 -0.024414 0.043903 -0.891817 0.449597
31.250000 5.189224 -0.701294 1.271986 -0.036158 -0.004901 -0.805897 0.590930
31.650000 5.460036 -1.294580 1.252936 0.061735 -0.021377 -0.729252 0.681119
32.050000 5.654501 -1.916046 1.210048 -0.118926 0.053706 -0.703686 0.698426
32.250000 5.795060 -2.210263 1.155113 -0.125252 0.086756 -0.701682 0.696008
32.400000 5.975373 -2.413814 1.091287 -0.029996 0.111119 -0.711261 0.693441
32.600000 6.268364 -2.719268 1.018531 0.193713 -0.105364 -0.697006 0.682317
33.050000 6.409680 -3.458782 0.911032 -0.122458 -0.127983 -0.807216 0.563051
33.200000 6.386379 -3.581524 0.881463 -0.100699 0.057706 -0.857833 0.500651
33.400000 6.418411 -3.726226 0.859207 0.074150 0.081017 -0.916773 0.384012
33.600000 6.437694 -3.938882 0.855468 0.143465 -0.051995 -0.945942 0.286196
33.800000 6.350312 -4.161267 0.856644 0.038651 -0.158631 -0.956543 0.241595
34.200000 6.046705 -4.320207 0.876808 -0.025381 0.004238 -0.947802 0.317818
34.600000 5.738385 -4.355583 0.943059 0.062328 -0.050874 -0.899527 0.429392
35.000000 5.260832 -4.328578 1.002573 -0.064757 0.043237 -0.848439 0.523535
35.450000 4.895617 -4.311635 1.046620 0.027685 0.040253 -0.766854 0.639960
35.800000 4.677731 -4.430109 1.056106 -0.015951 0.063658 -0.677713 0.732392
36.250000 4.582498 -4.734802 1.059427 0.058580 0.054977 -0.553641 0.828871
36.800000 4.622507 -5.387115 1.118940 0.000788 0.024021 -0.488606 0.872173
37.250000 4.651618 -5.930253 1.232321 -0.010668 -0.146643 -0.464393 0.873339
37.400000 4.577219 -6.074216 1.280717 -0.124374 -0.023083 -0.436276 0.890877
37.600000 4.501999 -6.185335 1.362343 -0.123641 0.181168 -0.391206 0.893783
37.850000 4.618373 -6.263491 1.448330 0.001772 0.032964 -0.253141 0.966866
38.050000 4.761824 -6.325317 1.518356 -0.007851 -0.217484 -0.119217 0.968724
38.200000 4.784182 -6.359999 1.560317 -0.059277 -0.135721 -0.044813 0.987956
38.400000 4.729547 -6.369412 1.593961 -0.010906 0.065252 -0.036917 0.997126
38.800000 4.656968 -6.363781 1.614318 0.049640 -0.183576 -0.310536 0.931345
39.000000 4.504396 -6.358383 1.576721 -0.011039 -0.041201 -0.523153 0.851171
39.250000 4.259070 -6.319061 1.499654 -0.016002 0.001360 -0.767551 0.640787
39.400000 4.119205 -6.284185 1.442642 0.055835 0.024816 -0.876292 0.477890
39.650000 3.844049 -6.266500 1.344068 0.111131 -0.000034 -0.973062 0.201992
39.800000 3.621424 -6.275510 1.283722 0.062337 -0.031301 -0.994650 0.076191
40.000000 3.280434 -6.272149 1.213484 -0.044939 -0.040767 -0.997750 -0.028508
40.450000 2.626196 -6.204930 1.100031 -0.032505 -0.031767 0.997731 0.049674
40.850000 2.033909 -6.209418 1.085876 0.003964 -0.029843 -0.999072 0.030783
41.200000 1.483367 -6.178991 1.110891 -0.019752 0.003962 -0.998072 0.058711
41.400000 1.185101 -6.153427 1.091451 -0.012162 -0.090165 -0.995340 0.031961
41.600000 0.894837 -6.064054 1.102348 -0.009520 -0.029346 0.999116 0.028552
41.800000 0.599774 -5.991762 1.152277 0.072321 -0.131763 0.984936 0.085493
42.200000 0.164310 -6.103047 1.209013 0.082932 0.050654 0.982765 0.157255
43.000000 -0.080533 -6.320518 1.197724 0.071590 0.048333 0.935804 0.341773
43.200000 -0.029569 -6.362544 1.181784 0.032422 0.082578 0.891401 0.444448
43.400000 0.074743 -6.362706 1.162215 -0.003777 0.066484 0.832728 0.549663
43.650000 0.246571 -6.300558 1.136110 -0.000241 0.041864 0.751858 0.657995
44.000000 0.540923 -6.138074 1.102764 -0.005660 0.036947 0.677009 0.735025
44.600000 1.062709 -5.698128 1.060548 -0.062212 -0.021742 0.723127 0.687564
45.000000 1.218999 -5.306509 1.035912 -0.039610 -0.019707 0.826347 0.561420
45.400000 1.223613 -4.889377 1.015276 -0.018492 -0.008266 0.916775 0.398891
45.800000 1.140512 -4.480282 1.003647 -0.035848 -0.020077 0.960672 0.274630
46.450000 0.681293 -3.975941 1.009908 -0.037641 -0.063413 0.992058 0.101900
46.800000 0.252580 -3.898250 1.053217 -0.030822 0.046081 -0.998108 0.026578
47.250000 -0.217389 -3.953175 1.231004 0.094887 -0.027799 -0.985595 0.137205
47.600000 -0.697907 -3.981952 1.372347 0.064475 -0.023695 -0.993383 0.092044
47.800000 -1.043905 -3.984578 1.393300 -0.054999 -0.026070 -0.997226 0.042842
48.250000 -1.704975 -3.944042 1.397037 0.041478 0.023483 -0.998862 0.001845
48.650000 -2.314091 -3.956559 1.312748 -0.012034 0.033974 -0.998401 0.043544
49.000000 -2.856397 -4.029981 1.131702 0.012159 -0.033228 -0.987712 0.152229
49.400000 -3.485752 -4.068012 0.989421 -0.017093 0.051771 -0.971078 0.232454
49.800000 -4.080101 -4.217833 1.011699 0.007166 -0.010689 -0.890612 0.454583
50.000000 -4.381919 -4.338718 1.087855 -0.083487 -0.134467 -0.832261 0.531310
50.400000 -4.949520 -4.263304 1.314482 -0.137991 0.103690 -0.886882 0.428540
50.650000 -5.132460 -4.192099 1.395461 -0.050616 0.115681 -0.956331 0.263603
50.800000 -5.187702 -4.202425 1.420223 -0.008986 0.007475 -0.982001 0.188515
51.400000 -5.273522 -4.192761 1.478495 -0.046182 0.088123 -0.895228 0.434360
51.650000 -5.168705 -4.221982 1.471983 0.033206 0.095044 -0.779004 0.618884
51.800000 -5.080444 -4.290617 1.458458 0.047046 0.067201 -0.713679 0.695653
52.200000 -4.826007 -4.595311 1.393943 -0.013958 -0.014668 -0.670511 0.741623
52.650000 -4.588716 -4.970551 1.295594 0.089859 -0.014201 -0.819025 0.566499
52.850000 -4.565361 -5.187799 1.248821 0.054694 -0.028751 -0.901166 0.429047
53.000000 -4.583061 -5.353545 1.215376 0.024279 -0.020870 -0.949877 0.310980
53.200000 -4.629583 -5.568281 1.175475 0.015668 0.005666 -0.988573 0.149820
53.400000 -4.687133 -5.782425 1.139582 -0.004800 -0.040097 -0.999158 -0.007202
53.600000 -4.743039 -5.969391 1.110763 -0.000958 0.072792 0.985452 0.153572
53.800000 -4.791667 -6.102207 1.091772 -0.005090 0.076234 0.956063 0.283029
54.000000 -4.827346 -6.176412 1.081671 0.003204 0.055827 0.914264 0.401241
54.200000 -4.843600 -6.207405 1.077308 0.006131 0.045912 0.862270 0.504326
54.400000 -4.837866 -6.207213 1.076605 -0.010611 0.053118 0.803150 0.593310
54.600000 -4.813151 -6.169463 1.077832 -0.031616 0.059539 0.738485 0.670891
54.800000 -4.774949 -6.082250 1.078841 -0.035895 0.048652 0.670554 0.739393
55.200000 -4.668462 -5.776734 1.078999 -0.025080 0.038378 0.529478 0.847084
55.600000 -4.505995 -5.336008 1.079398 -0.001076 0.033933 0.390109 0.920142
56.000000 -4.279818 -4.827158 1.071051 0.005234 -0.007064 0.261885 0.965059
56.400000 -4.008657 -4.365319 1.049342 0.076072 0.067410 0.155634 0.982571
56.800000 -3.554733 -4.077618 1.031390 0.046338 0.003063 0.065856 0.996748
57.200000 -3.028633 -3.937420 1.051520 0.045120 0.029569 0.004957 0.998531
57.600000 -2.412278 -3.945232 1.106147 0.010952 -0.006876 -0.034664 0.999315
58.050000 -1.731013 -4.012880 1.184820 -0.005611 0.003563 -0.052247 0.998612
58.400000 -1.193502 -4.050575 1.260963 -0.011494 -0.001796 -0.052095 0.998574
58.800000 -0.577488 -4.063972 1.364713 -0.001567 0.001683 -0.041627 0.999130
59.250000 0.117437 -4.068558 1.498858 -0.002413 -0.049244 -0.035911 0.998138
59.400000 0.331433 -4.070327 1.543707 -0.000450 -0.135756 -0.044578 0.989739
59.800000 0.675511 -4.062653 1.622886 0.000371 0.032650 -0.114995 0.992829
60.000000 0.825777 -4.058041 1.648836 0.012043 -0.101319 -0.189285 0.976607
60.200000 0.916394 -4.049475 1.663137 0.023458 -0.108081 -0.287486 0.951378
60.450000 0.925396 -4.030248 1.653524 0.000665 0.006578 -0.427373 0.904051
60.600000 0.922677 -4.018610 1.640761 0.032982 -0.017679 -0.518071 0.854519
60.800000 0.897078 -4.014400 1.615645 0.074188 -0.062087 -0.636863 0.764883
61.050000 0.773041 -4.026070 1.568197 0.048177 -0.043779 -0.776064 0.627285
61.250000 0.611784 -4.035837 1.521512 0.027475 -0.011768 -0.866475 0.498326
61.400000 0.471989 -4.043833 1.484705 0.035875 -0.000064 -0.917569 0.395954
61.600000 0.262236 -4.063330 1.433915 0.060077 0.000032 -0.963673 0.260239
61.800000 0.010188 -4.094505 1.375628 0.066708 -0.008097 -0.988676 0.134180
62.000000 -0.291610 -4.127593 1.310727 0.022442 -0.018979 -0.999267 0.024516
62.400000 -0.927251 -4.157971 1.213174 0.013272 0.009555 0.990792 0.134401
62.800000 -1.534287 -4.154648 1.218911 -0.020772 0.005978 0.973194 0.228969
63.250000 -2.264382 -4.110029 1.346163 0.000001 0.019848 0.954057 0.298969
63.650000 -2.894217 -3.994376 1.508089 -0.020398 0.071853 0.937440 0.340041
64.000000 -3.430150 -3.737872 1.601188 -0.017841 0.042847 0.927371 0.371254
64.450000 -4.116460 -3.241466 1.589094 -0.014068 0.059408 0.900138 0.431305
64.800000 -4.605756 -2.729226 1.451604 0.060092 0.048967 0.842657 0.532841
65.000000 -4.822218 -2.408286 1.335795 0.041376 -0.011667 0.782426 0.621257
65.450000 -5.327786 -1.798985 1.071439 -0.008277 -0.058128 0.678887 0.731892
65.600000 -5.556036 -1.639605 1.023831 0.043321 0.024591 0.675651 0.735537
66.000000 -6.000764 -1.272602 0.993571 0.094296 0.030617 0.719129 0.687768
66.450000 -6.188838 -0.939777 0.981203 -0.073139 0.105707 0.852240 0.507113
66.800000 -6.312483 -0.472577 0.967181 0.074083 0.047688 0.883040 0.460953
67.200000 -6.267658 0.134037 0.937727 -0.004208 -0.001330 0.833545 0.552434
67.650000 -6.216985 0.805924 0.904004 -0.043463 -0.032721 0.697184 0.714825
68.000000 -6.321383 1.340647 0.951141 0.006426 0.029158 0.590601 0.806411
68.400000 -6.368871 1.980885 1.056867 0.011706 0.018715 0.538380 0.842413
68.850000 -6.342644 2.607373 1.177639 0.107307 -0.070109 0.473498 0.871418
69.200000 -6.357688 2.807777 1.228285 0.026277 0.010370 0.410515 0.911416
69.600000 -6.343323 2.875545 1.252910 0.085654 -0.046069 0.298537 0.949430
70.000000 -6.353985 2.717481 1.243710 0.035178 0.004687 0.187858 0.981555
70.450000 -6.346367 2.345713 1.210984 0.051510 -0.006237 0.062048 0.996724
70.850000 -6.342188 1.833912 1.166276 0.034155 0.015579 -0.033732 0.998726
71.200000 -6.308939 1.298920 1.124909 0.016395 0.013254 -0.098302 0.994933
71.600000 -6.243675 0.630951 1.074144 -0.001676 -0.007472 -0.136010 0.990678
72.000000 -6.189355 -0.031103 1.024283 -0.020503 0.020478 -0.127359 0.991433
72.400000 -6.088089 -0.641213 0.986746 -0.040900 0.021541 -0.074877 0.996121
73.050000 -5.733974 -1.355470 0.957525 -0.052690 0.030795 0.076538 0.995197
73.450000 -5.404801 -1.569199 0.953322 -0.052943 0.014910 0.194711 0.979317
73.800000 -5.096409 -1.608979 0.953456 -0.052613 0.009721 0.306328 0.950421
74.200000 -4.775393 -1.505306 0.955142 -0.021710 -0.099905 0.430928 0.896576
74.650000 -4.598186 -1.340646 0.952483 -0.042730 0.070646 0.552837 0.829189
75.000000 -4.418498 -1.058657 0.950077 -0.039869 -0.033779 0.629287 0.775414
75.600000 -4.286015 -0.563831 0.977869 -0.037224 0.032237 0.705593 0.706904
76.200000 -4.281700 0.067420 1.023444 -0.008570 0.031292 0.720080 0.693132
76.650000 -4.313109 0.705740 1.054857 -0.017239 0.005369 0.700314 0.713607
77.000000 -4.341079 1.270030 1.073482 -0.004756 0.016515 0.666906 0.744944
77.400000 -4.360407 1.947218 1.075815 0.007261 -0.001075 0.617617 0.786445
77.800000 -4.364929 2.606586 1.056576 0.026727 -0.013154 0.576857 0.816302
78.200000 -4.357491 3.167852 1.031490 0.045908 -0.038041 0.582230 0.810835
78.600000 -4.353813 3.597279 1.017052 -0.043702 0.098436 0.668681 0.735708
79.000000 -4.270169 4.164254 1.024103 0.090906 -0.021640 0.811187 0.577272
79.200000 -4.190958 4.412910 1.016079 -0.086865 -0.198717 0.859500 0.462845
79.450000 -4.215771 4.573527 1.000650 0.186275 -0.098531 0.920612 0.328736
79.650000 -4.180730 4.585821 0.996958 0.191440 0.059615 0.933672 0.296736
79.850000 -3.987607 4.571949 0.982791 0.045491 0.083325 0.947606 0.305009
80.050000 -3.728134 4.605067 0.969986 -0.072659 -0.027836 0.933418 0.350252
80.400000 -3.379871 4.647537 0.953331 0.047001 0.021131 0.881200 0.469926
80.800000 -2.935664 4.712888 0.951182 -0.119347 0.058286 0.811665 0.568822
81.200000 -2.624853 5.050478 0.976945 -0.005979 -0.044905 0.811245 0.582949
81.600000 -2.468424 5.388682 1.030779 -0.050402 0.022849 0.869820 0.490256
82.050000 -2.431426 5.855892 1.121140 -0.067409 -0.067866 0.948397 0.302312
82.450000 -2.657664 6.182265 1.245140 -0.040222 -0.027357 0.989692 0.134698
82.850000 -3.037879 6.415961 1.381337 0.093819 -0.104981 0.989950 0.013229
83.000000 -3.164123 6.448199 1.428343 -0.516831 0.194438 -0.831216 0.064498
83.200000 -3.059853 6.406691 1.328525 -0.261427 0.039440 -0.962074 0.067183
83.400000 -2.676156 6.329596 1.308243 -0.291754 0.047272 0.954389 -0.042268
83.650000 -2.473047 6.275227 1.410257 -0.352235 0.100008 0.929835 -0.036546
84.000000 -2.788090 6.337057 1.358141 -0.162361 0.034865 -0.986082 0.008124
84.200000 -2.931764 6.372662 1.372182 -0.273370 0.067629 -0.959404 0.015471
84.450000 -2.866007 6.363120 1.348895 -0.049453 0.008359 0.998735 -0.003530
84.650000 -2.795812 6.350348 1.349973 -0.151526 0.029799 0.987994 -0.004406
85.050000 -2.902340 6.369950 1.345297 -0.097324 0.016767 -0.995111 0.000857
85.600000 -2.860981 6.364704 1.344437 -0.057779 0.007965 0.998297 0.000753
