0.800000 0.500000 1.000000 1.000000 -0.000000 -0.000000 -0.000000 1.000000
8.600000 0.491396 1.010110 1.030323 -0.174437 -0.154890 0.016933 0.972262
9.050000 0.144872 1.356471 0.965103 0.193588 0.212866 0.029661 0.957252
9.200000 0.071865 1.430375 0.914641 -0.002077 -0.064398 0.006796 0.997899
9.450000 -0.105923 1.540673 0.880286 0.028649 -0.111859 0.017312 0.993160
9.650000 -0.372729 1.623137 0.913559 0.112955 0.051335 0.016345 0.992138
9.850000 -0.612882 1.620072 0.996179 0.011386 0.136019 0.013817 0.990544
10.000000 -0.724083 1.598662 1.073527 0.003648 -0.005186 0.004091 0.999971
10.250000 -0.911918 1.549264 1.232494 0.089433 -0.073176 -0.003568 0.993295
10.650000 -1.311337 1.309471 1.450834 -0.037696 0.063932 -0.001390 0.997241
11.050000 -1.588887 1.052648 1.602666 0.146982 -0.028676 -0.011899 0.988652
11.450000 -1.860329 0.556151 1.751180 -0.085160 0.170821 -0.007204 0.981588
11.850000 -1.847434 0.169762 1.875501 -0.047231 -0.069655 0.090138 0.992367
12.050000 -1.864871 0.025704 1.921576 -0.069983 0.063574 0.163771 0.981957
12.450000 -1.808650 -0.109368 1.952521 -0.068800 0.001878 0.364288 0.928739
12.650000 -1.764179 -0.108980 1.941079 -0.045679 -0.007778 0.460871 0.886257
12.800000 -1.745235 -0.086639 1.921456 -0.028715 0.011630 0.526189 0.849803
13.200000 -1.693639 0.065362 1.835332 -0.060702 0.051297 0.657789 0.748998
13.600000 -1.644467 0.424412 1.717442 -0.030726 0.009581 0.733358 0.679081
14.250000 -1.647981 1.267254 1.515192 -0.026637 0.003725 0.775481 0.630798
14.650000 -1.703243 1.899249 1.400092 -0.005104 -0.004297 0.783262 0.621656
15.050000 -1.785518 2.528023 1.346924 0.002159 -0.005754 0.796054 0.605195
15.450000 -1.873893 3.142542 1.374463 -0.004749 0.002075 0.827089 0.562047
15.800000 -1.954628 3.687053 1.426172 -0.008401 -0.014783 0.875272 0.483332
16.250000 -2.130375 4.374470 1.452576 -0.016567 -0.004070 0.961393 0.274648
16.650000 -2.333438 4.983265 1.446993 -0.039050 0.003812 0.983194 0.178295
17.000000 -2.499887 5.517261 1.379806 0.113638 0.032323 0.965854 0.230582
17.450000 -2.515929 6.194014 1.238222 -0.095537 -0.094708 0.984156 0.115495
17.650000 -2.590518 6.426406 1.241723 0.105958 0.072516 -0.991720 -0.002441
17.800000 -2.708142 6.558023 1.263126 0.059565 0.068707 -0.992337 0.083651
18.450000 -3.414052 6.723678 1.488273 0.040833 0.016683 -0.980292 0.192566
18.800000 -3.885260 6.657036 1.627773 0.022137 0.002854 -0.986760 0.160644
19.200000 -4.484543 6.559659 1.751467 -0.013263 -0.008312 -0.997873 0.063274
19.600000 -5.051771 6.477316 1.802396 0.064544 0.011532 0.989300 0.130328
19.800000 -5.272519 6.441691 1.800304 0.059173 0.022213 0.963086 0.261669
20.000000 -5.444564 6.410604 1.786306 0.045437 0.037242 0.913192 0.403273
20.250000 -5.597373 6.386719 1.759180 0.039561 0.041760 0.815541 0.575833
20.400000 -5.655824 6.379901 1.739986 0.039957 0.043246 0.738854 0.671288
20.600000 -5.693746 6.374789 1.712692 0.034036 0.047325 0.620215 0.782263
20.850000 -5.676702 6.372025 1.678265 0.019633 0.053596 0.454841 0.888741
21.000000 -5.632432 6.373899 1.658679 0.011729 0.053750 0.351469 0.934582
21.200000 -5.535344 6.381714 1.635433 0.006153 0.054272 0.215056 0.975073
21.450000 -5.352886 6.398098 1.612267 -0.001335 0.056138 0.053920 0.996965
21.600000 -5.210153 6.410647 1.601763 -0.006807 0.052554 -0.035551 0.997962
21.800000 -4.983245 6.430594 1.591043 -0.004997 0.041383 -0.143486 0.988774
22.200000 -4.436103 6.467821 1.567908 0.004565 0.020117 -0.327024 0.944791
22.600000 -3.833759 6.469781 1.543870 0.028076 0.000496 -0.475044 0.879514
23.000000 -3.271120 6.392805 1.530326 0.059284 -0.014180 -0.598323 0.798933
23.400000 -2.845431 6.199144 1.521164 0.063222 -0.011965 -0.702914 0.708358
23.850000 -2.566653 5.840261 1.502954 0.062561 -0.007792 -0.798167 0.599129
24.250000 -2.497864 5.428165 1.473701 0.039363 -0.044798 -0.862365 0.502762
24.850000 -2.720040 4.874865 1.409635 0.048063 -0.044775 -0.917591 0.392062
25.450000 -3.322049 4.495821 1.312429 0.018349 -0.004094 -0.916263 0.400135
25.800000 -3.749546 4.305094 1.236258 -0.016358 0.035847 -0.868988 0.493263
26.200000 -4.145465 4.032629 1.120417 -0.006694 0.124036 -0.751196 0.648286
26.400000 -4.252672 3.837073 1.058466 0.045569 0.091359 -0.668942 0.736270
26.650000 -4.340479 3.490406 0.984841 -0.000524 0.013085 -0.564251 0.825500
27.000000 -4.427136 2.974177 0.917997 -0.017724 0.071442 -0.472101 0.878466
27.400000 -4.389657 2.360598 0.882976 -0.001443 -0.019467 -0.466343 0.884389
27.800000 -4.363152 1.771196 0.894289 -0.098601 -0.058880 -0.453635 0.883757
28.600000 -4.388527 1.408556 0.959226 -0.071093 0.000467 -0.320511 0.944573
29.000000 -4.381780 1.564716 0.996808 0.011679 -0.005128 -0.213154 0.976935
29.200000 -4.375246 1.654321 1.026772 0.169454 0.042009 -0.169346 0.969970
29.600000 -4.352309 1.566772 1.076105 -0.013935 -0.024190 -0.200232 0.979351
30.000000 -4.354885 1.413538 1.146893 0.085711 0.038114 -0.319023 0.943094
30.400000 -4.351865 1.053717 1.217511 0.026726 0.006356 -0.480976 0.876303
30.800000 -4.360490 0.580463 1.286472 0.034893 0.045148 -0.610806 0.789721
31.250000 -4.346205 -0.113451 1.344396 0.000444 -0.014387 -0.740025 0.672425
31.600000 -4.355703 -0.653432 1.373392 0.008297 -0.004468 -0.803380 0.595392
32.000000 -4.406212 -1.266745 1.355867 0.052625 -0.029929 -0.884745 0.462127
32.250000 -4.520708 -1.646805 1.336672 0.067765 -0.022790 -0.950245 0.303189
32.400000 -4.632250 -1.872897 1.317904 0.047417 -0.020115 -0.981821 0.182688
32.650000 -4.865426 -2.236729 1.259524 -0.038205 0.049129 0.997461 0.034609
32.800000 -5.027194 -2.431960 1.210664 -0.049656 0.062426 0.983424 0.162832
33.000000 -5.265926 -2.644207 1.138825 -0.012608 0.089432 0.943380 0.319181
33.200000 -5.497731 -2.789807 1.069593 0.046102 0.075324 0.892497 0.442324
33.400000 -5.680113 -2.894031 1.007833 -0.000341 0.020223 0.852556 0.522245
34.000000 -6.200853 -3.038968 0.894572 0.025044 0.099433 0.799249 0.592188
34.850000 -6.423977 -2.531229 1.185378 0.018646 0.073503 0.720625 0.689166
35.200000 -6.315545 -2.132568 1.473134 -0.017789 0.014740 0.644304 0.764420
35.400000 -6.238599 -1.872079 1.635638 -0.053025 -0.200970 0.595206 0.776227
35.650000 -6.286330 -1.615855 1.767878 0.129086 -0.027258 0.541208 0.830474
35.850000 -6.326713 -1.494520 1.837210 -0.056866 0.244000 0.513584 0.820647
36.000000 -6.280123 -1.353497 1.870046 -0.218937 0.219835 0.466938 0.828075
36.200000 -6.168275 -1.005795 1.843567 0.026860 -0.135891 0.475876 0.868536
36.450000 -6.127210 -0.633847 1.825052 0.215201 -0.198371 0.376871 0.878809
36.600000 -6.161340 -0.566768 1.776481 0.176812 0.005697 0.387248 0.904845
36.800000 -6.167859 -0.581210 1.701342 -0.060627 0.126278 0.349972 0.926228
37.050000 -6.097348 -0.532895 1.613528 -0.009115 -0.143726 0.279361 0.949324
37.200000 -6.109846 -0.495551 1.564805 0.188287 -0.090432 0.213274 0.954402
37.400000 -6.160949 -0.558292 1.491809 0.093880 0.122404 0.161351 0.974767
37.650000 -6.107667 -0.713888 1.412589 -0.169828 -0.014474 0.090295 0.981222
37.800000 -6.055200 -0.733821 1.374977 -0.160951 -0.132809 0.083032 0.974455
38.050000 -6.078168 -0.645280 1.303532 0.151854 0.034111 0.071870 0.985196
38.250000 -6.092826 -0.645224 1.269023 0.173631 0.063349 0.104885 0.977158
38.400000 -6.064411 -0.729481 1.228994 0.020494 -0.001276 0.127330 0.991648
38.650000 -6.019708 -0.869192 1.177032 -0.181960 -0.024424 0.165176 0.969026
39.000000 -6.051525 -0.760863 1.090586 0.028697 0.004182 0.234961 0.971572
39.400000 -6.092773 -0.541770 1.007030 -0.085169 0.034550 0.349637 0.932366
39.800000 -6.124556 -0.131332 0.932023 -0.013158 0.007126 0.509092 0.860582
40.250000 -6.162431 0.483467 0.848236 -0.019491 -0.005533 0.674207 0.738264
40.600000 -6.210876 1.014605 0.839257 -0.000295 -0.026100 0.745455 0.666045
41.000000 -6.298596 1.596338 0.874517 -0.004635 0.034657 0.740709 0.670915
41.400000 -6.349720 2.244051 0.932415 0.090219 -0.063468 0.648033 0.753582
41.800000 -6.349578 2.647533 0.994624 0.046734 -0.027082 0.520702 0.852028
42.200000 -6.346660 2.842746 1.061014 0.086397 -0.042820 0.375922 0.921620
42.600000 -6.351096 2.804956 1.115357 0.051493 -0.006065 0.242963 0.968649
43.000000 -6.347073 2.567297 1.154094 0.067787 -0.007224 0.122433 0.990133
43.400000 -6.335346 2.133679 1.170946 0.043337 0.008058 0.021701 0.998792
43.800000 -6.292200 1.565364 1.170705 0.019820 0.021573 -0.056151 0.997992
44.200000 -6.209096 0.926194 1.161570 0.002655 -0.019419 -0.105626 0.994213
44.600000 -6.167221 0.276876 1.153469 -0.009072 -0.008630 -0.123111 0.992314
45.000000 -6.144651 -0.339627 1.159876 -0.030289 0.020017 -0.084125 0.995794
45.450000 -6.035462 -0.917368 1.194977 -0.052074 0.043223 -0.022334 0.997457
46.050000 -5.632778 -1.376202 1.253415 -0.049878 0.029588 0.079580 0.995140
46.600000 -5.111132 -1.506213 1.279943 0.096629 -0.037230 0.151563 0.983008
47.200000 -4.625948 -1.959832 1.258205 0.045612 -0.047431 0.054736 0.996330
47.650000 -4.419732 -2.513502 1.229959 0.027284 -0.024287 -0.185133 0.982034
47.850000 -4.374088 -2.811170 1.210341 0.021559 -0.022089 -0.309494 0.950400
48.050000 -4.350372 -3.119835 1.187506 0.018309 -0.020379 -0.429696 0.902558
48.250000 -4.347071 -3.435278 1.163278 0.011165 -0.021982 -0.537856 0.842676
48.400000 -4.358391 -3.670779 1.158900 -0.020148 -0.047402 -0.609636 0.791006
48.600000 -4.387265 -3.960709 1.147683 -0.030012 0.025377 -0.694519 0.718400
48.850000 -4.393952 -4.317376 1.091610 0.029484 0.026937 -0.779283 0.625398
49.200000 -4.416036 -4.875919 1.014826 0.025805 -0.044753 -0.876126 0.479306
49.450000 -4.493350 -5.257711 0.992173 -0.016120 -0.009287 -0.939389 0.342349
49.600000 -4.538212 -5.474697 1.001285 0.014380 -0.000929 -0.968494 0.248620
49.800000 -4.614608 -5.755226 1.052685 0.089975 -0.084366 -0.983639 0.131307
50.250000 -5.015316 -6.211826 1.232467 -0.108361 -0.079188 -0.990405 -0.032934
51.000000 -5.231045 -6.467544 1.412026 0.016307 0.058612 0.982137 0.178058
51.400000 -5.174796 -6.371727 1.389314 0.033717 0.094954 0.927026 0.361207
51.600000 -5.068846 -6.239593 1.349658 -0.016703 0.063524 0.878943 0.472382
51.800000 -4.946426 -6.057894 1.300374 -0.035025 0.028240 0.806451 0.589587
52.000000 -4.829505 -5.841159 1.245669 -0.014699 0.025729 0.713501 0.700028
52.200000 -4.708979 -5.598897 1.189307 -0.021692 0.042996 0.604567 0.795097
52.450000 -4.537189 -5.255296 1.119461 0.005117 0.013969 0.458655 0.888490
52.600000 -4.423087 -5.041387 1.080784 0.033237 0.009627 0.370836 0.928053
52.850000 -4.218110 -4.711185 1.027640 0.011154 -0.082787 0.233687 0.968717
53.000000 -4.120168 -4.534940 1.011039 0.059070 -0.005635 0.165989 0.984341
53.200000 -3.984087 -4.342617 1.031273 0.058936 0.132499 0.095192 0.984840
53.400000 -3.759441 -4.187965 1.072927 -0.023888 -0.115038 0.053827 0.991614
53.600000 -3.592657 -4.026109 1.136763 -0.030910 -0.192911 0.033711 0.980150
53.800000 -3.571032 -3.849128 1.192927 0.115658 0.087114 0.037250 0.988760
54.000000 -3.514504 -3.738676 1.262873 0.174633 0.253422 0.081444 0.947970
54.250000 -3.199266 -3.751149 1.268428 0.006176 0.001965 0.062368 0.998032
54.400000 -2.960444 -3.787695 1.270473 -0.014389 -0.108676 0.076777 0.991003
54.850000 -2.371730 -3.921265 1.242990 0.042787 0.112736 0.139097 0.982910
55.050000 -2.022491 -4.018745 1.208061 -0.047838 -0.066416 0.161189 0.983523
55.450000 -1.438228 -4.174398 1.207761 -0.008346 0.036381 0.206873 0.977655
55.800000 -0.977192 -4.271124 1.208617 -0.105189 -0.154519 0.299393 0.935640
56.050000 -0.828658 -4.272347 1.200560 0.017822 -0.033170 0.367378 0.929309
56.400000 -0.710801 -4.296540 1.207219 -0.060246 -0.046619 0.458453 0.885448
56.800000 -0.742785 -4.272555 1.233388 0.005660 -0.034487 0.576013 0.816693
57.000000 -0.813533 -4.268754 1.257287 0.183347 0.207506 0.600716 0.749977
57.200000 -0.720794 -4.274552 1.253968 0.013350 0.115431 0.656163 0.745619
57.400000 -0.526127 -4.245772 1.228612 -0.051820 -0.024677 0.650580 0.757265
57.650000 -0.322485 -4.183465 1.193806 0.044455 -0.060744 0.597331 0.798454
57.850000 -0.196848 -4.186698 1.162976 0.039759 0.055984 0.512798 0.855759
58.050000 -0.024978 -4.201715 1.138057 -0.027067 0.072249 0.391130 0.917096
58.200000 0.136095 -4.188913 1.121065 -0.015772 -0.032013 0.280322 0.959242
58.450000 0.379945 -4.164729 1.108906 0.055362 -0.015915 0.064336 0.996264
58.650000 0.554444 -4.184787 1.107082 0.012691 0.023377 -0.115946 0.992899
58.800000 0.693570 -4.213202 1.109362 -0.001795 0.000237 -0.250026 0.968237
59.000000 0.879192 -4.251172 1.116620 0.020695 -0.040967 -0.419400 0.906640
59.200000 1.033376 -4.293667 1.126753 0.103389 -0.012067 -0.565759 0.817974
59.400000 1.137673 -4.385899 1.134650 0.099785 0.018312 -0.693057 0.713708
59.600000 1.195307 -4.543963 1.139098 0.070330 -0.000088 -0.794207 0.603563
59.850000 1.210030 -4.793444 1.149132 0.021306 0.020161 -0.880760 0.472653
60.000000 1.207111 -4.962035 1.156579 0.010631 0.042888 -0.915264 0.400425
60.450000 1.230017 -5.548526 1.189542 -0.044552 -0.089068 -0.957958 0.269070
61.000000 1.389478 -5.933097 1.297471 0.094877 0.033259 -0.988588 0.112183
61.400000 1.334229 -6.185851 1.402334 -0.042690 0.034503 0.995706 0.074540
61.800000 1.133974 -6.375968 1.460025 -0.014966 0.042670 0.968816 0.243622
62.200000 0.956420 -6.419452 1.501752 0.046258 0.082938 0.930451 0.353896
63.200000 1.132704 -5.705662 1.650732 -0.001245 0.038013 0.915040 0.401566
63.600000 1.260651 -5.186362 1.716920 -0.060793 -0.036295 0.928476 0.364580
64.000000 1.201250 -4.683292 1.778856 -0.025359 -0.055097 0.949125 0.309002
64.600000 0.817887 -4.193284 1.849628 -0.044492 -0.061712 0.970646 0.228162
65.000000 0.345980 -4.061839 1.874608 -0.028912 -0.051129 0.979765 0.191337
65.400000 -0.243580 -4.062353 1.875859 -0.012259 -0.019474 0.983402 0.179976
65.800000 -0.888864 -4.119372 1.857420 -0.008616 0.008627 0.980126 0.197999
66.200000 -1.556022 -4.150260 1.833683 0.010769 0.017574 0.969046 0.246017
66.650000 -2.265453 -4.114200 1.833386 -0.010402 0.052194 0.943744 0.326367
67.050000 -2.854114 -3.930382 1.860948 0.003427 0.060455 0.908831 0.412747
67.450000 -3.359872 -3.575541 1.897207 0.019132 0.064961 0.864485 0.498076
67.850000 -3.722980 -3.074488 1.929935 0.003413 0.049092 0.818370 0.572580
68.200000 -3.953850 -2.547504 1.958701 0.046265 0.002778 0.778592 0.625817
68.600000 -4.113809 -1.997971 1.986916 0.033447 0.010264 0.744575 0.666621
69.200000 -4.188626 -1.249371 1.998399 -0.012091 0.011483 0.717416 0.696445
69.600000 -4.219700 -0.712913 1.999158 -0.013329 0.016209 0.707829 0.706072
70.000000 -4.244737 -0.112229 1.999539 -0.001153 0.013557 0.697180 0.716767
70.450000 -4.245037 0.599521 1.999767 -0.004354 -0.000422 0.674535 0.738230
70.800000 -4.249731 1.163901 1.999891 -0.007719 -0.003773 0.644665 0.764417
71.250000 -4.282630 1.900294 1.999779 -0.005621 -0.004989 0.584267 0.811526
71.650000 -4.318166 2.560509 1.999646 0.021066 0.033197 0.500519 0.864833
72.050000 -4.248323 3.207992 2.000557 0.042195 0.032537 0.388493 0.919910
72.400000 -4.066935 3.713479 2.000882 0.058762 0.042239 0.269875 0.960172
72.850000 -3.648280 4.204678 1.999672 0.058848 0.034184 0.097234 0.992932
73.250000 -3.135136 4.467579 1.984098 0.029704 0.032877 -0.045635 0.997975
73.600000 -2.608478 4.610467 1.940742 0.005328 -0.003106 -0.133106 0.991083
74.050000 -1.922797 4.771323 1.848124 -0.011116 0.006110 -0.156749 0.987557
74.450000 -1.299873 4.946174 1.751777 -0.035382 -0.010733 -0.111886 0.993033
74.850000 -0.691985 5.242682 1.669401 -0.016612 0.004876 -0.033605 0.999285
75.050000 -0.391373 5.433393 1.657553 0.084132 0.011636 0.008532 0.996350
75.450000 0.228814 5.668743 1.690075 0.008035 -0.008913 0.083115 0.996468
75.850000 0.837434 5.945083 1.606510 -0.028103 0.016319 0.127273 0.991335
76.050000 1.147363 6.149724 1.508525 0.172567 -0.031164 0.132989 0.975481
76.400000 1.682097 6.265875 1.291296 -0.005028 -0.049778 0.127773 0.990541
76.800000 2.162310 6.289538 1.075458 0.089793 -0.013176 0.066035 0.993682
77.400000 2.756924 6.055351 0.792424 0.001232 -0.067980 -0.045715 0.996638
78.050000 3.001642 5.685624 0.638172 0.044447 -0.052624 0.223370 0.972297
78.200000 2.977010 5.539822 0.643785 0.040790 -0.027867 0.329777 0.942765
78.400000 2.931497 5.310927 0.671509 0.015119 -0.027341 0.469093 0.882596
78.650000 2.857168 4.992751 0.726651 0.007952 -0.006951 0.615570 0.788011
78.800000 2.809132 4.794302 0.765294 0.008066 0.022329 0.678250 0.734448
79.250000 2.727959 4.242707 0.890243 -0.019645 0.023297 0.753218 0.657065
79.850000 2.686295 3.756203 1.028811 -0.009868 0.050002 0.707973 0.704398
80.050000 2.703320 3.678679 1.062708 0.095241 0.010797 0.676619 0.730068
80.600000 3.031006 3.331299 1.157730 0.004769 0.028622 0.626430 0.778937
81.250000 3.761934 2.864110 1.346560 0.031117 0.036652 0.629461 0.775543
81.650000 4.377601 2.506963 1.523074 -0.064724 0.034672 0.659535 0.748079
82.050000 4.964437 2.323034 1.685847 -0.019713 0.002663 0.737538 0.675012
82.250000 5.242848 2.293457 1.780194 0.008864 -0.118104 0.787865 0.604352
82.650000 5.687668 2.083295 1.880231 -0.050998 -0.038706 0.861121 0.504353
83.250000 6.021502 1.614482 1.823385 0.023337 -0.063425 0.808192 0.585029
83.650000 6.097608 1.128923 1.642029 -0.082540 -0.055091 0.789257 0.605992
84.050000 5.967584 0.609938 1.345251 0.020660 -0.059008 0.900006 0.431371
84.200000 5.884144 0.385189 1.222533 0.052119 -0.032716 0.940290 0.334764
84.450000 5.778663 -0.027669 1.037845 0.007213 0.044099 0.981373 0.186842
84.650000 5.717419 -0.332957 0.944807 -0.009086 0.043066 0.996405 0.072388
84.850000 5.654428 -0.601180 0.894584 -0.017018 0.014543 -0.998184 0.055931
85.000000 5.613914 -0.802448 0.884615 -0.046301 0.059630 -0.983528 0.164234
85.200000 5.597284 -1.103928 0.899286 -0.046876 0.041104 -0.948032 0.312007
85.400000 5.629204 -1.426175 0.929543 -0.071940 -0.022799 -0.902397 0.424247
85.800000 5.817113 -1.964117 0.989193 -0.047675 -0.003644 -0.953796 0.296625
86.000000 5.967289 -2.190964 1.055447 0.013165 0.064322 -0.992860 0.099593
86.200000 6.112233 -2.454699 1.103562 -0.149449 -0.053330 0.982967 0.092721
86.400000 6.156440 -2.752124 1.139932 -0.110768 0.039486 0.973619 0.195544
86.800000 6.059464 -3.229676 1.188882 0.004866 0.005411 0.991719 0.128222
87.000000 6.003325 -3.434209 1.192944 0.084197 -0.010854 -0.996176 0.020627
87.250000 5.855404 -3.679257 1.180966 0.083903 -0.044500 -0.966270 0.239380
87.400000 5.712809 -3.813827 1.164257 0.034347 -0.053382 -0.932432 0.355727
87.650000 5.430064 -4.004278 1.126690 -0.032679 0.008078 -0.857021 0.514181
87.800000 5.267671 -4.106424 1.099897 -0.020353 0.040153 -0.809885 0.584859
88.200000 4.913445 -4.432559 1.025455 -0.006913 0.085428 -0.688208 0.720433
88.600000 4.731134 -4.876345 0.970733 0.003362 0.055000 -0.548626 0.834250
88.800000 4.704743 -5.126498 0.961858 0.035778 0.070400 -0.462499 0.883096
89.050000 4.717089 -5.502278 0.969248 -0.020834 -0.016636 -0.352068 0.935594
89.400000 4.754305 -5.938725 1.051528 -0.166337 -0.004279 -0.201095 0.965337
89.600000 4.810297 -6.025567 1.097736 -0.054874 -0.049476 -0.127737 0.989052
89.850000 4.861423 -6.079762 1.131457 0.017307 0.128835 -0.057455 0.989849
90.000000 4.938384 -6.120421 1.158043 -0.021835 0.173475 -0.025857 0.984257
90.250000 5.197276 -6.175330 1.195888 -0.005591 -0.090007 0.015400 0.995806
90.800000 5.520741 -6.255415 1.315214 -0.162413 -0.380622 0.157534 0.896622
91.050000 5.237257 -6.202637 1.251021 0.095133 0.207410 0.155893 0.961056
91.200000 5.136625 -6.195155 1.312220 -0.049450 0.256105 0.237471 0.935720
