8.600000 0.475431 1.027881 1.038922 -0.147820 -0.147777 0.015690 0.977786
9.050000 0.154752 1.341572 0.952173 0.017000 0.025431 0.002900 0.999528
9.250000 0.004355 1.491842 0.921761 0.003435 -0.073118 -0.009141 0.997275
9.600000 -0.377919 1.812031 0.955778 -0.110445 -0.030489 -0.051262 0.992091
9.850000 -0.712750 2.182945 1.039578 0.084219 0.013810 -0.129587 0.987888
10.250000 -1.241514 2.569942 1.260873 -0.005580 0.050392 -0.312695 0.948499
10.450000 -1.462374 2.694812 1.367031 -0.033105 0.102220 -0.403673 0.908572
10.850000 -1.716685 2.907526 1.574936 -0.012020 -0.019992 -0.508049 0.861012
11.200000 -1.899932 3.086022 1.743971 -0.001492 0.125362 -0.493199 0.860835
11.650000 -1.901736 3.174764 1.829799 -0.056446 -0.033264 -0.374089 0.925076
11.850000 -1.870802 3.224794 1.822935 -0.122514 -0.082590 -0.293550 0.944456
12.250000 -1.873020 3.542719 1.691234 0.026998 -0.058454 -0.276855 0.958752
12.650000 -2.023198 3.926566 1.469511 -0.046622 -0.020126 -0.468612 0.881943
12.850000 -2.132165 4.174054 1.353833 -0.000268 0.024129 -0.608398 0.793265
13.050000 -2.228117 4.416169 1.232822 0.107897 0.058886 -0.732927 0.669110
13.200000 -2.312363 4.551588 1.140450 0.110507 0.087491 -0.803980 0.577710
13.400000 -2.452519 4.642144 1.042863 -0.021346 -0.031477 -0.869409 0.492628
14.000000 -2.762571 5.164243 0.986893 -0.126737 0.070244 -0.912460 0.382649
14.200000 -2.717009 5.382056 1.013390 0.005526 0.026417 -0.948078 0.316892
14.450000 -2.638651 5.648684 1.066435 -0.022974 -0.049346 -0.983584 0.172044
14.650000 -2.573647 5.895233 1.100391 -0.025994 -0.028889 -0.998593 0.036079
14.850000 -2.498556 6.160604 1.163799 0.098598 0.101434 -0.987482 -0.069776
15.450000 -2.669415 6.535735 1.518538 -0.128393 0.043889 -0.951648 0.275598
15.600000 -2.684393 6.571472 1.569349 -0.079649 0.076406 -0.910159 0.399285
15.850000 -2.631944 6.591642 1.608744 0.098016 0.071893 -0.817007 0.563670
16.000000 -2.607441 6.550354 1.609571 0.105444 0.030574 -0.765439 0.634073
16.650000 -2.551667 6.095576 1.430737 0.049400 0.064348 -0.752241 0.653875
17.050000 -2.484652 5.597250 1.285810 0.054405 -0.049268 -0.838766 0.539523
17.450000 -2.606815 5.092348 1.183612 0.025616 -0.035266 -0.914362 0.402544
17.850000 -2.888487 4.680408 1.137305 0.034875 -0.067039 -0.944512 0.319665
18.250000 -3.332314 4.409773 1.142267 0.024470 -0.006318 -0.934566 0.354891
18.600000 -3.785191 4.205034 1.164964 -0.048578 0.043278 -0.878262 0.473733
18.850000 -4.041194 4.037151 1.175063 -0.036557 0.092804 -0.810564 0.577093
19.050000 -4.177607 3.860798 1.164056 0.012603 0.096489 -0.751711 0.652274
19.450000 -4.347149 3.348830 1.102389 -0.000042 0.031554 -0.665133 0.746058
19.800000 -4.426546 2.821413 1.047773 -0.049907 0.061100 -0.646665 0.758684
20.200000 -4.361248 2.213338 1.001300 0.058227 -0.064069 -0.656377 0.749449
20.600000 -4.431079 1.605776 0.946402 -0.030623 0.015610 -0.692698 0.720408
21.000000 -4.476120 1.013087 1.006733 -0.004184 0.029285 -0.752624 0.657786
21.400000 -4.460296 0.390029 1.093631 -0.004495 -0.017397 -0.788781 0.614411
21.600000 -4.475959 0.083100 1.112527 -0.110640 0.064914 -0.791986 0.596911
22.000000 -4.341622 -0.512467 1.073393 0.138743 -0.049884 -0.832781 0.533608
22.400000 -4.479546 -1.141701 1.042184 -0.003006 -0.045348 -0.931302 0.361401
22.600000 -4.628926 -1.414042 1.046387 -0.036767 -0.023704 -0.968505 0.245121
22.800000 -4.760293 -1.660105 1.053695 0.023380 -0.036427 -0.989248 0.139693
23.050000 -4.944106 -1.929016 1.059043 0.008128 -0.077418 -0.996907 0.010781
23.400000 -5.205741 -2.159241 1.068887 0.024119 0.058810 0.986289 0.152294
23.850000 -5.464888 -2.256955 1.113580 -0.051291 0.004225 0.945912 0.320317
24.200000 -5.746588 -2.257694 1.230019 -0.001760 0.038346 0.894048 0.446323
24.600000 -6.033353 -2.127837 1.419334 0.006607 0.105871 0.808780 0.578466
25.000000 -6.158599 -1.754917 1.567069 -0.016956 0.020145 0.723857 0.689447
25.450000 -6.213033 -1.177226 1.657833 -0.007479 0.062714 0.662998 0.745952
25.850000 -6.137499 -0.628644 1.669822 0.112084 -0.123395 0.655680 0.736406
26.250000 -6.079470 -0.382001 1.604481 -0.103604 0.100927 0.658718 0.738356
26.650000 -6.021111 0.046574 1.474402 0.215681 -0.037575 0.628390 0.746456
27.050000 -5.720020 0.222716 1.316723 -0.034288 0.083698 0.654145 0.750942
27.200000 -5.521171 0.309661 1.258609 -0.088008 -0.133673 0.637055 0.754020
27.400000 -5.341230 0.409654 1.197160 0.171662 -0.140886 0.589600 0.776566
27.800000 -4.958664 0.233833 1.125308 -0.259592 -0.099345 0.527112 0.803054
28.050000 -4.854826 0.225977 1.174204 -0.241798 -0.209273 0.517801 0.793487
28.250000 -5.028880 0.301674 1.168044 0.200879 0.064575 0.526994 0.823259
28.400000 -5.137388 0.304481 1.248990 0.272134 0.129494 0.516368 0.801585
28.850000 -4.713048 -0.179981 1.361190 -0.054353 0.017646 0.559916 0.826576
29.000000 -4.453309 -0.411825 1.372750 -0.306977 -0.072307 0.529859 0.787265
29.450000 -4.306262 -0.576295 1.297965 0.005543 0.028910 0.603440 0.796865
29.600000 -4.374270 -0.534690 1.257438 0.077842 0.054246 0.615430 0.782460
29.800000 -4.401507 -0.488753 1.213516 -0.015933 0.119478 0.638008 0.760538
30.000000 -4.366058 -0.383733 1.168564 -0.141468 0.061309 0.642433 0.750672
30.200000 -4.349477 -0.176491 1.117812 -0.017469 -0.043217 0.663284 0.746914
30.800000 -4.350952 0.516423 0.970926 -0.080498 0.046939 0.682870 0.724572
31.000000 -4.336872 0.843261 0.918537 -0.012844 -0.039756 0.690842 0.721798
31.400000 -4.361176 1.472265 0.828658 0.006730 0.027437 0.696207 0.717285
31.800000 -4.346176 2.108744 0.768422 0.008638 -0.026507 0.693785 0.719643
32.000000 -4.346315 2.422018 0.764041 0.089220 -0.076784 0.674679 0.728664
32.600000 -4.283342 2.924562 0.817264 0.032998 -0.025300 0.580561 0.813154
33.000000 -4.209125 3.024057 0.892060 0.077816 -0.022501 0.429335 0.899505
33.250000 -4.153781 2.951397 0.936460 0.032528 -0.000757 0.299994 0.953386
33.400000 -4.114308 2.884146 0.963055 0.059198 -0.017219 0.206491 0.976504
33.650000 -4.056938 2.710888 1.003466 0.064769 -0.092628 0.029427 0.993156
