0.800000 0.500000 1.000000 1.000000 -0.000000 -0.000000 -0.000000 1.000000
8.200000 0.486092 0.984254 1.007953 0.155355 -0.149188 -0.012392 0.976450
8.450000 0.337236 0.836780 1.013485 -0.030540 0.020203 -0.003404 0.999323
8.600000 0.220572 0.729841 1.038090 -0.009419 0.044286 -0.005066 0.998962
8.850000 0.052756 0.554879 1.098542 0.083608 -0.082517 -0.031178 0.992587
9.200000 -0.312964 0.183263 1.200925 -0.015140 -0.045674 -0.136268 0.989503
9.600000 -0.867261 -0.235738 1.405083 0.031560 0.095798 -0.170628 0.980160
10.000000 -1.266217 -0.672336 1.642810 -0.050380 -0.149774 -0.059794 0.985624
10.450000 -1.842072 -0.959700 1.793636 -0.011229 0.182835 0.038192 0.982337
10.800000 -1.991346 -1.038898 1.806439 -0.082008 0.001062 0.088172 0.992723
11.400000 -2.011089 -0.842918 1.710099 -0.038534 0.123644 0.139183 0.981761
11.600000 -1.900321 -0.704384 1.625947 -0.057406 0.014461 0.158846 0.985527
12.050000 -1.571633 -0.251912 1.346001 -0.019990 0.126256 0.174909 0.976251
12.200000 -1.377932 -0.063965 1.313191 0.206482 -0.246594 0.131006 0.937760
12.450000 -1.156917 0.136063 1.090854 0.138181 -0.328184 0.097114 0.929392
12.650000 -1.262066 0.127308 0.940072 -0.095932 0.282751 0.144164 0.943433
12.800000 -1.239514 0.177759 0.952918 -0.095109 0.345255 0.214065 0.908806
13.000000 -0.968465 0.373905 0.932360 -0.067298 0.361758 0.358318 0.858027
13.200000 -0.472736 0.721656 0.863469 -0.069581 -0.162460 0.505635 0.844452
13.450000 -0.018713 1.148875 0.893680 -0.083305 -0.312308 0.674048 0.664216
13.650000 0.082620 1.337520 0.892170 0.011824 -0.088874 0.794745 0.600284
13.850000 0.112128 1.449859 0.916282 0.018045 0.077344 0.855287 0.512031
14.050000 0.179391 1.600189 0.977142 -0.088036 0.076045 0.892639 0.435502
14.250000 0.221543 1.830339 1.049454 -0.109564 -0.105831 0.906308 0.394209
14.650000 0.024041 2.155624 1.199867 0.018117 -0.014389 0.932167 0.361287
14.850000 -0.115999 2.250380 1.268387 -0.053957 0.084184 0.923166 0.371168
15.450000 -0.657645 2.857914 1.405871 0.092011 0.074723 0.868132 0.481971
15.850000 -0.837949 3.411716 1.512011 -0.096893 -0.020025 0.808777 0.579732
16.250000 -1.123238 3.969759 1.666652 0.410500 -0.167986 0.658611 0.607867
16.600000 -1.102087 3.796800 1.611983 0.028676 0.092853 0.741312 0.664088
16.850000 -0.893671 3.621953 1.611568 -0.306216 0.027642 0.693735 0.651306
17.050000 -0.874661 3.679309 1.595129 -0.113103 -0.152887 0.737997 0.647452
17.250000 -1.013723 3.726284 1.595724 -0.019613 -0.010447 0.744038 0.667768
17.450000 -1.184888 3.770554 1.703688 -0.275109 0.257783 0.635863 0.673455
17.650000 -1.378005 4.063359 1.731546 -0.325185 0.100323 0.578148 0.741575
17.850000 -1.638449 4.574074 1.664659 0.024368 -0.016091 0.532959 0.845637
18.050000 -1.918318 5.093723 1.649220 0.347244 0.018144 0.394718 0.850465
18.250000 -2.053900 5.369693 1.600516 0.282729 0.152854 0.371643 0.870966
18.400000 -2.037987 5.464443 1.528518 -0.074632 0.064865 0.337467 0.936129
18.650000 -1.966312 5.687089 1.451332 -0.075052 -0.098524 0.275205 0.953374
18.850000 -1.988381 5.925694 1.391854 0.137203 0.028539 0.231349 0.962724
19.000000 -1.996387 6.060153 1.350776 0.112490 0.164694 0.223091 0.954176
19.450000 -1.662873 6.317885 1.170840 0.003379 -0.052316 0.150539 0.987213
19.850000 -1.318406 6.496764 1.012162 0.014790 0.115255 0.110240 0.987089
