0.800000 0.500000 1.000000 1.000000 -0.000000 -0.000000 -0.000000 1.000000
6.400000 0.437003 1.070385 1.044420 -0.163798 -0.179043 0.031941 0.969584
6.650000 0.225982 1.274338 0.980496 0.026588 0.080743 0.014101 0.996280
7.000000 -0.025467 1.558909 0.921561 -0.029818 -0.150103 0.003191 0.988215
7.200000 -0.260079 1.735389 0.922677 0.125514 -0.035597 -0.003165 0.991448
7.600000 -0.820974 1.864989 1.032004 -0.013980 0.002476 -0.038394 0.999162
8.050000 -1.389427 1.893349 1.300970 0.025761 0.070308 -0.088116 0.993292
8.450000 -1.726829 1.830433 1.578130 -0.037148 0.024759 -0.125507 0.991088
8.650000 -1.850427 1.824570 1.686961 0.184017 0.114999 -0.115439 0.969323
9.050000 -1.936816 1.500989 1.783845 -0.048504 0.001172 -0.134661 0.989703
9.650000 -1.817893 1.058860 1.814385 -0.091174 -0.068941 -0.057326 0.991790
10.000000 -1.766838 1.024953 1.758657 -0.008599 0.032246 0.083349 0.995961
10.250000 -1.717640 1.045267 1.697346 -0.075395 0.008924 0.234238 0.969210
10.450000 -1.678007 1.114140 1.637545 -0.073714 -0.010023 0.368547 0.926628
10.600000 -1.664357 1.201203 1.586566 -0.045624 -0.017983 0.469329 0.881661
10.800000 -1.670066 1.341796 1.515103 -0.029265 0.011949 0.590334 0.806540
11.050000 -1.689376 1.554376 1.425069 -0.045613 0.043446 0.712303 0.699039
11.200000 -1.701467 1.714820 1.371420 -0.050702 0.032709 0.769254 0.636088
11.650000 -1.790075 2.312592 1.224979 0.005379 0.014833 0.879436 0.475756
12.050000 -1.867772 2.898028 1.132890 -0.005125 0.010379 0.927341 0.374037
12.400000 -1.929970 3.437961 1.119067 -0.029320 -0.019203 0.948873 0.313707
12.850000 -2.141033 4.124050 1.169344 -0.003827 0.002832 0.974157 0.225820
13.200000 -2.338664 4.669465 1.206784 0.049929 -0.017593 0.995324 0.080792
13.400000 -2.405455 4.967826 1.185236 -0.003610 -0.010196 -0.999695 0.022213
13.800000 -2.519858 5.580216 1.124185 0.024896 0.041838 -0.997702 0.047110
14.000000 -2.593691 5.860900 1.099795 0.075555 0.112857 -0.989800 -0.043031
14.200000 -2.720124 6.057975 1.086862 0.141891 -0.062228 0.981797 0.109863
14.650000 -2.815016 6.358147 1.067979 -0.120535 -0.028332 0.986861 0.103793
15.000000 -3.052368 6.535055 1.141574 -0.109058 0.051682 -0.991982 0.037507
15.200000 -3.130381 6.582420 1.225828 -0.136292 0.062136 -0.977096 0.151151
15.450000 -3.080110 6.596859 1.318232 -0.018397 0.067164 -0.951628 0.299256
15.600000 -3.010680 6.574966 1.362468 0.032308 0.059599 -0.920840 0.384002
15.850000 -2.898130 6.481376 1.387070 0.016269 0.051316 -0.864261 0.500155
16.250000 -2.687876 6.217305 1.305282 0.024587 0.038911 -0.812571 0.581042
16.850000 -2.450026 5.597042 1.114647 0.057664 -0.025963 -0.843698 0.533080
17.450000 -2.609191 4.901998 0.997658 0.037887 -0.048523 -0.905808 0.419191
18.050000 -3.094249 4.410666 0.972346 0.010831 -0.074180 -0.911432 0.404564
18.400000 -3.518235 4.300119 0.986083 -0.004539 0.033323 -0.872567 0.487336
18.800000 -3.952810 4.123556 1.027633 -0.012273 0.062810 -0.782985 0.618739
19.200000 -4.256046 3.801700 1.066841 0.004439 0.068015 -0.676802 0.733003
19.650000 -4.431250 3.246598 1.102857 0.010252 0.048697 -0.617260 0.785184
20.050000 -4.470115 2.630669 1.119262 -0.014331 -0.013072 -0.648789 0.760721
20.400000 -4.464684 2.112146 1.126027 -0.017308 0.025961 -0.686462 0.726496
20.600000 -4.424264 1.817693 1.121069 0.067689 -0.026424 -0.683524 0.726302
21.000000 -4.453994 1.182226 1.111429 -0.024521 0.027374 -0.645227 0.763107
21.400000 -4.397302 0.569913 1.149032 -0.020876 -0.029797 -0.588325 0.807805
21.800000 -4.326221 0.034606 1.257810 0.076876 -0.010250 -0.455479 0.886862
22.000000 -4.363100 -0.282513 1.313751 -0.015753 0.049024 -0.414370 0.908650
22.450000 -4.340539 -0.991004 1.405029 0.004031 -0.026279 -0.515076 0.856732
22.650000 -4.329180 -1.279349 1.426285 0.028814 -0.088258 -0.628615 0.772155
22.800000 -4.358179 -1.481902 1.434661 0.019090 -0.089480 -0.723671 0.684053
23.000000 -4.444485 -1.716612 1.434016 -0.049902 -0.073351 -0.841800 0.532449
23.200000 -4.539276 -1.889368 1.420979 -0.038372 -0.046568 -0.931256 0.359335
23.400000 -4.622111 -2.012625 1.395309 0.010908 -0.026768 -0.983369 0.179302
23.650000 -4.741124 -2.134803 1.351572 -0.046306 0.044988 0.997325 0.034266
23.850000 -4.872157 -2.197272 1.308897 -0.070740 0.043856 0.980005 0.180726
24.050000 -5.048098 -2.216146 1.254610 -0.088459 0.034990 0.947442 0.305457
24.200000 -5.216695 -2.201718 1.198797 -0.056801 0.023935 0.921134 0.384334
24.450000 -5.521549 -2.128915 1.094627 0.069305 0.085752 0.866492 0.486863
24.800000 -5.786950 -1.949028 0.983474 -0.062300 -0.030379 0.817341 0.571969
25.200000 -6.153694 -1.715261 0.965599 0.114209 0.014039 0.804823 0.582254
25.450000 -6.321053 -1.619224 1.032827 0.057453 0.187027 0.797388 0.570870
25.800000 -6.300468 -1.324282 1.144647 0.019839 -0.168946 0.737529 0.653540
26.000000 -6.343461 -1.221859 1.209852 0.196201 -0.141333 0.645350 0.724606
26.200000 -6.376867 -1.282297 1.243787 0.077665 0.126499 0.567305 0.810019
26.400000 -6.313788 -1.372206 1.275746 -0.050348 0.117017 0.414427 0.901123
26.600000 -6.182897 -1.400700 1.301437 0.060507 -0.059325 0.246962 0.965313
26.850000 -6.043013 -1.507915 1.332687 0.138827 0.003252 0.031441 0.989812
27.000000 -5.965892 -1.654473 1.337545 -0.014075 0.101997 -0.090429 0.990566
27.200000 -5.804887 -1.862018 1.345705 -0.003819 0.028776 -0.252536 0.967152
27.400000 -5.608196 -2.075457 1.352850 0.091596 0.026728 -0.384057 0.918366
27.600000 -5.416547 -2.346969 1.352137 0.045326 0.003669 -0.496182 0.867027
27.800000 -5.239038 -2.657323 1.340830 -0.011738 -0.031548 -0.586710 0.809097
28.200000 -4.892867 -3.240480 1.327599 0.017917 0.011395 -0.707491 0.706404
28.600000 -4.549373 -3.845304 1.304866 0.042256 -0.044154 -0.763092 0.643394
29.000000 -4.358350 -4.451633 1.206285 0.045252 -0.024011 -0.775375 0.629420
29.400000 -4.339249 -5.069029 1.084169 0.019814 -0.032156 -0.806031 0.590668
29.800000 -4.396045 -5.653012 1.017032 -0.002827 -0.044137 -0.894972 0.443925
30.000000 -4.428511 -5.910455 1.013623 0.050483 -0.059347 -0.950689 0.300198
30.200000 -4.508347 -6.133554 1.021000 0.064948 -0.074432 -0.986301 0.132108
30.450000 -4.685792 -6.345774 1.021881 -0.045044 0.055773 0.994038 0.082146
30.650000 -4.869291 -6.463105 1.007887 -0.052192 0.029856 0.966133 0.250939
30.800000 -5.027282 -6.528520 0.988699 -0.057053 0.012397 0.926229 0.372412
31.000000 -5.270446 -6.591988 0.963391 -0.012637 0.042071 0.853464 0.519297
31.200000 -5.507028 -6.624934 0.946048 0.102710 0.120389 0.758641 0.631997
31.400000 -5.636325 -6.632578 0.926741 0.064945 0.107222 0.673621 0.728368
31.600000 -5.666453 -6.618348 0.901619 -0.033683 0.040487 0.589373 0.806142
31.800000 -5.673491 -6.569455 0.880525 -0.018225 0.003106 0.507783 0.861286
32.250000 -5.647772 -6.444343 0.872948 0.061309 0.054382 0.377456 0.922394
33.000000 -5.145863 -6.467754 0.938181 0.004402 0.019818 0.299930 0.953745
33.600000 -4.611948 -6.505388 1.063527 -0.045932 -0.030532 0.321100 0.945438
34.400000 -4.379512 -6.063399 1.348168 -0.047038 0.015189 0.358741 0.932127
35.000000 -4.391245 -5.324962 1.491294 0.019947 0.015602 0.327444 0.944531
35.400000 -4.308140 -4.773034 1.519403 -0.055202 -0.112784 0.275898 0.952949
35.850000 -4.416475 -4.208039 1.473400 0.125688 0.174767 0.218548 0.951785
36.000000 -4.393861 -4.093772 1.438218 0.026467 0.170766 0.181110 0.968162
36.200000 -4.259285 -3.946407 1.370519 0.008724 -0.070969 0.121085 0.990064
36.650000 -3.989585 -3.734612 1.238121 0.027523 0.144350 0.016920 0.988999
37.050000 -3.486639 -3.714019 1.121760 0.050275 -0.013959 -0.075082 0.995811
37.450000 -2.931808 -3.793490 1.036179 -0.000965 0.027943 -0.132853 0.990741
37.800000 -2.380492 -3.899719 1.012337 0.060827 -0.026605 -0.165880 0.983909
38.000000 -2.094856 -3.996549 1.039014 -0.115420 -0.009536 -0.172920 0.978103
38.450000 -1.423350 -4.052253 1.039268 0.065082 0.006026 -0.166251 0.983915
38.800000 -0.885447 -4.170306 1.026155 -0.038508 -0.008110 -0.142509 0.989011
39.250000 -0.202796 -4.221830 1.034894 -0.079822 -0.013408 -0.105967 0.991070
39.650000 0.404053 -4.119165 1.071857 0.197315 0.037072 -0.094603 0.975060
39.800000 0.635897 -4.177777 1.063635 0.051170 0.013775 -0.126830 0.990508
40.200000 1.246472 -4.408863 1.044173 0.055351 -0.008507 -0.282712 0.957569
40.400000 1.518046 -4.542255 1.041620 0.044599 -0.135095 -0.394345 0.907883
40.600000 1.695127 -4.679172 1.041462 0.035731 -0.097385 -0.555020 0.825343
40.800000 1.798529 -4.799284 1.031801 -0.015423 0.114453 -0.730248 0.673351
41.050000 1.949176 -5.028479 1.030807 0.233146 -0.022762 -0.873906 0.425926
41.200000 1.921818 -5.219454 1.036921 0.123904 -0.234778 -0.918875 0.291883
41.400000 1.755276 -5.369041 1.048198 -0.005530 -0.202595 -0.962597 0.179808
41.600000 1.552370 -5.353880 1.068661 -0.128104 0.014366 -0.980549 0.148009
41.800000 1.432590 -5.300361 1.116642 -0.166665 0.193675 -0.950384 0.177434
42.050000 1.495754 -5.383644 1.159128 0.083439 0.105034 -0.964391 0.227938
42.200000 1.548095 -5.529397 1.193706 0.190455 -0.009452 -0.936921 0.292945
42.400000 1.493738 -5.751292 1.248429 0.069369 -0.160339 -0.917624 0.356995
42.600000 1.343603 -5.889433 1.317091 -0.213911 -0.013831 -0.879728 0.424417
42.800000 1.309787 -5.939270 1.409990 -0.180876 0.158250 -0.847892 0.472567
43.000000 1.460480 -6.005762 1.487726 0.021111 0.118170 -0.852512 0.508737
43.200000 1.667462 -6.157700 1.570450 0.110568 -0.065296 -0.818269 0.560310
43.450000 1.822101 -6.350576 1.670001 -0.151418 -0.086818 -0.773616 0.609142
43.600000 1.917930 -6.387506 1.719914 -0.179855 0.025822 -0.732780 0.655759
43.800000 2.143432 -6.374997 1.765005 -0.053822 0.171670 -0.693924 0.697210
44.050000 2.556880 -6.414518 1.767237 0.054397 -0.064175 -0.610643 0.787425
44.200000 2.783541 -6.455048 1.746856 -0.078309 -0.122236 -0.551122 0.821700
44.400000 3.049332 -6.439212 1.690606 -0.069234 0.000495 -0.466768 0.881665
44.600000 3.330501 -6.368682 1.616725 0.023363 0.086690 -0.377209 0.921766
44.800000 3.658826 -6.327902 1.547891 -0.007781 -0.048182 -0.282043 0.958159
45.000000 3.963508 -6.287366 1.508012 -0.011823 -0.063961 -0.185396 0.980509
45.200000 4.227831 -6.230767 1.453675 0.108509 0.088465 -0.093624 0.985715
45.600000 4.863279 -6.233932 1.308689 -0.121587 -0.102927 0.083314 0.983708
45.850000 5.189890 -6.129189 1.217144 0.038789 -0.002084 0.163665 0.985751
46.000000 5.371321 -6.063281 1.167551 0.094313 -0.039486 0.205524 0.973296
46.400000 5.757397 -6.061485 1.050254 -0.003931 -0.053610 0.325755 0.943925
46.800000 5.935142 -6.139281 0.995697 -0.024406 -0.076703 0.444004 0.892402
47.200000 5.911995 -6.242722 1.005303 -0.008768 -0.020440 0.557746 0.829714
47.600000 5.766070 -6.351612 1.057607 -0.080654 -0.019617 0.649648 0.755690
48.200000 5.261507 -6.268547 1.146362 -0.013556 0.054017 0.732947 0.678003
48.850000 4.769415 -5.760803 1.083545 0.016769 0.074021 0.700392 0.709712
49.200000 4.662386 -5.319652 0.990772 -0.013403 0.060062 0.630546 0.773708
49.600000 4.674685 -4.714128 0.936301 0.045095 -0.014600 0.501607 0.863796
50.000000 4.753600 -4.227232 0.974404 0.052574 0.043650 0.334787 0.939813
50.200000 4.848859 -4.037816 1.011535 0.004819 0.134220 0.286460 0.948632
50.400000 5.028199 -3.830529 1.042471 -0.006153 0.002304 0.316373 0.948612
50.800000 5.413977 -3.391436 1.077852 -0.077620 0.041025 0.533102 0.841483
51.050000 5.644526 -3.036768 1.073580 -0.031932 0.018062 0.672181 0.739478
51.200000 5.780889 -2.793174 1.065515 -0.013036 -0.026075 0.736537 0.675769
51.450000 5.979996 -2.397974 1.062213 -0.014185 -0.059480 0.810834 0.582073
51.800000 6.192498 -1.898029 1.070565 -0.021311 0.019597 0.858318 0.512300
52.250000 6.418775 -1.200575 1.171918 0.022671 -0.118643 0.798752 0.589411
52.650000 6.490839 -0.773020 1.243669 -0.060070 -0.037556 0.836245 0.543761
52.850000 6.446040 -0.599102 1.243854 -0.085362 0.078043 0.907760 0.403231
53.000000 6.387654 -0.424973 1.225053 -0.067702 0.059131 0.953760 0.286813
53.200000 6.278029 -0.142648 1.182838 -0.044510 0.004193 0.983982 0.172571
53.650000 5.947297 0.502217 1.082498 0.023632 0.019479 0.962589 0.269230
53.800000 5.849148 0.707753 1.051898 0.001225 0.040816 0.920627 0.388302
54.000000 5.731038 1.005506 1.021032 0.000319 0.028600 0.826039 0.562887
54.200000 5.626716 1.324098 1.034421 0.016990 -0.000761 0.706876 0.707133
54.400000 5.530993 1.637708 1.067623 -0.020216 -0.064598 0.612488 0.787577
54.800000 5.172520 2.216314 1.151752 -0.018287 -0.042459 0.575453 0.816527
55.250000 4.558048 2.807501 1.267091 -0.001494 -0.042078 0.675211 0.736422
55.650000 3.933574 3.248609 1.405984 0.008930 -0.002054 0.802508 0.596570
56.050000 3.309311 3.640825 1.559146 0.024543 -0.029944 0.878630 0.475931
56.450000 2.729022 3.942862 1.642380 0.146798 -0.048416 0.830331 0.535403
56.650000 2.519145 4.010649 1.613556 0.097971 0.008887 0.752470 0.651238
56.800000 2.402270 4.028430 1.588303 -0.065477 0.035216 0.670260 0.738393
57.050000 2.205155 4.142854 1.602685 -0.142152 0.057322 0.502152 0.851088
57.250000 2.028640 4.369012 1.628089 0.057282 0.010214 0.406417 0.911833
57.450000 1.872547 4.584207 1.681886 0.105050 0.106678 0.324548 0.933945
57.850000 1.821672 4.947633 1.748490 -0.078569 0.000561 0.213876 0.973696
58.050000 1.837471 5.195135 1.743514 0.037689 0.011824 0.182757 0.982364
58.250000 1.866275 5.429353 1.706815 0.043518 0.134118 0.164623 0.976226
58.850000 2.312777 6.066690 1.362853 0.059799 0.041342 0.011091 0.997292
59.200000 2.711735 6.324589 1.112354 0.011140 0.050800 -0.156960 0.986235
59.600000 3.325730 6.514399 0.968845 0.071682 0.020374 -0.307978 0.948470
60.050000 3.867245 6.499254 1.010785 0.147880 -0.437021 -0.420613 0.781171
60.200000 3.769936 6.503573 0.962245 -0.016477 -0.143248 -0.432707 0.889929
60.450000 3.489506 6.594099 0.960090 -0.051138 0.263881 -0.428968 0.862402
60.600000 3.442225 6.637867 0.977995 0.036710 0.308829 -0.412733 0.856113
60.800000 3.530944 6.599824 0.952277 0.063584 -0.063265 -0.411808 0.906845
61.000000 3.600999 6.519686 0.959227 -0.059722 -0.194901 -0.400222 0.893459
61.200000 3.560680 6.519550 0.951225 -0.055705 -0.008583 -0.394807 0.917034
61.400000 3.507887 6.571476 0.949766 0.019139 0.144835 -0.393482 0.907650
61.850000 3.558308 6.537988 0.945079 -0.027333 -0.085448 -0.389027 0.916848
62.200000 3.505287 6.557071 0.942041 0.009297 0.061055 -0.387061 0.919984
