0.800000 0.500000 1.000000 1.000000 -0.000000 -0.000000 -0.000000 1.000000
8.600000 0.491396 1.010110 1.030323 -0.174437 -0.154890 0.016933 0.972262
9.050000 0.144917 1.356365 0.965420 0.188072 0.212596 0.029858 0.958405
9.200000 0.072759 1.430496 0.918216 0.022647 -0.067227 0.004554 0.997470
9.450000 -0.106620 1.515060 0.902481 -0.017186 -0.170390 0.011329 0.985161
9.650000 -0.404147 1.591193 0.929511 0.088344 0.010660 0.008642 0.995995
9.850000 -0.719498 1.608130 0.997724 0.039380 0.053724 0.007148 0.997753
10.050000 -0.991504 1.585114 1.102458 -0.035472 0.024130 -0.005548 0.999064
10.400000 -1.395923 1.584143 1.346832 0.071167 0.062229 -0.026584 0.995166
11.050000 -1.859319 1.194025 1.711980 0.017912 0.085555 -0.082898 0.992717
11.650000 -1.917214 0.594588 1.803458 -0.069760 0.063391 -0.091122 0.991369
12.050000 -1.765737 0.342156 1.779329 -0.065610 -0.033223 -0.001190 0.997291
12.400000 -1.653586 0.265884 1.709560 -0.039219 0.036277 0.141346 0.988518
12.650000 -1.548448 0.283812 1.638830 -0.061335 0.007041 0.274025 0.959739
12.850000 -1.465937 0.347141 1.575307 -0.065970 -0.007734 0.384766 0.920621
13.000000 -1.419011 0.425280 1.525181 -0.048871 -0.006085 0.466338 0.883235
13.250000 -1.367651 0.597951 1.443257 -0.048760 0.017898 0.587445 0.807596
13.450000 -1.342309 0.778360 1.382427 -0.059441 0.022201 0.667193 0.742178
13.800000 -1.345344 1.198000 1.290405 -0.042512 -0.003271 0.768172 0.638822
14.250000 -1.466697 1.842761 1.205938 -0.032783 0.005654 0.828124 0.559557
14.650000 -1.650595 2.478930 1.152259 0.004659 -0.006853 0.828176 0.560408
15.050000 -1.846651 3.103674 1.107393 0.000087 -0.000066 0.830317 0.557291
15.400000 -2.008147 3.643334 1.109586 -0.000798 0.006195 0.874532 0.484927
15.850000 -2.227181 4.326671 1.178705 0.008361 -0.083887 0.955750 0.281842
16.000000 -2.322011 4.506142 1.196972 0.049517 -0.107612 0.972554 0.200264
16.200000 -2.434629 4.673934 1.197219 0.028641 -0.086044 0.990505 0.103326
16.650000 -2.696895 4.823891 1.113277 0.043457 0.042840 -0.995002 0.079035
17.000000 -2.996533 4.797184 1.062725 -0.009664 0.066076 -0.974938 0.212217
17.400000 -3.315760 4.612818 1.034242 0.017494 -0.033274 -0.927743 0.371322
17.800000 -3.674399 4.458073 1.037209 0.004480 -0.021433 -0.865414 0.500578
18.050000 -3.931306 4.392434 1.054562 0.099656 -0.035638 -0.803751 0.585477
18.200000 -4.149228 4.338490 1.080100 0.016608 -0.020231 -0.759857 0.649563
18.400000 -4.444651 4.260746 1.158483 -0.141065 0.143850 -0.658173 0.725407
18.600000 -4.603715 4.184820 1.262371 -0.074828 0.078997 -0.564574 0.818179
19.000000 -4.693663 4.035929 1.303152 0.096179 -0.027283 -0.460795 0.881858
19.400000 -4.828526 3.702018 1.271720 -0.111602 -0.043475 -0.394549 0.911035
19.850000 -4.839572 3.525204 1.282005 0.049550 0.127384 -0.366710 0.920240
20.000000 -4.716598 3.463678 1.279085 0.061490 -0.023925 -0.328700 0.942127
20.250000 -4.557485 3.336669 1.298525 -0.166651 -0.170111 -0.230541 0.943472
20.450000 -4.527152 3.366226 1.296550 -0.090693 0.061403 -0.179200 0.977697
20.600000 -4.487392 3.451370 1.294448 0.015165 0.129704 -0.104926 0.985869
20.800000 -4.361173 3.553713 1.291434 0.002745 -0.037148 -0.004147 0.999297
21.000000 -4.240827 3.654149 1.292939 -0.122236 0.016084 0.094739 0.987838
21.200000 -4.116730 3.830790 1.299273 0.023714 0.183172 0.185395 0.965150
21.400000 -3.882458 4.037648 1.297554 0.029138 -0.001476 0.282753 0.958749
21.650000 -3.551589 4.267637 1.299060 0.014003 -0.010609 0.388999 0.921071
22.000000 -3.078147 4.558229 1.294805 0.057933 0.071563 0.512699 0.853617
22.200000 -2.734799 4.721215 1.288990 -0.157582 -0.038098 0.578324 0.799536
22.600000 -2.305199 5.211658 1.268380 -0.023735 -0.124802 0.758923 0.638669
22.850000 -2.189550 5.470748 1.229298 0.037307 -0.005307 0.838046 0.544297
23.050000 -2.072974 5.657708 1.196831 -0.088960 0.031122 0.880299 0.464963
23.250000 -1.997518 5.885655 1.162524 -0.103910 -0.078391 0.911077 0.391148
23.600000 -2.063400 6.214761 1.096285 0.014280 -0.084804 0.964341 0.250302
24.050000 -2.261547 6.393385 1.085293 -0.082594 -0.005573 0.992324 0.091865
24.650000 -2.927055 6.514688 1.204477 -0.149092 0.027473 -0.988440 0.001848
24.800000 -3.075267 6.505162 1.236831 -0.203503 0.007913 -0.978969 -0.011943
25.000000 -3.146437 6.484647 1.253679 -0.079371 -0.009569 -0.994019 -0.074399
25.200000 -3.143775 6.464891 1.260938 -0.049169 -0.006901 0.981791 0.183361
25.450000 -3.169287 6.443444 1.258660 0.002098 -0.005908 0.930514 0.366203
25.600000 -3.195534 6.429734 1.251332 0.075783 0.037114 0.870953 0.484067
25.800000 -3.178743 6.407916 1.235846 0.089984 0.071890 0.765580 0.632947
26.050000 -3.042051 6.379954 1.201426 0.011817 0.036980 0.608711 0.792442
26.250000 -2.887157 6.366936 1.171293 -0.004182 0.010492 0.468440 0.883423
26.450000 -2.721312 6.361589 1.140397 0.007951 0.059483 0.335235 0.940221
26.650000 -2.516490 6.365890 1.108361 -0.007002 0.072496 0.220677 0.972624
26.850000 -2.259567 6.386885 1.076140 -0.010377 0.018546 0.129163 0.991396
27.250000 -1.708400 6.438912 1.095285 0.012701 0.021275 0.012857 0.999610
27.650000 -1.113038 6.465471 1.255584 0.011047 -0.010430 -0.036690 0.999211
28.050000 -0.515760 6.470356 1.491239 0.004909 0.005879 -0.049308 0.998754
28.400000 0.006174 6.459032 1.670512 0.005975 0.007276 -0.044710 0.998956
28.850000 0.692819 6.387650 1.730073 -0.075389 -0.008856 -0.003418 0.997109
29.250000 1.294494 6.400147 1.632927 0.080558 0.010358 0.051802 0.995349
29.650000 1.916009 6.310900 1.471206 -0.009932 -0.009154 0.106004 0.994274
30.050000 2.524008 6.161429 1.273579 -0.008388 0.005426 0.148215 0.988905
30.450000 3.134685 6.059137 1.076251 0.035299 -0.015718 0.166647 0.985259
30.800000 3.658797 5.942688 0.984473 -0.003661 0.007142 0.165881 0.986113
31.200000 4.258565 5.810687 0.944056 -0.015515 -0.016778 0.107790 0.993911
31.600000 4.811016 5.724416 0.901379 0.002707 -0.018800 -0.093971 0.995394
32.200000 5.500704 5.637970 0.775071 -0.016741 -0.042110 -0.173661 0.983762
33.000000 6.027828 5.655095 0.570667 -0.005259 -0.022495 -0.183891 0.982675
33.600000 6.205140 5.704481 0.462730 -0.002401 -0.043374 -0.334131 0.941525
33.800000 6.219479 5.743216 0.453864 0.022348 -0.102173 -0.457141 0.883223
34.000000 6.160564 5.802850 0.463280 0.009115 -0.057741 -0.591543 0.804151
34.200000 6.050703 5.884755 0.504140 0.004465 -0.009190 -0.713220 0.700865
34.400000 5.926311 5.972301 0.583708 0.040657 -0.002685 -0.811090 0.583501
34.600000 5.775603 6.045331 0.690465 0.071535 -0.024991 -0.879634 0.469576
34.800000 5.569502 6.108006 0.806287 0.064771 -0.029498 -0.924789 0.373765
35.200000 5.017069 6.226648 1.007478 0.016376 0.034350 -0.962806 0.267500
35.600000 4.415476 6.252661 1.121809 0.019135 0.046463 -0.956442 0.287565
36.000000 3.806753 6.132323 1.173938 0.020051 0.039828 -0.921281 0.386333
36.400000 3.194728 5.869051 1.309609 0.017628 0.028466 -0.881135 0.471678
36.850000 2.495692 5.442117 1.560862 0.008295 0.010335 -0.886651 0.462250
37.250000 1.867207 5.014554 1.779841 -0.004128 -0.014163 -0.931346 0.363838
37.650000 1.234266 4.626980 1.924256 -0.010425 -0.046165 -0.974331 0.220090
38.050000 0.601509 4.364969 1.983315 -0.005660 -0.051291 -0.995298 0.081965
38.600000 -0.268563 4.246515 1.926828 -0.012108 0.031156 0.999196 0.022137
39.000000 -0.922554 4.287991 1.812063 -0.014984 -0.023527 -0.999183 -0.029242
39.400000 -1.553645 4.392273 1.657117 0.006904 0.008431 -0.999939 -0.001876
39.850000 -2.272008 4.490843 1.441249 -0.002616 0.008915 -0.999850 0.014594
40.200000 -2.825087 4.530392 1.296148 -0.013082 0.021445 -0.999614 0.011840
40.650000 -3.508450 4.473678 1.237301 -0.057002 -0.078954 -0.995161 0.013084
40.800000 -3.716675 4.457041 1.267268 -0.106865 -0.102693 -0.987235 0.058325
41.000000 -3.930993 4.499510 1.283858 -0.062332 0.060915 -0.982346 0.165530
41.250000 -4.170806 4.513980 1.277666 0.220819 0.050443 -0.937413 0.264484
41.400000 -4.403987 4.464344 1.257340 -0.054778 0.009258 -0.929495 0.364626
41.650000 -4.718462 4.384831 1.284252 -0.219958 0.111209 -0.863118 0.440769
41.800000 -4.766267 4.349781 1.285242 -0.079392 0.152254 -0.902586 0.394783
42.050000 -4.707599 4.185190 1.297278 0.069917 0.084547 -0.952441 0.284289
42.250000 -4.664744 3.949052 1.315651 0.060736 0.010265 -0.972050 0.226550
42.450000 -4.665048 3.687927 1.336597 -0.078530 -0.006619 -0.972867 0.217530
43.000000 -4.468443 2.964162 1.373583 0.118434 0.019788 -0.892249 0.435287
43.200000 -4.439818 2.615029 1.366561 0.030733 -0.045166 -0.837323 0.543971
43.400000 -4.450048 2.270656 1.347212 -0.112606 -0.010469 -0.760100 0.639890
43.650000 -4.404975 1.910417 1.298283 0.013158 0.012437 -0.676998 0.735762
43.850000 -4.351648 1.627504 1.249278 0.082746 -0.018447 -0.613196 0.785368
44.200000 -4.358620 1.064701 1.150934 -0.032744 0.001810 -0.552002 0.833198
44.650000 -4.356925 0.371665 1.057095 0.017852 -0.002275 -0.558555 0.829272
45.050000 -4.351120 -0.262020 0.999694 -0.012561 -0.004242 -0.632130 0.774749
45.450000 -4.345706 -0.873950 0.970809 -0.009702 0.014581 -0.767789 0.640464
45.600000 -4.327890 -1.106012 0.968739 0.032338 -0.027708 -0.832621 0.552204
45.800000 -4.331458 -1.412754 0.976310 0.082865 -0.046309 -0.910105 0.403358
46.050000 -4.430560 -1.775754 0.994767 -0.004334 -0.113841 -0.975707 0.187130
46.250000 -4.541030 -1.985298 1.015190 -0.067344 -0.121346 -0.989363 0.043587
46.450000 -4.613968 -2.098453 1.032328 -0.011824 0.036276 0.998391 0.041944
46.600000 -4.662264 -2.152467 1.053742 -0.095921 -0.029366 0.990563 0.093394
47.050000 -5.034555 -2.346903 1.135647 -0.004215 0.107935 0.968741 0.223322
47.450000 -5.418810 -2.284238 1.268221 -0.018384 -0.010151 0.930513 0.365656
47.800000 -5.761058 -2.185855 1.412164 -0.003469 -0.019888 0.874352 0.484872
48.250000 -6.211285 -2.141513 1.667896 0.083680 0.046112 0.790762 0.604622
48.400000 -6.329380 -2.142815 1.749966 0.055063 0.157554 0.772601 0.612562
48.800000 -6.412770 -1.965782 1.857331 0.059645 -0.110192 0.739027 0.661921
49.000000 -6.434343 -1.903159 1.872179 0.191985 -0.143122 0.693396 0.679603
49.250000 -6.426873 -2.026231 1.821913 0.021352 0.116565 0.655944 0.745449
49.450000 -6.345597 -2.130009 1.767563 -0.080248 0.061645 0.577665 0.809977
49.600000 -6.270087 -2.159375 1.713148 0.007244 -0.030761 0.512265 0.858245
49.800000 -6.177193 -2.213699 1.633302 0.187993 -0.018462 0.390940 0.900824
50.000000 -6.044949 -2.379540 1.534901 0.040865 0.131406 0.292453 0.946326
50.250000 -5.748885 -2.615026 1.407697 -0.051665 -0.000062 0.121809 0.991208
50.450000 -5.478556 -2.765352 1.317299 0.042348 -0.025447 -0.005910 0.998761
50.650000 -5.226606 -2.934569 1.244066 0.011394 0.064469 -0.115891 0.991102
50.800000 -5.014465 -3.076385 1.201322 -0.013099 0.054110 -0.193339 0.979551
51.000000 -4.695007 -3.271195 1.178704 0.080194 -0.018810 -0.289453 0.953641
51.200000 -4.394008 -3.510941 1.184742 0.019723 -0.007886 -0.398471 0.916935
51.400000 -4.109297 -3.770648 1.160797 -0.038699 -0.020668 -0.516449 0.855193
51.600000 -3.823126 -4.003409 1.148160 -0.015909 0.016004 -0.631376 0.775148
51.850000 -3.447563 -4.279924 1.194050 0.012471 -0.140461 -0.736351 0.661742
52.000000 -3.259946 -4.410357 1.228279 0.038326 -0.227170 -0.782137 0.578953
52.200000 -3.106540 -4.484550 1.245562 -0.050031 -0.125188 -0.869295 0.475552
52.400000 -2.987732 -4.460141 1.252506 0.015577 0.025049 -0.934833 0.353860
52.650000 -2.855591 -4.432628 1.259857 0.100639 0.011425 -0.975784 0.193874
53.000000 -2.839928 -4.428158 1.247637 0.047244 -0.085324 -0.990980 0.091910
53.450000 -3.009358 -4.231540 1.210728 0.040248 0.041841 -0.981725 0.181232
53.850000 -3.180051 -4.124293 1.191368 -0.086095 0.042233 -0.919103 0.382169
54.000000 -3.189557 -4.104564 1.185723 -0.067363 0.038838 -0.878868 0.470685
54.250000 -3.131814 -4.077797 1.180870 0.000872 0.041385 -0.781627 0.622371
54.450000 -3.053573 -4.079371 1.182340 0.001906 0.029402 -0.678646 0.733874
54.650000 -2.957318 -4.099335 1.186147 -0.034524 0.043310 -0.566415 0.822257
54.850000 -2.821612 -4.119113 1.194519 -0.040556 0.057272 -0.457672 0.886347
55.050000 -2.632208 -4.131758 1.205349 -0.020867 0.045727 -0.358197 0.932292
55.200000 -2.461921 -4.139079 1.213507 -0.011323 0.032967 -0.291650 0.955890
55.600000 -1.932506 -4.152333 1.222211 -0.011408 0.026596 -0.151579 0.988021
56.050000 -1.250768 -4.156389 1.193830 0.006802 -0.009876 -0.056032 0.998357
56.450000 -0.656362 -4.138418 1.181801 -0.008147 0.010241 -0.016831 0.999773
56.800000 -0.124962 -4.098755 1.136810 0.055692 0.002997 -0.009039 0.998403
57.200000 0.483369 -4.170916 1.074359 -0.030008 -0.098572 -0.056631 0.993064
57.650000 0.909161 -4.190609 1.014570 -0.001501 0.034477 -0.179825 0.983093
58.000000 1.194208 -4.202729 0.996799 0.042146 -0.078808 -0.309343 0.946742
58.400000 1.321104 -4.234025 0.984536 -0.019317 -0.025378 -0.487505 0.872538
58.650000 1.308678 -4.213767 0.982245 0.029853 -0.009806 -0.598057 0.800837
58.850000 1.281667 -4.205305 0.990707 0.072025 -0.061470 -0.684830 0.722525
59.000000 1.219020 -4.205668 1.000064 0.062768 -0.072576 -0.749964 0.654482
59.200000 1.072037 -4.198565 1.013314 0.021454 -0.038355 -0.831755 0.553401
59.400000 0.886144 -4.176881 1.031337 0.025267 -0.004903 -0.896839 0.441607
59.600000 0.678584 -4.157430 1.053576 0.055918 0.005619 -0.944217 0.324494
59.800000 0.433842 -4.154297 1.077179 0.062644 -0.005092 -0.975546 0.210619
60.000000 0.141810 -4.159179 1.100565 0.034261 -0.010876 -0.993775 0.105442
60.400000 -0.513349 -4.158990 1.150673 0.014086 -0.003846 0.997460 0.069719
60.800000 -1.170223 -4.159347 1.200272 -0.025564 0.014968 0.979368 0.199902
61.250000 -1.944424 -4.102486 1.249972 0.030281 0.011270 0.948263 0.315837
61.600000 -2.496318 -4.028045 1.269114 -0.001536 0.035859 0.918851 0.392968
62.050000 -3.141684 -3.821584 1.266748 0.013679 0.064232 0.874057 0.481365
62.600000 -3.725226 -3.303827 1.238460 0.003262 0.055756 0.818499 0.571787
63.000000 -4.002677 -2.764041 1.207082 0.017790 0.031891 0.779802 0.624960
63.400000 -4.177494 -2.164451 1.168995 0.008804 0.023670 0.747694 0.663563
63.850000 -4.287781 -1.449926 1.124886 0.007226 0.009294 0.722638 0.691126
64.250000 -4.344206 -0.801588 1.090858 0.001983 0.009012 0.710984 0.703147
64.650000 -4.372819 -0.140836 1.066967 0.000456 0.000556 0.706564 0.707649
65.000000 -4.390893 0.441429 1.065342 0.000680 0.002519 0.705054 0.709149
65.400000 -4.400949 1.086437 1.068454 0.023630 -0.000546 0.702890 0.710906
65.800000 -4.373748 1.688560 1.080047 -0.018202 0.005520 0.707273 0.706685
66.200000 -4.358074 2.319222 1.115704 0.014987 -0.010593 0.730990 0.682141
66.600000 -4.348143 2.919749 1.200134 0.011361 -0.029031 0.751142 0.659404
67.000000 -4.316332 3.401736 1.288401 0.168153 0.007737 0.794542 0.583411
67.200000 -4.175906 3.542479 1.311035 -0.032672 0.236676 0.833850 0.497605
67.400000 -3.972139 3.779416 1.306010 -0.026260 -0.063526 0.870850 0.486719
67.800000 -3.613112 4.218895 1.296497 0.026548 0.004341 0.942751 0.332410
68.000000 -3.412874 4.418854 1.279561 -0.062921 -0.067530 0.935602 0.340779
68.450000 -3.213564 4.676208 1.240660 0.006916 -0.085492 0.871057 0.483635
68.800000 -3.233813 4.661847 1.220671 -0.040841 -0.014339 0.822900 0.566536
69.650000 -3.633587 4.348451 1.271421 -0.117717 -0.008508 0.892387 0.435564
69.800000 -3.737720 4.270824 1.295450 -0.121221 -0.074321 0.912585 0.383366
70.050000 -4.044033 4.110833 1.332266 0.065228 -0.114719 0.947803 0.290265
70.250000 -4.296142 3.887696 1.333603 0.199613 0.052055 0.935946 0.285396
70.400000 -4.393629 3.702423 1.322056 0.090647 0.166257 0.930484 0.313593
70.600000 -4.430585 3.534949 1.305958 -0.137009 0.091578 0.900872 0.401585
70.800000 -4.507653 3.482614 1.303924 -0.059743 -0.020834 0.843516 0.533364
71.050000 -4.651831 3.450109 1.319634 0.149830 0.079456 0.747288 0.642494
71.200000 -4.660339 3.405483 1.331898 0.061496 0.175849 0.727841 0.659956
71.400000 -4.564037 3.398780 1.338179 -0.107015 0.113809 0.723585 0.672324
71.600000 -4.446233 3.509901 1.338332 -0.106112 -0.012893 0.745031 0.658409
71.800000 -4.390557 3.672093 1.337790 0.085282 -0.097292 0.791929 0.596750
72.000000 -4.333364 3.754128 1.336744 0.157105 0.012242 0.832134 0.531715
72.200000 -4.187667 3.775700 1.323805 -0.004522 0.080485 0.887487 0.453728
72.400000 -4.007185 3.841724 1.324698 -0.152459 0.119680 0.913145 0.358608
72.650000 -3.872005 4.083658 1.313947 -0.045115 -0.038151 0.961665 0.267788
72.850000 -3.823752 4.288970 1.311826 0.090898 -0.119814 0.973554 0.171975
73.200000 -3.660150 4.424177 1.303361 -0.092553 -0.037100 0.993461 0.055608
73.800000 -3.725786 4.420869 1.293901 0.048144 -0.051455 0.985063 0.157115
74.250000 -3.835717 4.236922 1.306717 -0.136926 -0.082858 0.935824 0.314037
74.600000 -4.144133 3.969343 1.305647 0.069557 0.018124 0.921951 0.380578
75.000000 -4.361160 3.619027 1.307544 -0.092147 0.028854 0.859435 0.502043
75.200000 -4.436363 3.502467 1.313863 -0.173733 0.028873 0.790916 0.586033
75.400000 -4.596903 3.470959 1.304319 0.089748 0.052999 0.755890 0.646349
75.650000 -4.704952 3.434560 1.297557 0.111673 0.151865 0.717718 0.670333
75.800000 -4.656582 3.419997 1.282400 -0.013554 0.150842 0.728998 0.667551
76.050000 -4.499523 3.510026 1.262267 -0.114675 0.014978 0.755965 0.644315
76.200000 -4.435606 3.624587 1.254614 0.024675 -0.049788 0.794953 0.604121
76.400000 -4.358444 3.755568 1.258511 0.100201 0.046340 0.838354 0.533831
76.850000 -3.885053 4.104253 1.299454 -0.033886 0.091081 0.925472 0.366140
77.000000 -3.677261 4.308318 1.332915 -0.106454 -0.142896 0.923766 0.338975
77.450000 -3.273318 4.678638 1.408579 0.074815 0.065037 0.950819 0.293454
77.600000 -3.089485 4.773762 1.445584 -0.006265 0.050739 0.955656 0.290014
77.850000 -2.798273 4.958704 1.514190 -0.129868 -0.125712 0.935901 0.302357
78.200000 -2.684202 5.055617 1.604639 -0.011033 -0.091386 0.955251 0.281108
78.800000 -2.806149 4.852139 1.764654 -0.099452 -0.057330 0.982718 0.145216
79.250000 -3.218724 4.572452 1.864971 -0.005299 -0.001407 -0.998640 0.051854
79.600000 -3.584992 4.312923 1.928266 -0.011175 0.035721 -0.972897 0.228188
79.850000 -3.814909 4.091264 1.961213 -0.007981 0.053063 -0.934935 0.350738
80.000000 -3.940529 3.932035 1.975459 -0.031093 0.053689 -0.905541 0.419698
80.400000 -4.164880 3.435680 1.994309 -0.024365 0.051609 -0.818902 0.571089
80.800000 -4.255020 2.854183 1.996744 0.019229 -0.010655 -0.739439 0.672864
81.200000 -4.356158 2.245034 1.998799 -0.019907 0.036341 -0.681862 0.730307
81.600000 -4.374472 1.613738 1.999279 0.003270 0.011266 -0.651198 0.758817
82.000000 -4.353566 0.951931 1.999544 0.000505 -0.003541 -0.638551 0.769571
82.450000 -4.342057 0.213519 1.999666 -0.018411 0.013748 -0.629542 0.776627
82.800000 -4.306521 -0.348268 1.992418 -0.002805 -0.000501 -0.614685 0.788768
83.250000 -4.251760 -1.059865 1.916793 0.002358 -0.001757 -0.573764 0.819015
83.650000 -4.212822 -1.692693 1.776617 -0.010448 0.021218 -0.512690 0.858248
84.050000 -4.106057 -2.330509 1.583520 -0.023680 0.041094 -0.429830 0.901663
84.450000 -3.876771 -2.958044 1.386512 -0.034823 0.027267 -0.327254 0.943901
84.850000 -3.516508 -3.507995 1.249839 -0.069594 0.037425 -0.220465 0.972189
85.200000 -3.070332 -3.844141 1.193503 -0.041164 0.022243 -0.136187 0.989578
85.600000 -2.470558 -4.086092 1.199025 -0.057255 0.002269 -0.068271 0.996020
86.000000 -1.841144 -4.162714 1.246442 -0.027034 0.002774 -0.048142 0.998471
86.400000 -1.200934 -4.138021 1.303216 -0.014514 -0.001894 -0.084685 0.996300
86.850000 -0.483689 -4.060123 1.352607 0.015788 -0.005441 -0.194254 0.980809
87.250000 0.125470 -4.029380 1.374825 0.044300 -0.013383 -0.337629 0.940141
87.600000 0.592577 -4.090950 1.377759 0.046780 -0.018480 -0.478641 0.876569
88.000000 1.020437 -4.232238 1.371971 0.058063 -0.006763 -0.618717 0.783436
88.400000 1.313312 -4.484034 1.363786 0.095570 0.005354 -0.731575 0.675008
88.800000 1.409411 -4.939514 1.320572 0.043409 0.007909 -0.850464 0.524179
89.000000 1.404310 -5.208572 1.283786 0.009903 0.017637 -0.905164 0.424581
89.200000 1.388931 -5.489606 1.239474 0.027443 -0.064892 -0.948524 0.308768
89.450000 1.344344 -5.790504 1.176849 -0.099340 -0.083386 -0.982427 0.134220
89.600000 1.352798 -5.918007 1.153989 -0.049287 -0.035826 -0.997757 0.027732
89.800000 1.401239 -6.053170 1.151315 -0.054980 -0.006322 0.991296 0.119456
90.000000 1.417304 -6.178111 1.156514 -0.109706 -0.000758 0.965028 0.238084
90.400000 1.242508 -6.371042 1.233955 0.032976 0.063091 0.940482 0.332304
91.000000 1.202151 -6.429799 1.390693 0.028507 0.033320 0.880048 0.472855
91.200000 1.284745 -6.412039 1.415506 0.031903 0.033323 0.819422 0.571331
91.400000 1.401743 -6.385673 1.425687 0.028397 0.051947 0.729976 0.680904
91.600000 1.559893 -6.346624 1.423028 0.019823 0.050148 0.613488 0.787861
91.800000 1.757975 -6.296002 1.407903 0.022843 0.038077 0.476888 0.877842
92.000000 1.991270 -6.245116 1.383100 0.028997 0.042863 0.333033 0.941494
92.250000 2.333850 -6.194429 1.343513 0.017395 0.018906 0.160640 0.986679
92.450000 2.631840 -6.164149 1.303384 -0.020217 0.006598 0.040189 0.998966
92.600000 2.859334 -6.135676 1.267743 -0.015369 -0.000754 -0.036939 0.999199
93.000000 3.473452 -6.056158 1.210029 0.041178 0.025412 -0.176588 0.983095
93.400000 4.105618 -6.062451 1.221582 -0.031993 -0.047373 -0.212297 0.975532
93.800000 4.683282 -6.025128 1.181108 0.039280 0.027656 -0.159431 0.986039
94.200000 5.287390 -6.054339 1.115569 0.000832 -0.122059 0.014198 0.992421
94.400000 5.499623 -6.072926 1.086302 0.016395 -0.115420 0.138577 0.983466
94.600000 5.623838 -6.113806 1.056165 0.036332 0.005180 0.269868 0.962198
94.800000 5.743017 -6.181015 1.040881 -0.016106 -0.028912 0.397980 0.916797
95.000000 5.840356 -6.250349 1.037546 -0.071453 -0.074880 0.513616 0.851754
95.200000 5.866693 -6.304055 1.040252 -0.051680 -0.045853 0.613574 0.786609
95.450000 5.819212 -6.354870 1.052868 -0.031227 -0.006925 0.708036 0.705452
95.850000 5.654022 -6.373559 1.095713 -0.075402 0.014456 0.785516 0.614061
96.450000 5.194657 -6.116639 1.164717 -0.013051 0.057473 0.776175 0.627757
96.800000 4.955038 -5.809678 1.192089 -0.023670 0.038348 0.708382 0.704389
97.200000 4.735511 -5.337163 1.168146 0.030895 0.058209 0.593223 0.802336
97.600000 4.671628 -4.816916 1.083489 0.020553 0.032078 0.468044 0.882883
98.000000 4.758515 -4.296113 1.004997 0.059337 0.050852 0.308240 0.948094
98.450000 5.066185 -3.771422 0.967323 -0.047226 0.022948 0.157304 0.986153
98.800000 5.398909 -3.264418 0.972967 -0.003215 -0.015089 0.250449 0.968007
99.000000 5.577967 -2.964272 0.972154 0.006374 -0.031590 0.365256 0.930349
99.250000 5.776535 -2.600845 0.966969 -0.036736 -0.020796 0.523439 0.851017
99.400000 5.880414 -2.376706 0.969630 -0.060819 -0.049953 0.610907 0.787781
99.650000 5.989695 -1.988309 0.976849 0.005487 -0.005999 0.724606 0.689115
100.000000 6.127100 -1.453106 0.992111 0.004242 0.015595 0.769834 0.638040
100.400000 6.304554 -0.832983 1.013956 -0.068729 -0.079504 0.716411 0.689718
100.850000 6.251683 -0.147966 1.000400 0.010364 0.021459 0.661082 0.749935
101.250000 6.181954 0.470674 0.978282 -0.021399 -0.031328 0.651083 0.758057
101.400000 6.155756 0.706396 0.978157 -0.071028 -0.098397 0.647817 0.752068
101.800000 5.865674 1.311274 0.990831 0.057152 -0.016023 0.602650 0.795795
102.200000 5.580787 1.792598 1.056510 0.344912 0.073292 0.455121 0.817636
102.450000 5.619627 1.839459 1.059537 0.166703 -0.110714 0.425342 0.882631
102.600000 5.663748 1.718515 1.032477 -0.099252 0.050036 0.457597 0.882185
102.800000 5.721495 1.613657 1.038374 -0.195598 0.071157 0.457795 0.864351
103.050000 5.755975 1.671729 1.022192 0.006060 -0.137598 0.499971 0.855020
103.250000 5.686174 1.698878 1.019127 0.165048 0.015652 0.490135 0.855734
103.450000 5.661485 1.633264 1.015369 -0.029268 0.131654 0.506394 0.851690
103.650000 5.712974 1.605170 1.011920 -0.102603 0.001981 0.498669 0.860696
103.850000 5.744306 1.648682 1.010117 -0.005498 -0.112256 0.503530 0.856637
104.050000 5.704888 1.667222 1.008222 0.085098 -0.003173 0.497128 0.863488
104.200000 5.682056 1.642668 1.007532 0.016714 0.074362 0.500329 0.862474
104.600000 5.724517 1.631584 1.005568 -0.020496 -0.045432 0.496233 0.866757
