0.800000 0.500000 1.000000 1.000000 -0.000000 -0.000000 -0.000000 1.000000
8.600000 0.491396 1.010110 1.030323 -0.174437 -0.154890 0.016933 0.972262
9.000000 0.185821 1.317020 0.972590 0.182140 0.198839 0.023338 0.962675
9.200000 0.072759 1.430496 0.918216 0.022647 -0.067227 0.004554 0.997470
9.450000 -0.106653 1.515054 0.902568 -0.020781 -0.170096 0.011229 0.985144
9.650000 -0.403876 1.596483 0.929394 0.052085 0.014758 0.005938 0.998516
9.850000 -0.714196 1.641352 1.000196 0.082287 0.071859 0.006454 0.993994
10.050000 -0.973197 1.622362 1.106264 -0.007948 -0.077972 -0.006456 0.996903
10.250000 -1.271245 1.602839 1.237055 -0.148712 -0.014762 -0.023375 0.988494
10.400000 -1.510932 1.647658 1.330764 -0.032593 0.167162 -0.060906 0.983506
10.650000 -1.752428 1.724762 1.500472 0.210647 0.093341 -0.079250 0.969863
10.800000 -1.819898 1.663988 1.586487 0.158270 -0.029050 -0.117077 0.980000
11.050000 -1.956027 1.454283 1.699058 -0.106630 0.038102 -0.148136 0.982463
11.250000 -2.034449 1.342046 1.783254 0.005296 0.184157 -0.180626 0.966143
11.600000 -1.973392 1.162538 1.851894 -0.115568 -0.113714 -0.154443 0.974608
11.850000 -1.978841 1.166980 1.847166 -0.042325 0.070041 -0.110171 0.990538
12.000000 -1.959605 1.209996 1.825329 0.033573 0.060622 -0.041587 0.996729
12.200000 -1.899266 1.254658 1.778435 -0.066882 -0.043536 0.076476 0.993873
12.450000 -1.857201 1.366918 1.699746 -0.077723 0.004477 0.255366 0.963705
12.650000 -1.848902 1.525977 1.620165 -0.019370 0.000860 0.416122 0.909102
12.850000 -1.845741 1.706563 1.537725 -0.035673 0.018740 0.564508 0.824443
13.050000 -1.847945 1.916098 1.456372 -0.058369 0.034111 0.692015 0.718711
13.250000 -1.861656 2.174163 1.378824 -0.039426 0.016684 0.793357 0.607250
13.450000 -1.890620 2.465328 1.306924 -0.003505 0.012660 0.855628 0.517425
13.850000 -1.943474 3.079349 1.197550 0.004124 -0.000740 0.867946 0.496641
14.200000 -1.994341 3.617635 1.152800 -0.037521 -0.025153 0.859283 0.509502
14.600000 -2.177446 4.219544 1.154532 -0.024474 -0.009647 0.928131 0.371324
14.850000 -2.346211 4.596495 1.140244 0.047034 0.010396 0.975193 0.216050
15.000000 -2.433746 4.827779 1.110401 0.117332 -0.011323 0.986314 0.115278
15.200000 -2.479954 5.127054 1.056434 -0.087762 -0.048676 -0.994885 -0.011521
15.600000 -2.429177 5.760821 0.962792 0.130918 0.083930 -0.987380 -0.029940
16.000000 -2.639804 6.182011 1.016548 0.020470 -0.061568 0.993355 0.095055
16.650000 -2.845133 6.515123 1.096584 0.054403 0.016989 -0.993857 0.094868
16.800000 -2.858478 6.567232 1.095128 0.078690 0.026341 -0.980795 0.176511
17.050000 -2.937088 6.615185 1.066089 0.008267 0.054394 -0.936121 0.347347
17.200000 -2.988950 6.613686 1.033577 -0.004194 0.042918 -0.886398 0.460911
17.450000 -3.057587 6.575962 0.961476 0.018479 0.004558 -0.764136 0.644774
17.600000 -3.099590 6.541590 0.915517 -0.008036 -0.035675 -0.670362 0.741132
17.800000 -3.169487 6.512833 0.874866 0.002988 0.048799 -0.534855 0.843528
18.000000 -3.206733 6.476820 0.850648 -0.070897 0.207434 -0.410701 0.885025
18.200000 -3.119084 6.421482 0.796194 -0.008161 -0.162217 -0.385504 0.908298
18.600000 -3.132202 6.496351 0.764817 -0.071465 0.125018 -0.549580 0.822937
19.000000 -2.867808 6.578808 0.816109 0.162944 0.017184 -0.623468 0.764488
19.200000 -2.734034 6.480313 0.846038 -0.006653 -0.104329 -0.665198 0.739312
19.600000 -2.570972 6.346454 0.919269 0.048663 0.109651 -0.734544 0.667873
20.000000 -2.363502 5.976006 1.006009 0.074498 -0.075638 -0.818066 0.565240
20.400000 -2.384225 5.534650 1.099176 0.014729 0.020163 -0.889053 0.457122
21.050000 -2.681761 4.779712 1.277277 0.017922 -0.095274 -0.930636 0.352871
21.400000 -3.047462 4.517353 1.349141 0.008441 -0.040787 -0.926953 0.372859
22.000000 -3.762237 4.183491 1.370403 -0.049716 0.021276 -0.869279 0.491354
22.600000 -4.278520 3.673703 1.281245 -0.005903 0.076340 -0.790548 0.607594
23.000000 -4.442672 3.124175 1.222759 -0.019691 0.055605 -0.718061 0.693476
23.400000 -4.454322 2.495461 1.172527 -0.004448 0.000931 -0.643787 0.765191
23.850000 -4.433281 1.774722 1.123704 -0.000758 -0.006778 -0.594748 0.803883
24.200000 -4.430579 1.227928 1.092878 -0.011139 0.005215 -0.598317 0.801165
24.650000 -4.383347 0.530937 1.049237 0.015537 -0.000435 -0.659047 0.751941
25.050000 -4.345770 -0.116441 0.996969 0.004057 -0.013459 -0.772320 0.635077
25.400000 -4.341390 -0.669027 0.950526 -0.051257 0.009111 -0.881032 0.470184
25.600000 -4.300704 -0.971477 0.927195 -0.007769 -0.000782 -0.942860 0.333097
25.800000 -4.259142 -1.269276 0.922618 0.136801 -0.006569 -0.976653 0.165506
26.000000 -4.311985 -1.576836 0.941920 -0.094931 -0.002587 0.995314 0.018171
26.200000 -4.445971 -1.885213 0.967648 -0.000992 0.064178 0.978749 0.194757
26.400000 -4.586025 -2.154973 0.974441 0.022030 0.086749 0.927081 0.364020
26.600000 -4.693428 -2.371977 0.963425 -0.054888 0.004817 0.853884 0.517539
26.800000 -4.827204 -2.551996 0.994519 -0.100549 -0.051207 0.765960 0.632908
27.000000 -5.050521 -2.713702 1.062779 -0.026634 -0.029592 0.710184 0.702889
27.200000 -5.309408 -2.869116 1.152700 0.023308 0.144446 0.679079 0.719336
27.600000 -5.600231 -2.991588 1.352089 -0.085997 0.024131 0.712391 0.696076
27.800000 -5.730214 -2.952041 1.477664 -0.004949 -0.061993 0.739806 0.669940
28.200000 -6.046529 -2.899588 1.677391 -0.041929 0.118942 0.742380 0.658002
28.600000 -6.259722 -2.620764 1.749763 0.014912 0.056783 0.656057 0.752424
29.000000 -6.322269 -2.226036 1.717328 0.155770 -0.031854 0.484324 0.860320
29.200000 -6.288154 -2.140669 1.666953 0.088809 0.024289 0.392493 0.915135
29.400000 -6.212042 -2.121340 1.605586 0.001560 0.038665 0.271285 0.961721
29.650000 -6.077180 -2.103259 1.529587 0.066782 -0.008445 0.094356 0.993260
29.800000 -5.995509 -2.117198 1.486321 0.105478 0.020133 -0.013143 0.994131
30.000000 -5.873785 -2.201198 1.426682 0.024307 0.049844 -0.156068 0.986188
30.200000 -5.721710 -2.322289 1.369211 0.031760 0.015541 -0.288786 0.956740
30.400000 -5.559151 -2.471568 1.315693 0.068940 0.025580 -0.395543 0.915499
30.800000 -5.246712 -2.920216 1.210924 0.025592 0.000447 -0.537969 0.842576
31.250000 -4.937408 -3.555059 1.111869 -0.001311 0.024248 -0.595536 0.802961
31.650000 -4.609111 -4.153920 1.020875 0.044253 -0.027808 -0.688496 0.723354
31.800000 -4.488719 -4.374445 0.997301 0.087418 -0.056958 -0.756384 0.645753
32.000000 -4.399482 -4.677551 0.987183 0.068536 -0.052201 -0.856518 0.508875
32.200000 -4.381864 -4.973919 0.998240 -0.013320 -0.045274 -0.933408 0.355701
32.400000 -4.380490 -5.237300 1.027851 -0.006924 -0.066939 -0.971102 0.228980
32.800000 -4.406741 -5.661989 1.108061 0.015578 0.057038 -0.991665 0.114472
33.200000 -4.457397 -6.150479 1.155587 -0.021778 -0.140187 -0.984614 0.102025
33.800000 -4.501429 -6.387231 1.128057 0.019099 0.011339 0.993141 0.114795
34.050000 -4.500697 -6.410677 1.107803 -0.007411 0.059841 0.951632 0.301264
34.250000 -4.489129 -6.384058 1.089800 -0.053816 0.077627 0.885352 0.455225
34.450000 -4.484235 -6.290545 1.066015 -0.040278 0.043027 0.795940 0.602500
34.650000 -4.484674 -6.147004 1.040336 -0.013948 0.025959 0.689672 0.723522
34.800000 -4.481761 -6.021801 1.022143 -0.021180 0.030294 0.606180 0.794468
35.000000 -4.470355 -5.829491 1.000430 -0.047529 0.040605 0.498353 0.864718
35.200000 -4.449862 -5.593442 0.981845 -0.020338 0.025281 0.404472 0.913975
35.600000 -4.361080 -5.067609 0.962391 0.028322 0.041952 0.261523 0.963869
36.200000 -3.965780 -4.363100 0.960988 0.058206 0.043435 0.141235 0.987309
36.650000 -3.441858 -4.019786 0.986323 0.039402 0.030474 0.092969 0.994422
37.050000 -2.849188 -3.876221 1.032962 0.053313 0.005061 0.062145 0.996629
37.450000 -2.232137 -3.866948 1.070267 -0.014400 -0.007625 0.042123 0.998979
37.800000 -1.709349 -3.887880 1.096354 0.098853 0.003079 0.029355 0.994664
38.050000 -1.324485 -3.981754 1.120227 -0.091773 -0.003696 0.020643 0.995559
38.400000 -0.792665 -4.029907 1.126958 0.025812 0.004071 0.005041 0.999646
38.800000 -0.186777 -4.116438 1.132472 -0.016500 -0.023964 -0.017659 0.999421
39.200000 0.388387 -4.182448 1.155011 -0.007652 -0.022217 -0.046940 0.998621
39.600000 0.901688 -4.231273 1.163264 0.116954 -0.043366 -0.103364 0.986791
40.050000 1.283546 -4.550819 1.133869 -0.062587 -0.096262 -0.214838 0.969877
40.400000 1.419166 -4.755616 1.069799 0.049318 -0.009262 -0.389597 0.919617
40.600000 1.456485 -4.892613 1.037232 0.064052 -0.044048 -0.526655 0.846517
40.800000 1.444872 -5.054545 1.016825 0.019641 -0.012504 -0.669582 0.742373
41.000000 1.408709 -5.224436 1.044394 -0.046424 0.009983 -0.794347 0.605606
41.200000 1.399391 -5.379869 1.102186 -0.063424 -0.010061 -0.888826 0.453722
41.450000 1.426161 -5.550744 1.153924 0.057570 0.020536 -0.959859 0.273742
41.600000 1.422705 -5.666811 1.174538 0.020256 -0.032578 -0.982153 0.184130
42.000000 1.380565 -5.936810 1.247832 0.002305 0.017985 -0.999608 0.021317
42.400000 1.309505 -6.219420 1.408812 -0.042448 0.030026 0.989151 0.137389
42.800000 1.180113 -6.411434 1.621304 0.120735 0.099531 0.929874 0.332944
43.000000 1.229812 -6.438908 1.700790 0.058566 0.070276 0.897436 0.431555
43.200000 1.349204 -6.438912 1.763415 0.008828 -0.004791 0.840942 0.541032
43.400000 1.484759 -6.438897 1.815260 0.027163 0.005171 0.757004 0.652825
43.650000 1.662299 -6.443632 1.862493 -0.138339 0.014186 0.642162 0.753850
43.850000 1.755389 -6.375698 1.886329 -0.162464 -0.032489 0.550543 0.818201
44.000000 1.769772 -6.262671 1.887484 -0.040410 -0.072353 0.506723 0.858116
44.250000 1.759477 -6.089544 1.881576 0.251998 0.156771 0.411596 0.861689
44.600000 2.105944 -6.053363 1.754350 -0.031590 -0.005063 0.333047 0.942367
44.800000 2.371228 -6.030176 1.673177 0.030619 -0.110959 0.272958 0.955115
45.800000 2.936055 -6.193233 1.314815 -0.018141 -0.020084 0.388196 0.921179
46.250000 2.761028 -6.177005 1.343347 -0.079369 -0.026189 0.536670 0.839643
46.650000 2.373499 -5.999989 1.415350 -0.046744 0.011122 0.678378 0.733140
47.000000 1.949399 -5.738004 1.446577 -0.036919 0.067485 0.792713 0.604722
47.400000 1.487916 -5.261629 1.398548 0.002350 0.012412 0.896111 0.443650
47.800000 1.061886 -4.738838 1.305587 0.006970 -0.035434 0.957246 0.287013
48.200000 0.622874 -4.325523 1.228009 -0.015730 -0.061174 0.984250 0.165114
48.600000 0.104217 -4.090872 1.166344 -0.005522 -0.044689 0.994479 0.094784
49.000000 -0.454617 -4.004564 1.114626 -0.013959 -0.049613 0.995002 0.085529
49.400000 -1.063813 -4.051479 1.069875 -0.002898 -0.001255 0.990649 0.136399
49.850000 -1.768803 -4.116841 1.030103 -0.001386 0.018476 0.968264 0.249243
50.200000 -2.312037 -4.111933 1.012407 0.001100 0.042308 0.934436 0.353607
50.650000 -2.950662 -3.966846 1.007597 0.004327 0.066095 0.876400 0.477007
51.000000 -3.357601 -3.704415 1.013052 0.015514 0.063606 0.830300 0.553458
51.400000 -3.685520 -3.265701 1.027148 -0.004099 0.051918 0.787433 0.614197
51.800000 -3.921662 -2.696106 1.107915 0.004827 0.003326 0.756969 0.653424
52.250000 -4.145859 -2.021736 1.333225 0.009708 0.027421 0.734243 0.678263
52.600000 -4.251769 -1.472676 1.560764 0.014027 0.007210 0.719821 0.693980
53.000000 -4.323284 -0.848171 1.794885 0.009732 0.021601 0.703190 0.710607
53.450000 -4.338666 -0.177379 1.949929 0.087124 -0.076229 0.634146 0.764498
53.850000 -4.345421 0.154183 1.982147 0.030903 -0.013131 0.554994 0.831176
54.200000 -4.346397 0.305963 1.965567 0.074582 -0.039467 0.458429 0.884716
54.600000 -4.349171 0.274893 1.906460 0.046077 -0.013107 0.332212 0.941987
55.000000 -4.349085 0.067818 1.826695 -0.058710 0.008637 0.225844 0.972354
55.850000 -4.352140 0.107042 1.816789 -0.083840 0.010576 0.127418 0.988243
56.450000 -4.385057 0.631840 1.917341 -0.061950 0.006065 0.110243 0.991954
56.850000 -4.405751 1.180703 1.971645 -0.011575 0.026308 0.124547 0.991797
57.200000 -4.377032 1.724776 1.992778 -0.010933 -0.016545 0.146666 0.988987
57.600000 -4.363546 2.367957 1.997903 0.007353 0.021691 0.175631 0.984190
58.050000 -4.269688 3.081758 1.999606 0.025041 0.050708 0.211604 0.975718
58.400000 -4.053305 3.600334 1.991739 0.083739 0.018757 0.233526 0.968556
58.850000 -3.640213 4.119463 1.908726 0.004677 0.070128 0.254832 0.964428
59.200000 -3.195146 4.502471 1.829520 0.074443 0.003406 0.255036 0.964056
59.650000 -2.525530 4.810334 1.746723 0.009708 0.009895 0.239834 0.970715
60.050000 -1.879871 5.012479 1.711421 0.015249 -0.012413 0.204913 0.978583
60.450000 -1.316122 5.168040 1.709542 -0.000792 -0.104570 0.127639 0.986292
60.850000 -1.040870 5.286190 1.729698 0.015229 -0.038330 0.000078 0.999149
61.250000 -0.917624 5.359462 1.739590 -0.020321 0.162996 -0.144242 0.975814
61.650000 -0.559476 5.424352 1.651985 -0.042262 -0.025659 -0.259639 0.964439
62.250000 0.171072 5.730632 1.628895 -0.009618 0.019802 -0.319467 0.947342
62.650000 0.797018 5.983889 1.629049 0.053082 -0.018174 -0.288975 0.955691
63.050000 1.364929 6.137998 1.554995 0.082135 0.048374 -0.217870 0.971312
63.450000 1.972129 6.107575 1.408501 -0.053108 -0.108206 -0.136725 0.983248
63.850000 2.380551 6.201907 1.233392 0.005970 0.058002 -0.153642 0.986405
64.250000 2.800332 6.309200 1.063423 0.024504 -0.025628 -0.297797 0.953970
64.450000 3.007116 6.319655 0.988413 -0.057137 0.073523 -0.381140 0.919816
64.800000 3.518235 6.348166 0.899745 0.115963 0.081916 -0.489905 0.860137
65.200000 4.156958 6.130571 0.882006 -0.043658 -0.220121 -0.479773 0.848209
65.400000 4.341366 6.086928 0.882599 -0.120181 -0.059075 -0.488560 0.862193
65.600000 4.508392 6.149621 0.883169 -0.012489 0.107640 -0.557825 0.822854
65.800000 4.744492 6.191247 0.917692 0.169002 0.057107 -0.672667 0.718120
66.000000 4.935611 6.122215 0.958108 0.103730 -0.111601 -0.806323 0.571514
66.200000 5.020029 6.047838 0.997556 0.006963 -0.095618 -0.914192 0.393778
66.400000 5.052666 6.034390 1.024013 -0.042454 -0.002182 -0.975416 0.216231
66.650000 5.119741 6.031673 1.052611 0.059234 0.062932 -0.995737 0.032237
66.800000 5.142989 5.996223 1.072652 -0.116584 -0.028041 0.991784 0.044570
67.200000 4.970699 5.910781 1.104092 -0.044876 0.054472 0.994243 0.080620
67.600000 4.622533 5.964014 1.094280 0.038781 0.025250 -0.997160 0.059409
67.800000 4.413992 5.976425 1.089174 0.056137 0.011566 -0.983823 0.169728
68.000000 4.164789 5.971372 1.092497 0.025512 0.007878 -0.956996 0.288871
68.200000 3.895231 5.952626 1.109491 -0.009362 0.040822 -0.914100 0.403321
68.400000 3.640090 5.908259 1.139520 -0.004501 0.068925 -0.860659 0.504475
68.600000 3.415000 5.820908 1.176582 0.006390 0.065646 -0.803440 0.591721
69.000000 3.022315 5.531572 1.259416 -0.000624 0.023918 -0.692721 0.720808
69.450000 2.681587 5.099710 1.342924 -0.005417 0.071953 -0.595949 0.799774
69.850000 2.569542 4.612053 1.374144 -0.033269 0.027006 -0.524544 0.850304
70.450000 2.635318 3.900812 1.355365 -0.017777 0.086449 -0.388410 0.917250
70.850000 2.895960 3.395443 1.286234 -0.058127 0.019087 -0.192921 0.979305
71.050000 3.074375 3.164228 1.202105 -0.069921 0.053051 -0.065541 0.993982
71.250000 3.294442 2.980153 1.103670 0.036377 0.069081 0.069389 0.994530
71.450000 3.571824 2.780840 1.040696 0.069815 -0.000812 0.187270 0.979824
71.600000 3.794724 2.595592 1.013993 0.020262 0.007484 0.262609 0.964661
72.000000 4.417609 2.112135 1.008521 -0.071963 0.018396 0.355987 0.931534
72.250000 4.798691 1.880546 1.016295 0.165433 -0.173649 0.322222 0.915779
72.650000 5.295907 1.219273 1.017061 -0.080636 0.091825 0.185184 0.975076
72.800000 5.538451 0.990322 1.012585 -0.087205 -0.108205 0.109089 0.984269
73.050000 5.844680 0.667370 1.000561 0.045615 -0.066086 -0.069944 0.994314
73.200000 5.968564 0.456825 0.988081 -0.021301 0.024846 -0.174999 0.984025
73.450000 6.183685 0.115288 1.002591 0.020005 -0.063016 -0.344665 0.936395
73.650000 6.318694 -0.152976 1.037101 0.072023 -0.033221 -0.463056 0.882773
73.850000 6.400885 -0.451893 1.077052 0.041776 -0.018599 -0.567865 0.821850
74.050000 6.450823 -0.772321 1.110904 0.021338 -0.049181 -0.653021 0.755440
74.400000 6.452229 -1.301354 1.164373 -0.242712 -0.276792 -0.700228 0.611685
74.600000 6.435567 -1.368395 1.168405 -0.353367 -0.348234 -0.677295 0.543264
74.800000 6.459464 -1.080784 1.064999 0.072441 0.096441 -0.767362 0.629767
75.000000 6.496071 -0.822466 1.148166 0.254251 0.268309 -0.723603 0.582894
75.450000 6.483199 -1.079091 1.136351 -0.167059 -0.160493 -0.755576 0.612730
75.600000 6.459721 -1.162531 1.151034 -0.195866 -0.204181 -0.740986 0.609005
75.800000 6.455491 -1.101460 1.131839 -0.065024 0.037677 -0.770289 0.633252
76.050000 6.526234 -0.992507 1.134683 0.160214 0.102076 -0.758835 0.622961
76.200000 6.556434 -1.019105 1.132122 0.135843 -0.030482 -0.761393 0.633165
76.450000 6.504955 -1.111861 1.128261 -0.096412 -0.092488 -0.765292 0.629665
76.650000 6.455293 -1.098230 1.128175 -0.102031 0.034926 -0.763726 0.636469
76.850000 6.473892 -1.044942 1.125805 0.036972 0.083470 -0.767399 0.634638
77.050000 6.517092 -1.045131 1.125626 0.085177 -0.008138 -0.763957 0.639569
77.200000 6.521589 -1.075606 1.124416 0.007442 -0.061229 -0.766948 0.638737
