0.800000 0.500000 1.000000 1.000000 -0.000000 -0.000000 -0.000000 1.000000
8.600000 0.491396 1.010110 1.030323 -0.174437 -0.154890 0.016933 0.972262
9.050000 0.144917 1.356365 0.965420 0.188072 0.212596 0.029858 0.958405
9.200000 0.072759 1.430496 0.918216 0.022647 -0.067227 0.004554 0.997470
9.450000 -0.106628 1.515045 0.902506 -0.022679 -0.170506 0.011184 0.985032
9.650000 -0.404221 1.598719 0.928515 0.047858 0.008632 0.005215 0.998803
9.850000 -0.720205 1.648897 0.999243 0.088211 0.064661 0.005933 0.993983
10.200000 -1.162062 1.616527 1.204457 -0.023014 0.015419 -0.011354 0.999552
10.650000 -1.613482 1.544383 1.556774 0.124876 0.044539 -0.038093 0.990440
10.800000 -1.723588 1.436621 1.659101 0.014981 0.037105 -0.052267 0.997831
11.450000 -1.941157 0.816556 1.951264 -0.008537 0.055206 -0.079129 0.995298
11.850000 -1.850913 0.364416 1.986928 -0.096055 -0.007170 -0.053221 0.993926
12.450000 -1.690375 0.081078 1.896898 -0.058138 0.004071 0.114078 0.991761
12.800000 -1.626983 0.092229 1.798771 -0.061533 -0.011693 0.283570 0.956904
13.000000 -1.614721 0.165990 1.731240 -0.047167 -0.003660 0.388800 0.920107
13.250000 -1.622301 0.308123 1.641866 -0.055926 0.029618 0.513501 0.855752
13.450000 -1.634254 0.473469 1.568483 -0.057103 0.029055 0.603117 0.795075
13.650000 -1.653871 0.688152 1.495598 -0.038296 0.019616 0.677823 0.733965
14.050000 -1.711935 1.209662 1.363972 -0.008119 0.023531 0.762757 0.646206
14.450000 -1.755017 1.805897 1.256601 -0.005124 0.004429 0.789380 0.613867
14.850000 -1.798275 2.431489 1.169402 -0.009796 -0.012154 0.805312 0.592646
15.250000 -1.893148 3.045417 1.109977 -0.014986 -0.007633 0.834627 0.550558
15.600000 -2.011611 3.581024 1.104389 0.010915 0.006879 0.884011 0.467288
16.050000 -2.172139 4.280587 1.167352 -0.037427 -0.027706 0.919555 0.390192
16.450000 -2.404516 4.841666 1.172364 0.109174 -0.049850 0.844936 0.521229
16.850000 -2.489402 5.171687 1.112365 0.017734 0.093345 0.970605 0.221129
17.000000 -2.481642 5.320170 1.102629 -0.013535 0.059090 0.996034 0.065131
17.250000 -2.485244 5.637577 1.105505 0.093060 -0.076035 -0.989256 0.083247
17.650000 -2.700810 6.268322 1.143358 -0.010117 -0.198475 0.979776 0.023329
18.200000 -3.128753 6.610930 1.040010 0.041465 0.006768 -0.998423 0.037221
18.600000 -3.527408 6.675631 1.073140 -0.099671 0.045583 -0.978299 0.175838
19.200000 -3.647219 6.635225 1.291426 0.028784 -0.000767 -0.959666 0.279665
19.600000 -3.571043 6.557822 1.478226 -0.083783 0.015415 -0.913375 0.398106
19.800000 -3.476245 6.538994 1.567310 -0.085105 0.048860 -0.863374 0.494930
20.050000 -3.258052 6.516510 1.663273 -0.020998 0.032184 -0.763897 0.644193
20.200000 -3.097474 6.497284 1.714175 -0.009793 0.011209 -0.673541 0.739000
20.450000 -2.810885 6.464380 1.786297 -0.023377 0.035458 -0.478112 0.877272
20.650000 -2.551615 6.440639 1.830498 -0.009655 0.044403 -0.294266 0.954643
20.850000 -2.259774 6.414874 1.862080 0.020948 -0.033427 -0.111961 0.992929
21.050000 -1.991871 6.375122 1.890837 0.050288 -0.194616 0.038648 0.978827
21.250000 -1.845431 6.295537 1.898732 0.048553 -0.044288 0.134148 0.988780
21.450000 -1.739995 6.174071 1.908635 0.030225 0.226049 0.158874 0.960597
21.850000 -1.183831 5.953852 1.877749 0.002348 -0.079148 0.015946 0.996733
22.050000 -0.908907 5.861339 1.848194 0.010745 0.054192 -0.078571 0.995376
22.450000 -0.281271 5.678532 1.777705 0.016690 -0.054344 -0.169043 0.983968
22.850000 0.300951 5.488441 1.694888 -0.029465 0.030841 -0.071164 0.996552
23.250000 0.916854 5.331975 1.670281 -0.049486 -0.018549 0.078090 0.995545
23.650000 1.509444 5.350751 1.657897 -0.030990 0.019293 0.042033 0.998449
24.050000 2.133282 5.483648 1.590638 0.001628 -0.001154 -0.176005 0.984387
24.250000 2.456124 5.552575 1.542454 0.054397 -0.010100 -0.291177 0.955068
24.450000 2.763529 5.592455 1.483322 0.009630 0.000309 -0.383882 0.923332
24.850000 3.357338 5.770113 1.319110 -0.084354 -0.033070 -0.428159 0.899150
25.000000 3.576566 5.935486 1.230933 0.037381 0.101460 -0.400474 0.909906
25.200000 3.911641 6.113180 1.117798 0.166780 0.031477 -0.319246 0.932350
25.400000 4.246346 6.172398 1.006151 0.020108 -0.049074 -0.241974 0.968832
25.600000 4.537635 6.204906 0.926487 -0.100581 -0.032274 -0.166799 0.980316
25.850000 4.888406 6.340545 0.873404 0.035983 0.057541 -0.184324 0.980520
26.000000 5.124227 6.414474 0.859432 0.098822 -0.026798 -0.253829 0.961814
26.200000 5.406744 6.456557 0.853386 0.072431 -0.126198 -0.400095 0.904849
26.450000 5.623532 6.484599 0.844286 -0.016804 -0.018166 -0.595140 0.803241
26.600000 5.723552 6.515223 0.851050 0.042678 0.021342 -0.697302 0.715187
26.800000 5.847057 6.524925 0.880472 0.117794 0.050701 -0.806825 0.576703
27.000000 5.922383 6.457910 0.913352 0.110178 -0.040701 -0.889336 0.441911
27.200000 5.912573 6.369762 0.943822 0.036157 -0.089560 -0.944313 0.314553
27.400000 5.847311 6.326441 0.970985 -0.009038 -0.027837 -0.977386 0.209429
27.850000 5.645096 6.277898 1.036170 0.097782 -0.008723 -0.991951 0.079977
28.400000 5.021259 6.236256 1.080375 0.013419 0.010276 -0.993483 0.112723
28.800000 4.453870 6.204535 1.066397 0.023212 0.029929 -0.972423 0.230130
29.200000 3.859133 6.071435 1.008031 -0.014471 0.033892 -0.921584 0.386425
29.600000 3.317123 5.872696 1.033142 -0.017870 0.002960 -0.840246 0.541903
30.000000 2.851313 5.670971 1.219174 -0.016321 0.080293 -0.739771 0.667851
30.450000 2.545319 5.283903 1.550689 -0.002992 0.040655 -0.624186 0.780211
30.850000 2.416065 4.839550 1.827332 -0.034775 0.076727 -0.523979 0.847555
31.250000 2.486195 4.358061 1.969173 -0.015605 0.046606 -0.418997 0.906657
31.650000 2.705569 3.871042 1.947742 -0.031848 0.047108 -0.303488 0.951137
32.050000 3.076862 3.415121 1.777344 -0.024945 0.023808 -0.187226 0.981712
32.450000 3.595703 3.044864 1.496278 -0.042769 0.041549 -0.070536 0.995725
32.850000 4.206696 2.786659 1.124875 0.020251 -0.059183 0.003293 0.998036
33.250000 4.744257 2.404889 0.883434 0.058518 0.074382 -0.042441 0.994606
33.450000 5.092423 2.123062 0.828983 -0.028005 -0.072943 -0.109347 0.990928
33.800000 5.617124 1.709677 0.824609 -0.048538 0.010342 -0.248222 0.967431
34.000000 5.903434 1.519111 0.833209 0.247597 -0.013813 -0.320869 0.914083
34.250000 6.179958 1.090205 0.838042 0.040571 -0.094776 -0.460778 0.881507
34.400000 6.286676 0.801644 0.866731 -0.071230 -0.145250 -0.521615 0.837703
34.600000 6.373080 0.501635 0.910149 -0.107021 -0.013304 -0.590507 0.799794
34.850000 6.510319 0.218088 0.966934 0.107004 0.065270 -0.648368 0.750939
35.050000 6.617952 -0.083161 1.016840 0.148415 -0.044557 -0.680093 0.716562
35.200000 6.640445 -0.357075 1.045536 0.073815 -0.156256 -0.714561 0.677893
35.450000 6.545279 -0.764419 1.075506 -0.104904 -0.005737 -0.759187 0.642337
35.650000 6.483276 -1.023511 1.092697 -0.043774 0.099816 -0.786508 0.607886
35.850000 6.494838 -1.305694 1.099539 0.034798 0.075677 -0.811065 0.578996
36.050000 6.523966 -1.649063 1.097686 0.071988 -0.066195 -0.823661 0.558586
36.200000 6.501804 -1.906824 1.093517 0.117026 -0.188310 -0.815313 0.534892
36.400000 6.365936 -2.204100 1.053629 0.002693 -0.043772 -0.828578 0.558153
36.650000 6.148393 -2.537648 1.009480 -0.017753 0.117660 -0.790865 0.600311
37.050000 5.933720 -3.208099 0.996321 0.075194 -0.149858 -0.754190 0.634890
37.400000 5.533079 -3.739419 0.992471 -0.017414 -0.017278 -0.805517 0.592064
37.600000 5.253406 -4.006262 1.002520 -0.040954 0.060548 -0.831276 0.551032
38.050000 4.751559 -4.680615 1.112524 -0.221419 -0.131740 -0.796556 0.546916
38.250000 4.608792 -4.853557 1.109428 -0.121352 -0.008980 -0.723686 0.679317
38.400000 4.547099 -4.915073 1.101074 0.089567 0.109205 -0.625422 0.767397
38.600000 4.493773 -5.081589 1.093222 0.135819 0.200239 -0.465537 0.851313
38.850000 4.514763 -5.476367 1.043178 -0.080888 -0.039650 -0.375832 0.922299
39.000000 4.554497 -5.695186 1.032008 -0.124329 -0.075496 -0.328197 0.933343
39.400000 4.613936 -6.042696 1.031172 0.008015 -0.003443 -0.256086 0.966615
39.850000 4.602332 -6.332977 1.148822 -0.067212 -0.107163 -0.082266 0.988550
40.000000 4.527503 -6.374777 1.211167 -0.039681 -0.069341 -0.009122 0.996762
40.400000 4.218658 -6.423431 1.397339 -0.013747 -0.042563 0.163754 0.985487
40.800000 3.777161 -6.437233 1.561677 -0.047159 -0.035035 0.325570 0.943691
41.050000 3.410018 -6.397569 1.626626 -0.007359 0.004137 0.452206 0.891873
41.200000 3.184749 -6.366736 1.649811 -0.008260 0.022678 0.539624 0.841560
41.400000 2.890995 -6.314867 1.653118 -0.015855 0.001583 0.660361 0.750779
41.600000 2.594452 -6.254459 1.616512 0.015571 -0.024912 0.773926 0.632594
41.800000 2.293733 -6.209566 1.538442 0.020247 -0.023858 0.870634 0.490936
42.000000 1.995978 -6.185067 1.419557 0.049993 0.040859 0.937988 0.340602
42.200000 1.735660 -6.153471 1.256005 0.123790 0.009005 0.965595 0.228518
42.600000 1.440236 -6.095046 0.842919 -0.001583 0.035869 0.967082 0.251919
42.800000 1.335231 -6.038370 0.681658 -0.006940 0.031560 0.929266 0.367994
43.000000 1.236214 -5.949160 0.611607 0.018746 0.054371 0.869121 0.491244
43.400000 1.161155 -5.671024 0.625562 -0.003269 0.040243 0.813779 0.579771
43.800000 1.157107 -5.283760 0.761062 -0.003161 0.049532 0.880938 0.470621
44.200000 1.156241 -4.777235 0.911990 -0.058885 0.003393 0.955584 0.288758
44.400000 1.139313 -4.484434 0.978899 -0.102321 -0.152401 0.958972 0.216048
44.850000 0.813839 -4.138454 1.030278 -0.001744 -0.026722 0.995630 0.089462
45.450000 0.156858 -3.932438 1.018752 0.037330 0.064345 -0.997046 0.019098
45.800000 -0.364060 -3.931881 1.012565 -0.004754 0.001509 -0.993989 0.109362
46.200000 -0.958537 -3.964629 1.018900 0.004765 0.004486 -0.992841 0.119263
46.600000 -1.555888 -3.993597 1.031183 -0.003881 0.050396 0.997541 0.048548
46.800000 -1.860343 -3.976219 1.037571 -0.003095 0.028478 0.983504 0.178602
47.050000 -2.239621 -3.937422 1.043566 0.033668 -0.116527 0.953192 0.276971
47.400000 -2.769253 -4.078517 1.055269 -0.008537 0.024973 0.997599 0.064030
47.600000 -3.076732 -4.186975 1.069093 -0.007283 -0.120920 -0.988521 0.090280
48.000000 -3.688724 -4.171659 1.091958 0.023271 0.070652 -0.983166 0.166890
48.450000 -4.351713 -4.299771 1.089533 -0.137373 0.000884 -0.897284 0.419534
48.600000 -4.502396 -4.373201 1.068865 -0.128207 -0.031408 -0.832926 0.537411
48.800000 -4.641461 -4.412628 1.033090 -0.041076 0.072567 -0.734819 0.673118
49.000000 -4.715798 -4.456574 1.020279 0.068105 0.148494 -0.615844 0.770744
49.250000 -4.734575 -4.647866 1.017408 -0.087592 -0.101290 -0.471375 0.871707
49.400000 -4.761795 -4.741402 1.041380 -0.204572 -0.122678 -0.359269 0.902234
49.600000 -4.819185 -4.706266 1.063251 -0.166508 0.038171 -0.261111 0.950073
49.800000 -4.823887 -4.553754 1.078139 0.078953 0.091852 -0.123157 0.984968
50.050000 -4.760899 -4.421339 1.111854 -0.059695 -0.089717 0.074834 0.991356
50.200000 -4.759521 -4.335753 1.133807 -0.164759 0.034094 0.188086 0.967634
50.400000 -4.764666 -4.129562 1.145651 -0.012193 0.028253 0.360521 0.932243
50.600000 -4.757108 -3.884715 1.160601 -0.041796 -0.064426 0.505544 0.859376
50.800000 -4.795521 -3.636034 1.187803 -0.074129 -0.000208 0.615503 0.784641
51.000000 -4.873894 -3.348311 1.212492 -0.038104 -0.008714 0.698189 0.714845
51.450000 -5.125889 -2.663078 1.238702 -0.002840 -0.007542 0.798466 0.601986
51.850000 -5.403290 -2.068472 1.214606 -0.047540 -0.017511 0.819012 0.571535
52.250000 -5.780489 -1.443792 1.183192 0.035013 0.026105 0.788610 0.613341
52.650000 -6.064287 -0.819770 1.179154 0.044941 0.041692 0.734161 0.676202
53.050000 -6.182396 -0.227293 1.177000 0.054370 -0.034289 0.699775 0.711465
53.400000 -6.227195 0.183819 1.147729 -0.016422 0.099351 0.756525 0.646166
53.800000 -6.201133 0.761984 1.126992 -0.007213 -0.033965 0.805038 0.592206
54.200000 -6.249977 1.338644 1.227876 -0.035651 0.016138 0.764482 0.643456
54.650000 -6.344476 2.007848 1.383945 0.323287 -0.225406 0.602386 0.694125
54.800000 -6.346509 2.071300 1.402584 0.302007 -0.252565 0.591532 0.703628
55.050000 -6.329179 1.849968 1.332656 -0.047607 0.075887 0.661657 0.744435
55.250000 -6.285532 1.671286 1.354776 -0.265564 0.187826 0.611107 0.721627
55.400000 -6.268061 1.676044 1.340482 -0.152902 0.033650 0.650982 0.742773
55.650000 -6.311555 1.790913 1.317711 0.117413 -0.098993 0.660817 0.734667
55.800000 -6.357959 1.790885 1.319790 0.162656 0.001106 0.656160 0.736882
56.000000 -6.357321 1.717411 1.312255 -0.026231 0.116422 0.670780 0.731991
56.200000 -6.298924 1.690992 1.309633 -0.120052 -0.006496 0.663122 0.738792
56.400000 -6.279600 1.733240 1.306409 -0.005488 -0.076368 0.668804 0.739485
56.800000 -6.331575 1.723286 1.302988 0.016024 0.063877 0.666397 0.742683
