0.800000 0.500000 1.000000 1.000000 -0.000000 -0.000000 -0.000000 1.000000
8.600000 0.475431 1.027881 1.038922 -0.147820 -0.147777 0.015690 0.977786
9.050000 0.151462 1.341197 0.953613 0.008358 0.031957 0.006338 0.999434
9.200000 0.039492 1.457990 0.920271 -0.039423 -0.068266 0.006597 0.996866
9.650000 -0.483831 1.858131 0.943979 0.092871 0.069414 0.033562 0.992688
10.000000 -0.843725 2.022015 1.092107 -0.049935 -0.079352 0.043421 0.994648
10.450000 -1.395796 2.270630 1.407269 -0.042932 0.117189 0.027979 0.991787
10.650000 -1.579521 2.412971 1.551806 -0.133807 0.105098 -0.007160 0.985393
10.800000 -1.664736 2.570651 1.626760 0.090765 0.004990 -0.042023 0.994973
11.050000 -1.795371 2.756668 1.743373 0.226216 0.039846 -0.098826 0.968231
11.250000 -1.890485 2.755275 1.779636 -0.146808 0.056640 -0.166903 0.973336
11.450000 -1.937104 2.801053 1.793635 -0.217882 -0.055212 -0.216656 0.950021
11.850000 -1.994023 3.279563 1.682423 0.021157 0.083165 -0.361662 0.928351
12.250000 -1.987211 3.790625 1.546301 -0.066342 -0.088401 -0.358717 0.926880
12.650000 -2.117303 4.436787 1.408646 0.046567 -0.028768 -0.240812 0.969027
13.000000 -2.283001 4.964611 1.259230 -0.007235 0.111027 -0.086693 0.990002
13.450000 -2.196399 5.629870 1.143378 0.066403 -0.072466 0.037963 0.994434
13.650000 -2.135844 5.885312 1.089384 0.137473 0.027273 0.048176 0.988957
13.800000 -2.086067 6.009783 1.049374 0.032451 0.159751 0.043096 0.985682
14.250000 -1.627527 6.333854 0.967392 0.053086 -0.052014 -0.069112 0.994837
14.650000 -1.334376 6.513234 0.955931 0.036813 -0.072601 -0.216999 0.972772
15.050000 -1.263956 6.579207 0.981790 0.045547 -0.007793 -0.427149 0.903000
15.200000 -1.248516 6.583228 1.004092 0.079399 -0.045178 -0.520264 0.849105
15.400000 -1.279606 6.560125 1.040482 0.055891 -0.060555 -0.648408 0.756820
15.600000 -1.376206 6.529148 1.083213 0.020330 -0.035557 -0.766063 0.641459
15.850000 -1.544260 6.501634 1.146288 0.029250 0.000058 -0.879861 0.474330
16.050000 -1.702769 6.472142 1.201226 0.062005 -0.005321 -0.939289 0.337435
16.200000 -1.849130 6.441756 1.243078 0.066829 -0.022538 -0.967467 0.242969
16.400000 -2.090732 6.403908 1.297533 0.042183 -0.029956 -0.989125 0.137678
16.800000 -2.662439 6.372976 1.396213 0.003560 0.000765 -0.999864 0.016070
17.200000 -3.259733 6.355297 1.453075 -0.006684 0.003863 0.999879 0.013497
17.600000 -3.870392 6.347046 1.444324 0.005433 0.005470 0.999600 0.027211
18.000000 -4.450702 6.353740 1.390023 -0.115746 -0.009708 -0.988632 -0.095468
18.400000 -4.781890 6.357723 1.361099 0.031470 0.003026 0.972048 0.232646
18.800000 -4.956701 6.355269 1.388509 0.047592 0.028080 0.896414 0.439760
19.000000 -4.993731 6.356195 1.416697 0.061397 0.049846 0.825307 0.559119
19.200000 -4.971371 6.362542 1.447483 0.039403 0.050768 0.731210 0.679118
19.400000 -4.897282 6.376477 1.478579 0.017933 0.040527 0.610045 0.791126
19.600000 -4.786699 6.398532 1.507027 0.021787 0.045495 0.466095 0.883296
19.800000 -4.638214 6.423082 1.527597 0.025951 0.060471 0.307276 0.949342
20.000000 -4.441134 6.443609 1.537402 0.014840 0.059446 0.139739 0.988291
20.200000 -4.197793 6.459035 1.535674 0.012372 0.032835 -0.028121 0.998988
20.450000 -3.856058 6.463663 1.518441 0.026884 0.013762 -0.226332 0.973582
20.650000 -3.573035 6.444832 1.491515 0.040673 0.000640 -0.368905 0.928577
20.850000 -3.299382 6.397684 1.454154 0.056687 -0.014322 -0.493631 0.867704
21.000000 -3.112000 6.341350 1.420436 0.068774 -0.021415 -0.574381 0.815413
21.250000 -2.853610 6.205194 1.356394 0.068125 -0.012353 -0.686832 0.723511
21.400000 -2.732807 6.098610 1.318949 0.066738 -0.007492 -0.742090 0.666927
21.800000 -2.529164 5.730768 1.246130 0.055307 -0.018759 -0.849642 0.524116
22.250000 -2.509948 5.264038 1.200418 0.040042 -0.037254 -0.913176 0.403878
22.850000 -2.822262 4.748099 1.173930 0.038407 -0.051087 -0.932380 0.355784
23.400000 -3.429689 4.412024 1.158301 -0.003287 0.001830 -0.911919 0.410353
23.800000 -3.903207 4.179393 1.144608 -0.048751 0.043520 -0.873980 0.481548
24.200000 -4.204235 3.896026 1.115287 0.022417 0.086456 -0.799394 0.594132
24.600000 -4.369720 3.401527 1.081254 -0.021990 0.037105 -0.675621 0.735986
25.000000 -4.415114 2.834220 1.052435 0.013160 0.028790 -0.560918 0.827266
25.400000 -4.390219 2.211348 1.029074 -0.010529 -0.000847 -0.517558 0.855583
25.800000 -4.357060 1.601489 1.020254 0.008256 -0.007962 -0.531333 0.847085
26.200000 -4.348518 0.992740 1.025618 0.011909 -0.001006 -0.576080 0.817306
26.600000 -4.360806 0.363317 1.041534 -0.010069 0.008391 -0.637679 0.770191
27.000000 -4.346453 -0.264768 1.061400 0.006988 -0.018176 -0.720180 0.693514
27.450000 -4.381100 -0.944441 1.085351 0.034885 -0.027979 -0.879311 0.474143
27.600000 -4.425536 -1.161440 1.087856 -0.052821 -0.096524 -0.931920 0.345568
27.850000 -4.486137 -1.423575 1.079655 -0.058043 -0.091005 -0.988797 0.103101
28.000000 -4.496714 -1.513794 1.068332 -0.014010 0.028900 0.999001 0.031057
28.200000 -4.517371 -1.610204 1.060938 -0.068146 -0.023609 0.984386 0.160570
29.000000 -5.115701 -1.819598 1.084884 0.066424 -0.041037 0.957331 0.278245
29.450000 -5.437363 -1.899157 1.191244 -0.101869 0.108413 0.890087 0.430830
29.800000 -5.689315 -1.756066 1.318315 0.105046 0.026263 0.823430 0.556991
30.650000 -5.499346 -1.551175 1.631245 -0.005102 -0.015000 0.772056 0.635356
31.000000 -5.295003 -1.486287 1.736190 0.048118 0.080935 0.749853 0.654870
31.400000 -4.900391 -1.340044 1.840682 -0.087693 0.022248 0.729369 0.678112
31.800000 -4.576050 -0.992454 1.920154 -0.033542 -0.008165 0.711436 0.701902
32.450000 -4.330211 -0.161454 1.993523 0.002938 -0.019937 0.670847 0.741322
32.850000 -4.283316 0.447522 1.995996 -0.017272 -0.000159 0.640724 0.767577
33.200000 -4.262010 0.993835 1.997895 -0.001682 -0.003622 0.604398 0.796672
33.600000 -4.254078 1.621663 1.999066 0.003788 -0.004115 0.538188 0.842806
34.050000 -4.220049 2.316070 1.982241 0.027204 0.093656 0.415941 0.904147
34.450000 -4.046215 2.957512 1.961305 0.012550 -0.044221 0.276608 0.959883
34.800000 -3.948458 3.474108 1.976022 0.037466 0.042696 0.168562 0.984053
35.200000 -3.753081 3.969205 1.987641 0.061247 0.003292 0.068012 0.995797
35.850000 -3.266915 4.432817 1.928555 0.025936 -0.028160 -0.081892 0.995906
36.200000 -2.984465 4.555314 1.859954 0.063368 0.042925 -0.173194 0.981909
36.650000 -2.557736 4.511019 1.745375 0.042007 0.018582 -0.303249 0.951804
37.050000 -2.140677 4.299590 1.676212 0.077903 -0.038144 -0.407871 0.908910
37.400000 -1.907943 3.982575 1.634440 0.055523 -0.013227 -0.524019 0.849792
37.600000 -1.812789 3.768782 1.654236 -0.270629 0.024066 -0.562095 0.781172
37.850000 -1.559866 3.671096 1.663587 -0.057968 -0.080432 -0.692242 0.714822
38.050000 -1.346923 3.694786 1.659475 0.172235 -0.060737 -0.754741 0.630088
38.450000 -1.255411 3.680957 1.626673 -0.227567 0.031028 -0.787628 0.571745
38.650000 -1.149955 3.742769 1.615080 -0.126453 0.104036 -0.750730 0.639992
38.850000 -0.897091 3.823745 1.607304 0.029780 0.084180 -0.671092 0.735977
39.050000 -0.604290 3.840466 1.618260 0.092979 -0.066569 -0.532680 0.838556
39.250000 -0.383783 3.830661 1.637370 -0.124149 -0.014476 -0.367797 0.921468
39.400000 -0.212834 3.871021 1.660365 -0.132240 0.081194 -0.246405 0.956663
39.650000 0.167142 4.034343 1.686388 -0.007435 0.000072 -0.029264 0.999544
39.850000 0.496314 4.190345 1.705971 -0.046058 -0.103596 0.127960 0.985278
40.050000 0.758875 4.368816 1.713951 -0.066011 0.014710 0.248038 0.966387
40.250000 1.005662 4.590329 1.713833 0.076694 0.009176 0.328969 0.941177
40.450000 1.272504 4.771025 1.724216 0.139688 -0.125629 0.348818 0.918167
40.850000 1.711308 4.853113 1.726866 -0.024005 0.001782 0.302387 0.952881
41.250000 2.071578 4.868114 1.740722 0.149217 -0.064821 0.074686 0.983847
41.450000 2.190012 4.754337 1.725795 -0.007741 0.018461 -0.064221 0.997735
41.650000 2.309227 4.626065 1.713053 -0.134543 -0.071870 -0.184255 0.970970
41.850000 2.400223 4.595294 1.699412 -0.102485 -0.137049 -0.279990 0.944627
42.050000 2.426735 4.666863 1.671771 0.060905 0.095780 -0.340660 0.933310
42.250000 2.486753 4.690114 1.670094 0.135606 0.127720 -0.336302 0.923146
42.450000 2.604323 4.592124 1.657759 0.045882 -0.026898 -0.316436 0.947122
42.650000 2.699768 4.442347 1.656657 -0.001080 -0.049345 -0.259611 0.964451
42.850000 2.762847 4.298856 1.665769 0.013920 0.123311 -0.189419 0.974023
43.050000 2.897578 4.130057 1.670084 0.084390 0.131878 -0.113845 0.981084
43.250000 3.116966 3.902466 1.640758 -0.045533 -0.051411 -0.053383 0.996210
43.650000 3.558104 3.530733 1.549961 -0.016948 0.123810 0.050921 0.990854
43.850000 3.868796 3.393609 1.482628 -0.016946 -0.096279 0.110593 0.989046
44.000000 4.077538 3.294841 1.441957 -0.051117 -0.244588 0.164192 0.954256
44.250000 4.224077 3.140869 1.347352 -0.020265 0.004773 0.227675 0.973514
44.450000 4.294022 3.035939 1.289619 -0.011935 0.053827 0.291411 0.955008
44.800000 4.435102 2.908957 1.211578 -0.084437 -0.120560 0.399256 0.904947
45.050000 4.386331 2.859514 1.161154 -0.013730 0.002179 0.468741 0.883226
45.450000 4.292837 2.844942 1.193227 -0.033914 0.029481 0.577079 0.815451
45.850000 4.191082 2.964891 1.376064 -0.094695 -0.074407 0.654077 0.746779
46.200000 3.860811 3.124144 1.575940 -0.036972 0.037144 0.702815 0.709439
46.600000 3.419745 3.434107 1.791075 -0.042565 0.021834 0.721727 0.690523
47.000000 2.961383 3.877775 1.935563 0.038301 0.080211 0.703046 0.705568
47.400000 2.692874 4.399912 1.990268 0.035234 0.025423 0.643813 0.763948
47.800000 2.588433 4.911367 1.995894 0.062673 0.046766 0.531763 0.843275
48.050000 2.620529 5.182311 1.997033 0.039897 0.043255 0.434943 0.898533
48.450000 2.811952 5.558817 1.988800 0.027891 0.063181 0.250043 0.965768
48.650000 2.971418 5.723648 1.962714 0.011968 0.060866 0.155637 0.985865
49.050000 3.416822 6.033827 1.872196 0.029164 0.044726 -0.004407 0.998564
49.400000 3.908264 6.239174 1.745092 0.082909 0.012780 -0.099685 0.991477
49.800000 4.505636 6.300178 1.496711 0.025491 0.010685 -0.080159 0.996399
50.200000 5.122042 6.228007 1.160851 0.046421 -0.005250 0.114740 0.992296
50.400000 5.437582 6.138191 0.975306 0.013146 -0.005399 0.259439 0.965655
50.600000 5.751646 6.033715 0.791490 0.000488 -0.000845 0.411359 0.911473
50.850000 6.143348 5.900193 0.581604 -0.006304 -0.011433 0.582053 0.813046
51.000000 6.369345 5.819023 0.500169 -0.085318 -0.082369 0.658140 0.743497
51.250000 6.618173 5.697097 0.452453 -0.093434 -0.064811 0.757312 0.643077
51.400000 6.682852 5.634032 0.453929 -0.059457 -0.053407 0.808576 0.582939
51.800000 6.716449 5.493536 0.573281 -0.058203 0.048560 0.901996 0.425038
52.200000 6.598373 5.532898 0.771520 -0.094434 -0.035912 0.958690 0.265905
52.600000 6.205626 5.615456 0.970956 -0.017483 0.018346 0.994047 0.105960
53.000000 5.717196 5.732634 1.138990 0.060128 0.001945 -0.996915 0.050413
53.400000 5.087177 5.849344 1.247639 0.001585 0.024826 -0.979917 0.197845
53.800000 4.436913 5.891283 1.305859 0.013076 0.029042 -0.940783 0.337511
54.250000 3.718602 5.818859 1.374660 -0.005674 0.052358 -0.874381 0.482373
54.650000 3.161631 5.605664 1.453722 -0.011866 0.077810 -0.802728 0.591128
55.050000 2.772615 5.224191 1.531366 -0.002747 0.067208 -0.726320 0.684058
55.450000 2.541557 4.699354 1.585185 -0.015594 0.053149 -0.646667 0.760758
55.850000 2.468137 4.097461 1.602024 -0.029205 0.046824 -0.564626 0.823500
56.250000 2.557873 3.480639 1.548418 -0.029505 0.046829 -0.481143 0.874893
56.650000 2.813010 2.872509 1.419703 -0.022556 0.041505 -0.402731 0.914099
57.050000 3.187076 2.265717 1.242250 0.009164 -0.010205 -0.358224 0.933535
57.450000 3.547704 1.647183 1.066404 0.005581 -0.020565 -0.410784 0.911484
57.850000 3.845186 1.036741 0.975147 -0.018369 0.027975 -0.536601 0.843172
58.250000 4.197463 0.438128 1.021351 0.044315 -0.145384 -0.679324 0.717927
58.450000 4.309408 0.195890 1.074196 0.033259 -0.113264 -0.754794 0.645253
58.600000 4.334834 0.048373 1.111744 -0.042287 0.011057 -0.801789 0.596006
58.850000 4.413589 -0.187970 1.180420 -0.029792 0.114839 -0.830189 0.544712
59.050000 4.546672 -0.427886 1.234470 0.056573 -0.068442 -0.826677 0.555626
59.250000 4.625545 -0.658251 1.327346 0.054052 -0.217643 -0.789902 0.570759
59.600000 4.507565 -0.812220 1.486680 -0.042377 -0.025337 -0.779767 0.624120
59.850000 4.397511 -0.820093 1.603745 0.013955 0.090679 -0.790892 0.605039
60.050000 4.350338 -0.877506 1.663040 -0.091392 0.072144 -0.776493 0.619274
60.200000 4.378367 -0.935275 1.698803 -0.038768 -0.000972 -0.786781 0.616013
61.250000 5.024055 -1.360006 1.738863 -0.001419 0.048427 -0.820908 0.569002
61.650000 5.481152 -1.739087 1.683746 0.069571 0.003827 -0.823361 0.563225
62.050000 5.823673 -2.270907 1.625713 0.044885 0.008685 -0.853040 0.519839
62.450000 6.030660 -2.882725 1.541083 0.070688 -0.034805 -0.927496 0.365436
62.800000 6.036647 -3.387376 1.433596 0.020676 -0.088583 -0.972598 0.213959
63.400000 5.815076 -3.928419 1.330447 0.057014 -0.031162 -0.989929 0.125776
64.050000 5.193379 -4.284582 1.262016 -0.036880 0.041843 -0.933606 0.353933
64.200000 5.040717 -4.368358 1.224279 -0.051056 0.053526 -0.897370 0.435035
64.600000 4.782478 -4.656445 1.098004 -0.137372 -0.114505 -0.798698 0.574543
65.000000 4.690806 -4.628929 0.964729 -0.034364 0.018738 -0.727851 0.684618
65.200000 4.684826 -4.516569 0.894093 0.094090 0.029676 -0.652223 0.751579
65.450000 4.646620 -4.452524 0.808430 0.004262 0.027299 -0.539003 0.841851
65.800000 4.614265 -4.427635 0.724680 0.030756 0.073396 -0.445403 0.891787
66.400000 4.714957 -4.667811 0.663784 0.026513 0.011862 -0.596065 0.802411
66.800000 4.749505 -4.978169 0.710413 0.039679 0.010704 -0.670786 0.740511
67.200000 4.745755 -5.404051 0.827216 -0.036042 -0.011334 -0.576421 0.816279
67.400000 4.739267 -5.605721 0.892374 -0.097428 -0.036206 -0.457152 0.883295
67.650000 4.744535 -5.757311 0.975507 -0.004388 0.030634 -0.285271 0.957947
67.850000 4.775029 -5.857320 1.043882 0.039639 0.119309 -0.132612 0.983162
68.050000 4.878359 -5.995658 1.101466 -0.031555 -0.011229 0.003270 0.999434
68.200000 4.963919 -6.093277 1.153769 -0.120774 -0.198000 0.108793 0.966630
68.400000 4.957106 -6.164373 1.214203 -0.046202 -0.118933 0.219675 0.967193
68.650000 4.809775 -6.222395 1.287714 0.015869 0.048955 0.330425 0.942428
69.000000 4.638808 -6.286767 1.393105 -0.107544 -0.074952 0.471354 0.872148
69.400000 4.238586 -6.252419 1.465034 0.002339 -0.019770 0.641009 0.767276
69.600000 3.980598 -6.243792 1.475468 -0.022898 0.024320 0.723239 0.689789
69.800000 3.721099 -6.215870 1.462812 -0.061442 0.003890 0.800705 0.595887
70.050000 3.353198 -6.146039 1.425937 -0.010245 -0.037900 0.886619 0.460831
70.250000 3.031183 -6.103785 1.395869 0.045759 -0.026702 0.937053 0.345144
70.450000 2.727201 -6.090339 1.356673 0.031668 0.014064 0.971539 0.234333
70.600000 2.516045 -6.083261 1.311590 -0.011302 0.021883 0.987916 0.153022
70.850000 2.157060 -6.054321 1.201933 0.006800 -0.019002 0.998881 0.042761
71.200000 1.698747 -6.050332 1.039221 -0.114894 0.037909 -0.992228 0.029090
71.800000 1.426529 -6.186947 0.889783 -0.060939 -0.005583 0.996120 0.063245
72.200000 1.150305 -6.277898 0.963743 -0.018924 0.036688 0.981742 0.185683
72.400000 0.939478 -6.289169 1.042148 0.133730 0.100613 0.953028 0.252451
72.800000 0.846487 -6.154635 1.175887 0.008074 0.084067 0.929674 0.358571
73.200000 0.941356 -5.815219 1.234553 0.022064 0.021525 0.879443 0.475005
73.600000 1.112221 -5.390223 1.210126 0.018381 0.070577 0.807446 0.585415
74.000000 1.445259 -4.861354 1.129857 0.057462 -0.022049 0.715634 0.695759
74.400000 1.873849 -4.430634 1.055432 0.060683 0.020020 0.607522 0.791728
74.850000 2.528104 -4.103212 1.014525 0.056821 -0.028883 0.491614 0.868477
75.200000 3.062477 -4.000423 1.016215 0.030797 0.005027 0.431030 0.901798
75.600000 3.710984 -3.979807 1.050381 0.004499 -0.014036 0.409247 0.912305
76.050000 4.415165 -3.983147 1.108688 -0.048341 0.003929 0.448159 0.892637
76.400000 4.911464 -3.887759 1.164442 -0.073468 -0.017720 0.512765 0.855196
76.800000 5.333179 -3.621477 1.230655 -0.058392 -0.009068 0.606947 0.792542
77.200000 5.598708 -3.211809 1.304664 -0.079020 -0.009260 0.705750 0.703979
77.650000 5.676899 -2.589591 1.414950 -0.036173 -0.030168 0.805707 0.590438
78.050000 5.564561 -2.027758 1.532084 -0.049114 -0.042456 0.868824 0.490846
78.450000 5.264676 -1.510937 1.643161 0.006806 -0.057658 0.911503 0.407175
78.600000 5.122964 -1.355417 1.682707 0.313048 -0.116699 0.880405 0.336556
78.850000 5.088787 -1.275350 1.663166 0.162531 0.005084 0.975095 0.150822
79.000000 5.192025 -1.286778 1.643584 0.073872 -0.061857 -0.995093 0.022527
79.200000 5.279028 -1.257126 1.676414 0.283237 -0.142511 -0.899230 0.301419
79.450000 5.097576 -1.163360 1.659219 0.097489 0.022678 -0.821829 0.560873
79.650000 4.838345 -1.133526 1.651954 -0.063008 0.114908 -0.733409 0.667036
79.800000 4.692555 -1.139017 1.659020 -0.070521 0.101351 -0.681949 0.720902
80.000000 4.572447 -1.160308 1.705599 0.088437 -0.107266 -0.622880 0.769866
80.450000 4.050767 -1.151997 1.849587 -0.071816 0.345286 -0.536157 0.766913
80.650000 3.954291 -1.195074 1.844909 0.107181 0.218941 -0.519395 0.819027
80.850000 3.973955 -1.386338 1.804157 -0.007760 -0.121098 -0.477830 0.870030
81.050000 3.928796 -1.557325 1.802247 -0.266138 -0.280991 -0.389796 0.835628
81.250000 3.792877 -1.509835 1.727333 -0.013802 0.099746 -0.373670 0.922080
81.400000 3.725583 -1.437032 1.717226 0.174059 0.190366 -0.289560 0.921748
81.600000 3.726214 -1.472993 1.683871 0.095053 0.183747 -0.213954 0.954686
81.850000 3.859796 -1.599932 1.643943 -0.164278 -0.120734 -0.174627 0.963297
82.200000 3.992866 -1.413648 1.713567 0.053944 0.145161 -0.242186 0.957791
82.400000 4.154042 -1.285833 1.778381 0.086195 -0.027904 -0.297324 0.950468
82.650000 4.321898 -1.196010 1.826002 -0.061973 -0.083603 -0.383037 0.917852
82.850000 4.403331 -1.077415 1.813899 -0.047459 0.181271 -0.463969 0.865807
83.050000 4.597133 -0.977515 1.774285 0.109966 0.157532 -0.548949 0.813477
83.250000 4.856321 -1.005765 1.722680 0.161251 -0.052139 -0.620139 0.765968
83.450000 5.019050 -1.116067 1.692087 0.005549 -0.195101 -0.706383 0.680387
83.650000 5.077369 -1.152650 1.670229 -0.084102 0.034953 -0.773908 0.626715
83.850000 5.169740 -1.149313 1.659440 -0.014286 0.081406 -0.823045 0.561931
84.050000 5.316421 -1.194020 1.656092 0.106702 0.078810 -0.852481 0.505647
84.250000 5.435623 -1.325460 1.654365 0.061231 -0.054957 -0.882886 0.462323
84.450000 5.501280 -1.463589 1.655156 -0.070779 0.051512 -0.911866 0.401045
84.850000 5.732260 -1.794940 1.660289 0.122724 0.056901 -0.973279 0.185549
85.050000 5.792244 -2.049526 1.659237 0.130928 -0.031732 -0.988814 0.064009
85.250000 5.750752 -2.295746 1.655905 0.054799 -0.124674 -0.989336 -0.051643
85.650000 5.569878 -2.534827 1.649128 0.012444 -0.033112 0.976096 0.214440
86.050000 5.445808 -2.744163 1.649741 -0.017676 -0.012130 0.947914 0.317805
86.400000 5.398242 -2.964632 1.665093 0.050183 0.082668 0.880370 0.464324
86.650000 5.464782 -3.067269 1.681508 -0.042813 0.103949 0.813902 0.570021
86.850000 5.554988 -3.056558 1.686870 -0.085175 0.054474 0.749052 0.654751
87.050000 5.624217 -2.973490 1.688142 -0.047407 -0.036587 0.699895 0.711731
87.850000 5.645636 -2.457085 1.644488 0.020519 0.057733 0.866023 0.496235
88.000000 5.691161 -2.325746 1.641244 -0.015259 0.023852 0.924765 0.379483
88.250000 5.761173 -2.092749 1.652891 -0.035341 -0.119919 0.973384 0.192078
88.450000 5.772542 -1.973307 1.658605 -0.081508 -0.030252 0.992140 0.089995
88.650000 5.725557 -1.886325 1.656630 0.029986 -0.064066 -0.997475 -0.006344
89.050000 5.580189 -1.574445 1.646022 0.033450 -0.049787 -0.986101 0.154941
89.250000 5.485095 -1.345984 1.646192 0.108182 0.030824 -0.957862 0.264286
89.450000 5.321451 -1.157386 1.651458 0.111135 0.090321 -0.914396 0.378643
89.600000 5.159534 -1.075810 1.650240 0.077192 0.053553 -0.878169 0.469034
89.850000 4.849865 -1.017591 1.652463 -0.031053 0.023208 -0.797340 0.602284
90.000000 4.672886 -0.993285 1.665799 -0.059094 0.049924 -0.742129 0.665778
90.250000 4.453792 -0.961462 1.702925 0.015326 0.111500 -0.655656 0.746624
90.450000 4.342031 -0.995562 1.723957 0.076666 0.061011 -0.589159 0.802054
90.800000 4.177852 -1.169253 1.693163 -0.163818 0.008967 -0.509282 0.844816
91.250000 4.200709 -1.225516 1.582858 0.010046 0.107582 -0.509757 0.853506
91.400000 4.299465 -1.284565 1.538767 0.041748 -0.046200 -0.529357 0.846111
91.850000 4.542733 -1.412223 1.448889 -0.068811 0.105721 -0.618454 0.775630
92.050000 4.743886 -1.437382 1.413538 0.041147 0.094856 -0.673502 0.731918
92.250000 4.986848 -1.527864 1.377332 0.099703 -0.010047 -0.719086 0.687658
92.650000 5.335964 -1.795942 1.306343 -0.004050 0.014794 -0.815489 0.578569
93.050000 5.628351 -2.113729 1.240827 0.110334 0.031300 -0.882747 0.455635
93.400000 5.723752 -2.554415 1.178193 0.031804 -0.049912 -0.931117 0.359886
93.850000 5.667153 -3.071443 1.107315 0.051228 -0.000590 -0.967665 0.246983
94.400000 5.334258 -3.666135 1.037327 0.060447 -0.045000 -0.988048 0.134468
94.800000 4.860399 -3.969904 0.994385 0.011551 -0.015833 -0.997488 0.068071
95.200000 4.325686 -4.211252 0.966465 0.002109 -0.040632 -0.998995 0.018802
95.600000 3.788705 -4.339055 0.955022 -0.032005 -0.023535 -0.999070 -0.016750
96.000000 3.343792 -4.383742 0.961070 -0.046509 -0.017611 -0.998013 -0.038676
96.400000 3.003303 -4.362695 0.980252 -0.078383 0.043949 0.994941 0.044911
97.050000 2.152763 -4.159578 1.008149 -0.001647 -0.015243 0.998981 0.042460
97.400000 1.631773 -4.090549 1.023905 -0.020396 -0.006628 0.999288 0.031054
97.800000 0.992391 -4.036041 1.045276 0.013076 -0.018624 0.999640 0.014228
98.250000 0.291046 -4.024387 1.085080 0.005883 -0.016858 -0.999828 0.004948
98.650000 -0.339217 -3.987410 1.150788 -0.003206 0.007052 -0.999719 0.022411
99.000000 -0.887361 -3.961016 1.214016 0.002475 0.004702 -0.999023 0.043862
99.450000 -1.595922 -3.949786 1.269121 0.001268 0.016477 -0.994787 0.100626
99.800000 -2.148149 -3.978442 1.272606 -0.007453 0.025442 -0.981978 0.187128
100.200000 -2.758677 -4.067031 1.222862 0.005504 -0.006004 -0.928248 0.371872
100.400000 -3.064133 -4.114184 1.190444 -0.016077 -0.039148 -0.874294 0.483549
100.650000 -3.451219 -4.136562 1.161755 0.008602 0.016901 -0.800521 0.599005
101.050000 -3.990200 -4.267985 1.118277 0.010583 0.123078 -0.715828 0.687263
101.400000 -4.278956 -4.613963 1.050691 -0.024748 -0.004059 -0.647289 0.761832
101.800000 -4.509601 -5.026009 1.010075 0.007373 0.147665 -0.539435 0.828946
102.000000 -4.505858 -5.293727 1.038051 -0.017516 -0.042344 -0.461914 0.885740
102.200000 -4.502266 -5.543885 1.109937 -0.159275 -0.085634 -0.353104 0.917941
102.600000 -4.509343 -5.724369 1.279034 0.011969 0.063554 -0.204731 0.976680
102.850000 -4.452992 -5.803796 1.407109 -0.078341 -0.056673 -0.094511 0.990817
103.200000 -4.434047 -5.762741 1.579429 -0.009569 0.018743 0.072351 0.997157
103.450000 -4.418132 -5.652646 1.678870 -0.052724 0.001341 0.205754 0.977181
103.600000 -4.408663 -5.566682 1.728939 -0.087682 0.005145 0.286465 0.954056
103.800000 -4.408806 -5.400201 1.778570 -0.062593 -0.004421 0.393868 0.917023
104.050000 -4.439491 -5.130015 1.800807 -0.069604 -0.017335 0.517312 0.852785
104.250000 -4.502453 -4.874277 1.774465 -0.092565 -0.019558 0.600098 0.794312
104.600000 -4.726900 -4.333457 1.641808 -0.021793 -0.039882 0.717394 0.695184
105.000000 -5.079841 -3.715618 1.391509 0.023275 0.030211 0.789264 0.612869
105.400000 -5.362453 -3.096359 1.125650 0.015088 0.002069 0.812847 0.582278
105.800000 -5.585534 -2.485533 0.946398 -0.007646 0.002141 0.804226 0.594271
106.250000 -5.830503 -1.792850 0.924687 0.009945 0.000146 0.769305 0.638804
106.600000 -6.017654 -1.249944 1.009655 0.174956 -0.059376 0.712554 0.676854
106.850000 -6.051676 -1.080972 1.050364 0.374718 -0.252827 0.611730 0.649192
107.050000 -6.002851 -1.306880 0.962416 -0.035429 0.041421 0.711427 0.700643
107.200000 -5.953032 -1.506743 0.983471 -0.250725 0.172041 0.675306 0.671938
107.600000 -5.933952 -1.463224 0.966748 0.038113 -0.096271 0.723526 0.682488
107.800000 -5.997637 -1.382888 0.976022 0.198163 -0.093554 0.707623 0.671750
108.000000 -6.017523 -1.445133 0.966787 0.076076 0.078785 0.724888 0.680105
108.200000 -5.950547 -1.527946 0.964528 -0.125254 0.095430 0.720903 0.674910
108.400000 -5.890777 -1.506428 0.963696 -0.113892 -0.056038 0.722001 0.680149
108.650000 -5.930959 -1.437524 0.959556 0.086194 -0.070385 0.725135 0.679556
108.850000 -5.974612 -1.462704 0.957933 0.073963 0.045659 0.723960 0.684344
109.000000 -5.966335 -1.501457 0.956413 -0.030642 0.088916 0.726448 0.680756
