0.800000 0.500000 1.000000 1.000000 -0.000000 -0.000000 -0.000000 1.000000
6.450000 0.405152 1.102979 1.039258 -0.098931 -0.137559 0.028202 0.985137
6.650000 0.230011 1.264479 0.997396 0.100363 0.129231 0.024202 0.986225
7.050000 -0.018604 1.525112 0.927403 -0.076730 -0.171529 0.014098 0.982085
7.450000 -0.594871 1.951724 0.951119 -0.013837 0.074209 -0.073722 0.994418
7.800000 -1.040538 2.327871 1.087357 0.160879 0.037047 -0.166385 0.972143
8.250000 -1.517883 2.458023 1.295663 -0.032805 0.059182 -0.315854 0.946392
8.650000 -1.760725 2.480412 1.508736 0.093525 0.068978 -0.428313 0.896127
9.050000 -1.896785 2.263741 1.701702 -0.017171 0.038223 -0.526092 0.849395
9.650000 -1.901553 1.780877 1.926393 -0.152034 -0.078477 -0.552892 0.815498
10.050000 -1.743664 1.719807 1.982127 0.033295 -0.014020 -0.531523 0.846273
10.650000 -1.576571 1.858951 1.956475 -0.055301 -0.027487 -0.389012 0.919161
11.050000 -1.555495 2.186850 1.866463 -0.051601 -0.073353 -0.189252 0.977824
11.250000 -1.592431 2.400264 1.805426 -0.075558 -0.032907 -0.057668 0.994928
11.450000 -1.656749 2.669380 1.733345 -0.018028 -0.004010 0.089378 0.995827
11.650000 -1.728054 2.960267 1.659783 -0.005970 -0.012532 0.244504 0.969549
11.850000 -1.808697 3.254244 1.596319 -0.010870 -0.002118 0.393486 0.919264
12.050000 -1.895244 3.555043 1.546569 -0.007516 0.009494 0.522524 0.852538
12.250000 -1.979448 3.864156 1.505552 0.008787 0.006702 0.619849 0.784643
12.650000 -2.137952 4.476542 1.388152 -0.000435 0.005543 0.701651 0.712499
13.000000 -2.265294 5.016515 1.215064 0.017132 0.017259 0.666470 0.745135
13.400000 -2.329346 5.618233 0.906203 0.078783 0.032714 0.515341 0.852729
13.600000 -2.288959 5.863501 0.806804 0.075293 0.029169 0.404219 0.911091
13.800000 -2.195347 6.059143 0.762726 0.042060 0.023906 0.277904 0.959390
14.000000 -2.068079 6.220494 0.768507 0.046339 0.023433 0.154974 0.986553
14.250000 -1.869792 6.371439 0.834146 0.047579 0.040949 0.015909 0.997901
14.600000 -1.492102 6.484218 1.029278 0.017085 0.049516 -0.109839 0.992568
15.050000 -0.856237 6.538649 1.386737 0.011124 0.019838 -0.151365 0.988216
15.450000 -0.255641 6.519550 1.631074 0.054867 -0.008899 -0.110948 0.992270
15.850000 0.329829 6.385008 1.711983 0.004750 0.025443 -0.032125 0.999149
16.250000 0.959562 6.233507 1.660447 -0.106253 -0.007457 0.029357 0.993878
16.650000 1.570055 6.244230 1.458115 0.074644 -0.007437 0.034613 0.996582
17.050000 2.150741 6.146861 1.215797 -0.031156 -0.031288 -0.028930 0.998606
17.450000 2.660982 6.063304 0.978124 0.016140 -0.000963 -0.107802 0.994041
17.650000 2.912811 6.033982 0.916179 0.094223 0.156770 -0.123566 0.975334
18.050000 3.632624 5.780797 0.897504 -0.058219 -0.149698 -0.138075 0.977311
18.400000 4.117661 5.661428 0.965229 -0.015372 0.038222 -0.107474 0.993354
18.650000 4.473864 5.628367 1.053199 -0.013981 -0.161103 -0.036414 0.986166
19.000000 4.746108 5.636362 1.166263 -0.049534 0.036767 0.076032 0.995195
19.400000 4.985150 5.782619 1.271187 0.055011 -0.167826 0.196497 0.964467
19.800000 4.957128 5.804417 1.296369 -0.060551 0.029482 0.208340 0.975735
20.000000 4.934112 5.817777 1.295557 -0.059117 -0.108077 0.181285 0.975684
20.400000 4.657578 5.899436 1.258353 0.012377 0.031440 0.038646 0.998682
20.800000 4.313784 5.950008 1.193601 0.020960 -0.066040 -0.170976 0.982836
21.000000 4.104281 5.971394 1.152412 0.036018 0.000044 -0.287890 0.956986
21.200000 3.877895 5.969057 1.109139 0.027614 0.041636 -0.409559 0.910914
21.400000 3.668446 5.933674 1.065780 0.032796 0.042209 -0.529410 0.846681
21.600000 3.474576 5.859701 1.023883 0.034072 0.040569 -0.641711 0.765115
21.850000 3.245286 5.709814 0.977633 0.007279 0.050597 -0.765077 0.641907
22.050000 3.082899 5.548845 0.952771 -0.004504 0.059575 -0.839723 0.539718
22.200000 2.979601 5.403216 0.943118 -0.016008 0.070928 -0.875703 0.477345
22.650000 2.803873 4.820080 0.940064 -0.020441 0.044890 -0.886322 0.460436
23.000000 2.782769 4.275426 0.949051 -0.069779 -0.029608 -0.791385 0.606601
23.250000 2.818707 3.951117 0.961558 -0.102773 -0.008924 -0.662507 0.741918
23.450000 2.899671 3.762661 0.970480 -0.053166 0.066773 -0.534796 0.840659
23.650000 3.042958 3.591374 0.978750 -0.008277 0.049847 -0.377667 0.924562
23.850000 3.228299 3.413387 0.992448 0.023067 0.001822 -0.206983 0.978071
24.050000 3.420747 3.218545 1.032109 0.069614 0.072364 -0.034225 0.994357
24.250000 3.656515 2.972631 1.101162 -0.015289 0.013017 0.119195 0.992668
24.450000 3.918019 2.727624 1.213809 -0.011516 0.076518 0.262389 0.961855
24.650000 4.226227 2.507448 1.360283 -0.005086 -0.002187 0.398672 0.917077
24.850000 4.531170 2.302576 1.553763 -0.147188 -0.073608 0.493422 0.854080
25.050000 4.751944 2.153985 1.735531 0.000487 0.118789 0.548919 0.827391
25.200000 4.937943 2.076828 1.835577 0.020020 0.104605 0.577451 0.809448
25.600000 5.545339 1.982765 1.977458 -0.103304 -0.074616 0.613534 0.779318
25.850000 5.816290 1.976966 1.983860 0.026503 -0.150935 0.658877 0.736476
26.050000 5.958314 1.895131 1.937201 0.073700 -0.002004 0.681284 0.728297
26.400000 6.212862 1.671304 1.755378 -0.053764 -0.078074 0.670358 0.735958
26.850000 6.297586 1.326244 1.384636 -0.017553 0.027031 0.514724 0.856750
27.050000 6.303233 1.179559 1.222675 -0.062919 -0.037612 0.407342 0.910329
27.250000 6.265246 1.066513 1.096359 -0.041520 -0.101595 0.293979 0.949490
27.400000 6.181031 0.991534 1.022336 -0.027630 -0.049780 0.225133 0.972663
28.050000 5.598189 0.856346 0.918303 -0.053444 -0.054369 0.280004 0.956967
28.250000 5.315808 0.891668 0.955499 -0.031365 0.016943 0.387873 0.921023
28.400000 5.097931 0.937019 0.999798 -0.022078 0.007491 0.484654 0.874395
28.650000 4.726032 1.033944 1.087468 -0.021697 -0.029756 0.649466 0.759499
28.850000 4.400388 1.112867 1.161652 -0.007716 -0.014353 0.767860 0.640410
29.000000 4.145860 1.169204 1.216867 0.005780 -0.001234 0.841063 0.540905
29.250000 3.726066 1.259989 1.308070 0.022675 0.012167 0.928201 0.371188
29.450000 3.408414 1.333694 1.379493 0.012645 -0.003967 0.969868 0.243268
29.600000 3.177984 1.386522 1.431681 -0.001260 -0.013854 0.987331 0.158064
30.050000 2.478862 1.515538 1.591853 0.003781 -0.000103 0.999806 0.019309
30.450000 1.858888 1.604953 1.732602 -0.000942 -0.039132 0.998894 0.026028
30.850000 1.237741 1.591029 1.842844 0.005193 -0.041457 0.996966 0.065676
31.250000 0.619608 1.466805 1.927473 -0.007345 0.023009 0.983195 0.180956
31.650000 0.002695 1.340993 1.951679 -0.004833 0.034332 0.944876 0.325589
32.050000 -0.605211 1.270218 1.919381 -0.035994 0.077157 0.931984 0.352360
32.450000 -1.208501 1.346386 1.883826 0.103534 -0.097366 0.946718 0.289008
32.850000 -1.668814 1.243381 1.917934 -0.001041 0.054763 0.891160 0.450371
33.050000 -1.892453 1.223773 1.887854 -0.374202 -0.174760 0.807528 0.421106
33.200000 -2.206726 1.219275 1.805040 0.014507 0.014526 0.912419 0.408741
33.450000 -2.719676 1.207220 1.707608 0.163869 0.005063 0.959882 0.227481
33.650000 -2.966260 1.171334 1.629300 -0.032017 -0.068846 -0.994851 -0.067129
33.850000 -3.170754 1.183702 1.556456 0.005085 -0.041448 -0.996908 0.066564
34.050000 -3.343334 1.232126 1.593310 -0.407107 0.107910 -0.890868 0.170216
34.400000 -3.129813 1.227941 1.567582 0.115236 -0.008094 -0.976103 0.184060
34.600000 -3.026900 1.169760 1.593175 0.221576 -0.112906 -0.947774 0.199703
34.800000 -3.087656 1.152322 1.584205 -0.020913 -0.071572 -0.979891 0.185078
35.000000 -3.171671 1.194416 1.588228 -0.139582 0.052347 -0.969925 0.192410
35.400000 -3.105811 1.215351 1.588960 0.073135 -0.000119 -0.979240 0.189049
