53.250000 4.728052 -5.385203 0.969641 0.042128 0.062673 0.581669 0.809912
53.450000 4.715030 -5.098282 0.945319 0.028525 0.092982 0.464504 0.880214
53.650000 4.771743 -4.810987 0.919435 0.133530 -0.077153 0.310246 0.938064
53.800000 4.815728 -4.652016 0.899166 0.094341 -0.090537 0.211291 0.968638
54.050000 4.827656 -4.464209 0.910281 -0.119683 0.132360 0.106920 0.978123
54.250000 4.897673 -4.224455 0.961798 0.030273 0.158695 0.102521 0.981524
54.400000 5.033691 -4.032734 1.003197 0.058643 0.024133 0.122052 0.990496
54.850000 5.478557 -3.496307 1.148074 -0.107302 0.066358 0.267279 0.955324
55.000000 5.629424 -3.243486 1.177838 -0.004940 -0.059761 0.346934 0.935971
55.200000 5.794728 -2.904759 1.213071 0.004468 -0.126468 0.439183 0.889440
55.400000 5.890442 -2.608764 1.230319 0.099009 0.058395 0.519506 0.846700
55.800000 6.185420 -2.063341 1.201613 -0.127832 -0.026864 0.635988 0.760563
56.000000 6.272983 -1.717136 1.183005 -0.021021 -0.104324 0.685397 0.720351
56.450000 6.331875 -1.052906 1.095565 -0.007556 0.049057 0.725598 0.686326
56.800000 6.427645 -0.515258 1.031673 0.002054 -0.032149 0.709254 0.704216
57.250000 6.450718 0.169692 0.998820 -0.018694 0.014851 0.703157 0.710633
57.600000 6.431409 0.713303 0.992676 -0.053831 -0.069741 0.719879 0.688486
58.000000 6.234746 1.328094 0.969021 -0.016944 -0.026523 0.696493 0.716873
58.450000 5.867280 2.014876 0.979081 -0.008116 -0.037195 0.618474 0.784882
58.800000 5.485044 2.506503 1.032566 0.032171 -0.102365 0.595427 0.796211
59.250000 4.801988 2.888031 1.178748 -0.018044 0.017132 0.647726 0.761467
59.650000 4.203856 3.220997 1.322245 0.020744 -0.031839 0.740684 0.670778
60.050000 3.589844 3.482949 1.358808 0.002485 0.005926 0.771432 0.636279
60.450000 3.053927 3.709048 1.321698 0.095909 0.078008 0.703784 0.699574
60.850000 2.852102 3.980587 1.364703 -0.078394 0.011530 0.681559 0.727461
61.250000 2.671148 4.405453 1.487389 0.052266 0.054694 0.726533 0.682954
61.600000 2.620714 4.791606 1.596343 -0.029785 0.070661 0.766703 0.637406
62.050000 2.703164 5.404895 1.605038 0.070249 -0.046736 0.711491 0.697611
62.450000 2.843802 5.770821 1.483438 0.020045 0.002827 0.518631 0.854758
62.650000 2.930794 5.926291 1.394372 0.030530 0.025919 0.369131 0.928514
62.850000 3.041247 6.067626 1.286521 0.035844 0.047194 0.196081 0.978795
63.050000 3.190961 6.188673 1.144226 0.066600 0.081893 0.013680 0.994319
63.250000 3.389697 6.272414 0.954993 0.010115 -0.036624 -0.163408 0.985826
63.400000 3.530645 6.326092 0.812209 -0.014855 -0.091938 -0.278237 0.955987
63.650000 3.701739 6.465752 0.705309 -0.083113 0.042735 -0.426797 0.899505
63.800000 3.838244 6.586566 0.683542 0.082806 0.029235 -0.497620 0.862938
64.000000 3.988607 6.675022 0.735806 0.358216 -0.154241 -0.491011 0.778973
64.200000 3.942734 6.612564 0.720453 0.033952 -0.081563 -0.573716 0.814276
64.400000 3.802314 6.539696 0.709308 -0.165892 0.052017 -0.569400 0.803466
64.800000 3.818390 6.587365 0.708637 0.127724 0.017924 -0.580844 0.803732
65.050000 3.852278 6.539120 0.708342 -0.004525 -0.116421 -0.590381 0.798671
65.250000 3.806152 6.525159 0.706299 -0.083235 0.019337 -0.585626 0.806065
65.600000 3.800882 6.571984 0.705553 0.050762 0.036866 -0.585429 0.808292
66.050000 3.811381 6.537404 0.704738 -0.032701 -0.009685 -0.584125 0.810947
