0.800000 0.500000 1.000000 1.000000 -0.000000 -0.000000 -0.000000 1.000000
6.450000 0.405737 1.102311 1.032914 -0.095511 -0.133004 0.026756 0.986140
6.650000 0.231845 1.266055 0.979212 0.011281 0.063615 0.010801 0.997852
7.050000 -0.075456 1.601105 0.918936 -0.010263 -0.129625 0.000100 0.991510
7.250000 -0.326032 1.763894 0.941693 0.157437 -0.005471 -0.004736 0.987502
7.650000 -0.879519 1.833556 1.098900 -0.023479 -0.000285 -0.037581 0.999018
8.050000 -1.397961 1.860059 1.341522 0.080323 0.079482 -0.073135 0.990900
8.650000 -1.872305 1.690255 1.697640 -0.183772 0.059044 -0.119186 0.973928
8.850000 -1.952674 1.768366 1.757328 -0.074599 0.087322 -0.135599 0.984085
9.050000 -1.966803 1.892513 1.782763 0.045842 0.048685 -0.136263 0.988413
9.650000 -1.860247 2.241084 1.799087 -0.042686 -0.034817 -0.086120 0.994761
9.850000 -1.848694 2.448899 1.802985 -0.009695 0.003207 -0.070625 0.997451
10.450000 -1.852346 3.236838 1.723937 0.002102 -0.015492 0.108097 0.994017
10.650000 -1.885048 3.543116 1.682424 0.005248 0.003126 0.224453 0.974466
10.850000 -1.918637 3.844734 1.640990 -0.002099 -0.033236 0.356348 0.933760
11.050000 -1.972145 4.140806 1.591968 -0.019977 -0.043298 0.496867 0.866516
11.250000 -2.061250 4.433634 1.511407 -0.045356 -0.044775 0.632092 0.772268
11.450000 -2.188089 4.730107 1.383091 -0.008389 0.003276 0.749820 0.661581
11.650000 -2.323029 5.031065 1.217825 0.082514 0.056915 0.830021 0.548651
11.850000 -2.394024 5.333761 1.040393 0.087755 0.038618 0.881739 0.461892
12.200000 -2.370659 5.837836 0.848696 -0.109765 -0.145677 0.905581 0.382952
12.600000 -2.651462 6.194085 0.813770 0.121031 -0.037503 0.944652 0.302617
13.000000 -2.813235 6.366601 0.814564 -0.050060 0.021632 0.991188 0.120720
13.200000 -2.858565 6.473103 0.869457 0.239285 0.074857 -0.967914 -0.016794
13.400000 -3.079518 6.524848 0.922433 0.078189 0.118840 -0.984634 0.101292
13.600000 -3.365670 6.485777 0.978392 -0.209070 0.053994 -0.951201 0.220433
13.800000 -3.500262 6.428211 1.046765 -0.248060 -0.004023 -0.913075 0.323643
14.000000 -3.462696 6.420518 1.075590 -0.030415 -0.001429 -0.911770 0.409572
14.200000 -3.381103 6.437721 1.115520 0.100408 -0.035309 -0.859003 0.500785
14.450000 -3.346985 6.435298 1.158605 -0.038848 0.051076 -0.794663 0.603650
14.850000 -3.160797 6.373055 1.209663 -0.009019 0.041943 -0.688848 0.723635
15.000000 -3.030257 6.335485 1.218324 0.060717 -0.000635 -0.652383 0.755453
15.600000 -2.660424 6.041164 1.192648 0.019198 0.042017 -0.584364 0.810175
16.250000 -2.372862 5.461373 1.115015 0.035649 -0.041439 -0.702418 0.709662
16.600000 -2.397936 5.110647 1.087448 0.034867 -0.041304 -0.809070 0.585221
17.050000 -2.618839 4.713314 1.073307 0.026594 -0.047516 -0.905469 0.420905
17.600000 -3.146861 4.402344 1.068272 0.048203 -0.037215 -0.920692 0.385510
18.000000 -3.701836 4.244946 1.070140 -0.060577 0.061771 -0.845817 0.526411
18.200000 -3.937036 4.129362 1.071298 -0.052774 0.086156 -0.784266 0.612143
18.400000 -4.100812 3.987440 1.070428 0.019345 0.080426 -0.722378 0.686533
18.850000 -4.354257 3.483308 1.064418 -0.018257 0.057514 -0.626664 0.776950
19.200000 -4.427556 2.992114 1.047892 0.010332 0.042243 -0.615278 0.787110
19.600000 -4.419209 2.356281 1.033643 -0.007347 -0.025534 -0.632060 0.774464
20.050000 -4.444726 1.685071 1.039708 0.003237 0.032214 -0.647377 0.761481
20.400000 -4.428936 1.142782 1.061544 -0.011107 0.005576 -0.639764 0.768471
20.800000 -4.395136 0.513354 1.078815 0.020116 -0.005022 -0.654355 0.755903
21.200000 -4.385114 -0.115699 1.097107 -0.050066 -0.026080 -0.690023 0.721582
21.600000 -4.332577 -0.659613 1.132425 0.053163 0.073654 -0.672907 0.734129
22.000000 -4.269076 -1.303449 1.084038 0.009292 -0.124186 -0.852898 0.507008
22.250000 -4.313695 -1.606452 1.045730 0.010683 -0.079674 -0.965720 0.246827
22.400000 -4.364418 -1.737243 1.027387 0.006400 -0.037548 -0.995606 0.085542
22.600000 -4.441422 -1.883348 1.010732 -0.023767 0.014377 0.996302 0.081306
22.850000 -4.564426 -2.042785 0.997776 -0.087180 0.029446 0.975876 0.197986
23.200000 -4.881874 -2.166009 1.005807 -0.054993 0.029396 0.952505 0.298072
23.600000 -5.358564 -2.171560 1.121043 0.057966 0.049876 0.892846 0.443823
24.000000 -5.683092 -2.059835 1.300733 -0.021225 0.019445 0.814547 0.579383
24.400000 -6.016024 -1.779181 1.421726 -0.041708 0.024245 0.746644 0.663472
24.600000 -6.217371 -1.581360 1.442156 0.071005 0.125616 0.712092 0.687098
25.000000 -6.329428 -1.083389 1.350146 -0.023319 0.044830 0.671759 0.739044
25.200000 -6.294006 -0.786271 1.276819 0.117682 -0.182558 0.622311 0.752032
25.600000 -6.286289 -0.581233 1.114955 -0.072486 0.143318 0.548223 0.820766
25.800000 -6.217204 -0.469064 1.063022 -0.199906 0.061626 0.504603 0.837625
26.000000 -6.167877 -0.213768 1.003419 0.070533 -0.182735 0.506120 0.839926
26.200000 -6.223417 -0.035728 0.965447 0.182702 -0.141623 0.466548 0.853754
26.450000 -6.307864 -0.071843 0.911213 0.110079 0.124923 0.479278 0.861725
26.600000 -6.268684 -0.154072 0.891849 -0.087156 0.113116 0.454473 0.879240
26.800000 -6.173367 -0.189521 0.888430 -0.056877 -0.118831 0.406534 0.904088
27.000000 -6.163489 -0.208950 0.912847 0.170190 -0.133889 0.315598 0.923854
27.200000 -6.216705 -0.364658 0.941675 0.107388 0.120836 0.245409 0.955846
27.450000 -6.164959 -0.621102 0.983449 -0.245206 -0.007850 0.122966 0.961609
27.600000 -6.115207 -0.658557 0.993630 -0.190432 -0.150179 0.094156 0.965565
27.850000 -6.160563 -0.585087 0.972880 0.062711 0.047603 0.040696 0.996065
28.000000 -6.195866 -0.554759 0.970084 0.021384 0.143766 0.064386 0.987283
28.200000 -6.162405 -0.521128 0.955730 -0.113155 -0.018312 0.124149 0.985620
28.600000 -6.145129 -0.255812 0.926532 0.006997 0.002469 0.351204 0.936269
28.800000 -6.165061 -0.089876 0.915126 -0.017651 0.064165 0.483331 0.872905
29.000000 -6.155056 0.107269 0.906031 -0.077822 0.055912 0.608360 0.787855
29.200000 -6.141534 0.372090 0.896567 -0.052670 -0.018186 0.719896 0.691841
29.400000 -6.160390 0.656934 0.893404 0.078307 -0.138830 0.809216 0.565477
29.600000 -6.193058 0.838083 0.888995 0.127398 -0.107255 0.883678 0.437469
29.800000 -6.186763 0.902108 0.877414 -0.028687 0.118435 0.942256 0.311935
30.000000 -6.165026 1.027450 0.893443 -0.144000 0.222282 0.950528 0.162334
30.250000 -6.237860 1.427575 0.875644 -0.042704 0.031193 0.992605 0.109261
30.400000 -6.325448 1.724170 0.874174 0.086177 -0.071740 0.988302 0.103372
30.800000 -6.368540 2.315715 0.896393 0.017554 -0.049201 0.986778 0.153427
31.400000 -6.351815 2.806886 0.952091 0.053994 -0.075534 0.967800 0.233971
32.400000 -6.354002 2.606716 1.050610 0.017446 -0.064315 0.995310 0.070126
32.800000 -6.345343 2.186464 1.076087 0.004195 0.042279 -0.991091 0.126226
33.000000 -6.338299 1.921302 1.084502 -0.010680 0.038936 -0.969661 0.241097
33.200000 -6.318016 1.627337 1.090131 -0.009069 0.038650 -0.932105 0.360006
33.400000 -6.281830 1.308195 1.092674 0.011840 0.016464 -0.877883 0.478446
33.600000 -6.244655 0.972443 1.092770 0.014375 -0.004955 -0.806231 0.591405
33.800000 -6.217047 0.631503 1.090689 -0.002136 -0.008116 -0.719457 0.694486
34.000000 -6.193830 0.295097 1.086969 -0.011922 -0.002700 -0.620002 0.784505
34.200000 -6.166844 -0.033060 1.080020 -0.022787 0.008093 -0.510939 0.859277
34.400000 -6.127209 -0.349417 1.069523 -0.030883 0.011746 -0.395721 0.917776
34.650000 -6.052468 -0.717740 1.052931 -0.053374 0.014629 -0.247647 0.967268
34.800000 -5.992013 -0.913942 1.042162 -0.061758 0.022850 -0.159564 0.984989
35.000000 -5.889377 -1.137206 1.027207 -0.052630 0.032504 -0.044624 0.997087
35.250000 -5.723408 -1.357582 1.009639 -0.055220 0.032363 0.093239 0.993584
35.450000 -5.565545 -1.483981 0.997587 -0.056172 0.027728 0.195594 0.978682
35.850000 -5.215777 -1.596432 0.979257 0.004037 -0.004625 0.370528 0.928801
36.400000 -4.767248 -1.792661 0.985246 0.017422 -0.099308 0.390294 0.915153
36.800000 -4.638443 -2.139014 1.014349 0.047497 0.006234 0.170496 0.984193
37.000000 -4.601550 -2.368346 1.029621 0.027697 0.011518 0.008011 0.999518
37.250000 -4.545596 -2.692522 1.042070 0.060432 -0.006252 -0.210270 0.975754
37.400000 -4.519370 -2.917031 1.045866 0.024290 -0.006142 -0.337762 0.940898
37.600000 -4.497686 -3.232508 1.060572 0.013405 -0.060836 -0.489553 0.869745
37.800000 -4.513805 -3.537745 1.079023 0.000387 -0.029371 -0.610388 0.791558
38.000000 -4.551145 -3.830256 1.087752 -0.023821 0.040359 -0.694621 0.717848
38.450000 -4.537539 -4.515491 1.096659 0.011166 -0.042233 -0.784358 0.618769
38.800000 -4.544703 -5.034072 1.103690 -0.017697 0.025562 -0.909691 0.414120
39.050000 -4.536440 -5.413260 1.115446 -0.015749 0.002081 -0.975884 0.217711
39.250000 -4.508680 -5.719805 1.129203 0.128781 -0.027559 -0.985303 0.108782
39.600000 -4.660301 -6.241862 1.105648 -0.052099 0.011178 0.998560 0.006203
39.800000 -4.822547 -6.524431 1.121180 -0.228961 -0.206790 -0.951055 -0.017573
40.000000 -4.843872 -6.676916 1.159024 -0.274450 -0.205928 -0.938413 -0.040652
40.200000 -4.660436 -6.677980 1.125261 -0.046029 0.018231 0.998652 0.015582
40.400000 -4.472407 -6.633285 1.135468 0.190257 0.101229 -0.971312 -0.100536
40.650000 -4.439643 -6.644189 1.148024 -0.048122 0.002634 0.969894 0.238711
40.850000 -4.489797 -6.661269 1.155893 0.031429 0.140392 0.922302 0.358693
41.000000 -4.495689 -6.623573 1.161333 -0.000886 0.148595 0.880532 0.450091
41.200000 -4.463516 -6.487770 1.151475 -0.080122 0.036712 0.806730 0.584312
41.400000 -4.451452 -6.290092 1.137833 -0.030843 -0.059519 0.715241 0.695655
41.650000 -4.496000 -6.048213 1.116985 -0.005794 0.040798 0.586689 0.808763
41.800000 -4.519789 -5.899327 1.106119 -0.040431 0.101575 0.507856 0.854477
42.000000 -4.511174 -5.646804 1.089671 -0.043604 0.046285 0.412489 0.908741
42.450000 -4.417675 -4.998343 1.062562 0.010741 0.003342 0.237683 0.971278
42.800000 -4.315971 -4.548156 1.050071 0.081914 0.070874 0.143852 0.983653
43.450000 -3.753036 -4.047385 1.049010 0.050713 0.046151 0.041316 0.996790
43.800000 -3.288897 -3.922512 1.060366 0.026500 0.030767 0.016532 0.999038
44.250000 -2.597973 -3.887861 1.067729 0.022332 -0.017693 0.003581 0.999588
44.600000 -2.105387 -3.936747 1.073311 -0.006169 0.037289 0.011050 0.999224
45.050000 -1.400698 -3.963242 1.098932 0.019945 -0.019789 0.032503 0.999077
45.400000 -0.875986 -3.994189 1.126633 0.022551 0.006800 0.046821 0.998626
45.800000 -0.265290 -4.080062 1.074672 0.027523 -0.008612 0.042426 0.998683
46.200000 0.339256 -4.160039 1.077554 -0.091905 -0.007815 -0.028154 0.995339
46.400000 0.633930 -4.134575 1.104489 0.144421 -0.040177 -0.078416 0.985586
46.800000 1.092529 -4.316509 1.144934 -0.132818 -0.118369 -0.209512 0.961485
47.050000 1.255654 -4.360387 1.156716 0.013404 0.021175 -0.332687 0.942704
47.200000 1.344432 -4.371047 1.160167 0.117489 0.059690 -0.413073 0.901113
47.450000 1.488443 -4.509261 1.148766 0.153625 -0.022596 -0.569595 0.807125
47.600000 1.526837 -4.668614 1.128418 0.120389 -0.123130 -0.666038 0.725768
47.800000 1.473403 -4.892809 1.087360 -0.012080 -0.047278 -0.785015 0.617551
48.050000 1.372831 -5.137657 1.045969 -0.029733 0.037121 -0.888083 0.457216
48.200000 1.347477 -5.287682 1.049948 0.000897 0.041546 -0.934129 0.354507
48.400000 1.326996 -5.507399 1.081660 -0.025251 -0.048170 -0.973265 0.223152
48.600000 1.312311 -5.700877 1.120380 0.081019 -0.045467 -0.989714 0.108786
48.800000 1.245570 -5.862623 1.150485 -0.084905 0.011910 0.996318 0.000283
49.000000 1.120390 -6.013116 1.173454 -0.109176 -0.011800 -0.988635 -0.102674
49.200000 1.056118 -6.160540 1.201806 0.160770 0.052141 0.963092 0.209495
49.400000 1.115919 -6.297412 1.214719 0.049921 0.057931 0.947564 0.310281
49.600000 1.238587 -6.404707 1.226082 -0.044371 0.040770 0.903282 0.424795
49.800000 1.352942 -6.470885 1.237862 -0.019797 0.028590 0.829443 0.557509
50.050000 1.501294 -6.515651 1.251471 0.049985 0.081885 0.687343 0.719970
50.200000 1.635974 -6.529670 1.259331 0.024209 0.102032 0.582991 0.805683
50.400000 1.880169 -6.519330 1.275500 -0.058645 0.066482 0.425123 0.900784
50.600000 2.161181 -6.450826 1.302389 -0.027108 0.013587 0.264592 0.963884
50.850000 2.523171 -6.328175 1.309995 0.023507 0.019162 0.083460 0.996049
51.050000 2.824245 -6.243807 1.268861 0.015181 -0.006883 -0.031773 0.999356
51.400000 3.344576 -6.143473 1.245989 0.071037 0.020484 -0.152593 0.985520
51.800000 3.942833 -6.168109 1.267110 -0.026896 -0.056221 -0.198304 0.978157
52.200000 4.438247 -6.138548 1.199080 -0.076731 -0.149946 -0.182565 0.968658
52.600000 4.672143 -5.909954 1.051453 -0.016967 0.013707 -0.144963 0.989197
53.050000 4.808257 -5.503057 0.987963 -0.072941 -0.050909 -0.073753 0.993302
53.200000 4.792530 -5.313874 0.984654 -0.044451 0.029172 -0.054894 0.997076
53.600000 4.809804 -4.746144 0.998337 0.067940 -0.053859 -0.010829 0.996176
54.050000 4.801090 -4.284476 1.016922 0.019090 0.195383 0.010008 0.980490
54.400000 5.050839 -4.026240 1.014611 -0.044237 -0.066993 -0.026117 0.996430
54.800000 5.300345 -3.624333 1.024394 -0.027851 0.072375 -0.031480 0.996491
55.200000 5.652833 -3.085394 1.030679 -0.036701 -0.071335 0.086248 0.993039
55.650000 5.969093 -2.416090 1.034893 0.010466 0.007557 0.322241 0.946570
55.850000 6.125655 -2.118506 1.042140 0.002372 0.015763 0.449663 0.893056
56.000000 6.250570 -1.894465 1.052758 -0.015287 -0.010672 0.538470 0.842438
56.200000 6.403923 -1.593411 1.073219 -0.022745 -0.109765 0.638783 0.761177
56.450000 6.498438 -1.269349 1.108461 0.015594 -0.101981 0.764287 0.636570
56.650000 6.511108 -1.083041 1.136953 -0.008162 0.025251 0.855231 0.517566
56.800000 6.517891 -0.946093 1.161355 -0.059637 0.090653 0.901210 0.419578
57.200000 6.465989 -0.395535 1.217040 -0.051824 -0.015420 0.955873 0.288763
57.600000 6.271072 0.215455 1.245038 -0.044138 -0.013965 0.927849 0.370073
58.000000 5.956963 0.822937 1.220926 -0.042068 -0.038342 0.825444 0.561607
58.200000 5.723824 1.128371 1.214185 -0.019566 -0.027587 0.760379 0.648598
58.600000 5.219949 1.728267 1.168315 0.046637 0.069601 0.648180 0.756864
59.050000 4.805959 2.417339 1.108531 -0.103311 -0.143574 0.581253 0.794266
59.250000 4.475269 2.714015 1.115212 0.047577 -0.050240 0.583363 0.809259
59.450000 4.113834 2.965161 1.161641 0.059832 0.060087 0.589763 0.803112
59.850000 3.530232 3.437942 1.325249 0.012415 -0.061712 0.599791 0.797677
60.250000 2.903079 3.836232 1.518047 -0.041124 0.064930 0.547466 0.833291
60.650000 2.308713 4.381115 1.697586 -0.002976 0.075690 0.399131 0.913759
60.850000 2.064116 4.734482 1.740833 0.102230 0.041231 0.303602 0.946401
61.250000 1.727838 5.303780 1.725544 -0.019990 0.105186 0.143797 0.983798
61.600000 1.607175 5.794290 1.618898 0.078489 0.018172 0.057036 0.995116
62.200000 1.671117 6.338047 1.384022 0.027010 0.027256 0.011516 0.999197
63.050000 2.438526 6.612560 1.117969 0.048685 0.041203 -0.023460 0.997688
63.600000 3.256772 6.525898 1.066148 -0.016411 -0.020231 -0.087025 0.995865
64.000000 3.849509 6.495227 1.055250 0.013191 0.010301 -0.132676 0.991018
64.200000 4.147790 6.487829 1.061249 0.115568 -0.029429 -0.152364 0.981103
64.450000 4.397200 6.393503 1.132519 -0.050060 -0.337256 -0.176572 0.923349
64.850000 4.088027 6.462768 1.086172 0.020248 0.197094 -0.169590 0.965393
65.050000 3.979998 6.516120 1.098761 0.071583 0.244063 -0.156176 0.954420
65.250000 4.027154 6.496783 1.071955 0.007863 -0.074087 -0.166010 0.983306
65.400000 4.061342 6.470089 1.068639 -0.034165 -0.132019 -0.161578 0.977393
65.800000 3.979400 6.491953 1.060797 0.013846 0.110374 -0.163425 0.980264
66.000000 3.996004 6.498683 1.056278 0.025510 -0.018790 -0.163618 0.986015
