0.850000 0.500000 1.000000 1.000000 -0.000000 -0.000000 -0.000000 1.000000
8.600000 0.475431 1.027881 1.038922 -0.147820 -0.147777 0.015690 0.977786
9.050000 0.162411 1.343625 0.962255 0.002432 0.127811 0.004082 0.991787
9.400000 0.062003 1.652021 0.917222 -0.069654 -0.120663 -0.009300 0.990203
9.850000 -0.362807 2.265813 1.022210 0.014917 0.039122 -0.137149 0.989665
10.250000 -0.834168 2.779183 1.245511 0.073000 -0.017026 -0.302157 0.950306
10.650000 -1.355073 3.119667 1.574957 -0.060438 0.058724 -0.429240 0.899251
10.850000 -1.592073 3.306665 1.718491 0.136909 -0.043500 -0.451280 0.880744
11.050000 -1.880575 3.440752 1.817039 -0.034105 -0.045319 -0.473449 0.878993
11.200000 -2.121345 3.555085 1.872713 -0.173155 0.053451 -0.454041 0.872357
11.650000 -2.495518 4.111657 1.956931 0.120129 0.050133 -0.465320 0.875519
11.850000 -2.573678 4.280271 1.945902 0.078689 -0.044852 -0.456612 0.885043
12.000000 -2.668350 4.374615 1.915757 -0.069713 0.022591 -0.441060 0.894481
12.200000 -2.763377 4.523074 1.873319 -0.067196 0.188748 -0.421160 0.884581
12.600000 -2.625998 4.767863 1.736024 -0.023271 -0.061994 -0.323444 0.943928
12.850000 -2.536333 4.931371 1.626980 -0.116803 0.033374 -0.176367 0.976800
13.050000 -2.434957 5.150957 1.518077 -0.028196 0.090154 0.000430 0.995528
13.250000 -2.272193 5.400369 1.403452 -0.022755 -0.055875 0.182644 0.981326
13.450000 -2.130811 5.660339 1.296037 0.028790 0.041327 0.298103 0.953204
13.650000 -1.965419 5.912131 1.204244 0.082623 0.120198 0.342870 0.927990
14.050000 -1.402010 6.341644 1.035548 0.030314 -0.043793 0.240879 0.969093
14.400000 -0.931416 6.609826 0.944932 0.068631 -0.146624 0.056318 0.985200
14.800000 -0.716329 6.717503 0.919237 0.034257 0.091176 -0.075962 0.992342
15.250000 -0.501264 6.640979 1.124260 0.058349 -0.031013 -0.106207 0.992146
15.450000 -0.445302 6.527827 1.273200 0.023606 0.096667 -0.096088 0.990386
16.050000 0.046593 5.980138 1.712633 0.009462 0.044307 -0.119430 0.991808
16.450000 0.557187 5.498727 1.897470 0.004249 0.031941 -0.167233 0.985391
16.850000 1.162594 4.996335 1.953553 -0.027176 -0.035238 -0.181614 0.982363
17.250000 1.727138 4.554695 1.863000 0.016692 0.037533 -0.138501 0.989510
17.650000 2.294522 4.145374 1.664749 -0.126514 -0.184476 0.002787 0.974656
17.850000 2.423198 4.046199 1.543805 -0.009437 0.039408 0.063757 0.997142
18.050000 2.552156 3.973334 1.431600 0.057597 0.079401 0.146288 0.984367
18.450000 2.881457 3.778060 1.225332 -0.074286 -0.162460 0.300715 0.936834
18.850000 2.885742 3.628417 1.062101 -0.058667 0.053037 0.412801 0.907381
19.250000 2.860241 3.690559 1.078999 -0.037353 -0.070856 0.503416 0.860324
19.650000 2.679216 3.876926 1.249980 -0.037873 0.086417 0.544349 0.833536
20.200000 2.574086 4.441447 1.611249 0.027990 0.041936 0.514609 0.855941
20.650000 2.667681 5.048001 1.827018 0.000014 0.023377 0.440696 0.897352
21.050000 2.898194 5.602880 1.889362 0.092683 0.056623 0.347331 0.931431
21.450000 3.315012 6.002620 1.858768 0.068002 0.003892 0.237769 0.968930
21.850000 3.853702 6.238042 1.693798 0.009460 -0.027844 0.112616 0.993203
22.050000 4.112935 6.307953 1.587619 -0.025511 -0.182842 0.037418 0.982099
22.400000 4.331192 6.434490 1.381491 0.080578 0.107645 -0.103533 0.985495
22.800000 4.653713 6.383397 1.164409 0.031010 -0.132111 -0.291127 0.947011
23.200000 4.793548 6.294657 1.003644 -0.001844 0.050402 -0.457958 0.887542
23.600000 4.958154 6.184368 0.943091 0.031374 -0.077870 -0.604765 0.791967
24.000000 4.960133 6.115203 0.957176 -0.016220 -0.011351 -0.723042 0.690520
24.400000 4.904210 6.113795 1.009242 0.049600 -0.047930 -0.803104 0.591833
25.050000 4.489412 6.186464 1.104267 -0.032412 -0.011214 -0.873083 0.486363
25.800000 3.943955 6.338692 1.119041 0.016755 0.033903 -0.873187 0.485915
26.400000 3.467930 6.178944 1.060724 0.025550 0.046474 -0.821180 0.568200
27.050000 2.927985 5.736197 1.198516 0.045234 -0.001748 -0.813368 0.579985
27.450000 2.460701 5.398080 1.489182 0.055336 0.039117 -0.896753 0.437312
27.850000 1.895834 4.879456 1.774325 0.010536 0.017658 -0.938857 0.343691
28.250000 1.303226 4.283520 1.937440 0.003404 0.004972 -0.956947 0.290200
28.650000 0.710628 3.679613 1.987049 0.002500 -0.003334 -0.987209 0.159380
29.000000 0.188155 3.164846 1.911819 -0.001243 0.003796 0.999237 0.038844
29.200000 -0.110682 2.869920 1.815912 -0.014288 0.044669 0.988693 0.142432
29.650000 -0.719177 2.391186 1.553598 -0.500983 -0.670516 -0.495104 -0.233013
29.850000 -0.483132 2.488264 0.864088 -0.201936 -0.296401 -0.877753 -0.317677
30.050000 0.491143 3.057056 0.427723 -0.208735 -0.196499 0.920123 0.266819
30.200000 1.100129 3.437221 0.316765 -0.235842 -0.201217 0.915817 0.255283
30.400000 1.603460 3.789454 0.269145 0.267589 0.268655 -0.891665 -0.247293
30.600000 1.740228 3.934560 0.274835 -0.260125 -0.287611 0.882675 0.265519
31.200000 0.463774 3.275742 0.633892 -0.668348 -0.253351 0.440719 0.543038
31.450000 -0.132221 3.236902 0.578658 -0.671636 0.005826 -0.207380 0.711241
31.600000 -0.392125 3.814115 0.279994 -0.646358 0.030532 -0.231856 0.726314
31.800000 -0.328397 5.693018 -0.270296 -0.652098 0.038400 -0.236204 0.719375
32.000000 0.108209 8.518989 -1.062016 -0.649754 0.083286 -0.296487 0.694966
32.200000 1.012422 12.153399 -2.108488 -0.602195 0.208233 -0.471140 0.609940
