0.800000 0.500000 1.000000 1.000000 -0.000000 -0.000000 -0.000000 1.000000
6.450000 0.405737 1.102311 1.032914 -0.095511 -0.133004 0.026756 0.986140
6.650000 0.231845 1.266055 0.979212 0.011281 0.063615 0.010801 0.997852
7.000000 -0.028606 1.556802 0.920308 -0.025542 -0.128105 0.001278 0.991431
7.250000 -0.326276 1.763466 0.942209 0.159397 -0.008649 -0.005048 0.987164
7.650000 -0.882243 1.829219 1.102585 -0.018223 0.004141 -0.037574 0.999119
8.050000 -1.393656 1.841252 1.367612 0.063370 0.095042 -0.072014 0.990841
8.600000 -1.796591 1.693408 1.683403 -0.143587 0.005783 -0.114399 0.982986
9.050000 -1.992642 1.861334 1.791055 0.025689 0.133124 -0.148364 0.979595
9.400000 -1.940306 1.986649 1.799416 -0.034846 0.004875 -0.152253 0.987715
10.050000 -1.585088 2.292395 1.752576 -0.127718 -0.076952 0.079119 0.985650
10.250000 -1.489549 2.475206 1.745557 -0.052304 -0.005818 0.227296 0.972403
10.450000 -1.422229 2.707276 1.732699 -0.038801 -0.068060 0.395173 0.915260
10.650000 -1.402555 2.952446 1.714387 -0.048534 -0.001468 0.542101 0.838909
10.850000 -1.413824 3.224558 1.697650 -0.047861 0.005878 0.660121 0.749610
11.050000 -1.444801 3.528622 1.686499 -0.040475 -0.021328 0.738722 0.672456
11.450000 -1.628178 4.135199 1.654733 -0.026040 -0.037239 0.777239 0.627562
11.800000 -1.896237 4.628275 1.540271 0.033288 0.030951 0.692836 0.719661
12.000000 -2.024756 4.911841 1.439247 0.055885 0.029108 0.606004 0.792962
12.200000 -2.110317 5.179778 1.300369 0.065680 0.088665 0.501626 0.858019
12.400000 -2.127444 5.438327 1.130091 -0.001001 0.039664 0.380549 0.923909
12.650000 -2.103408 5.766132 0.950441 0.066649 -0.042731 0.224030 0.971361
12.800000 -2.099757 5.930293 0.885716 0.097854 -0.012471 0.138958 0.985373
13.000000 -2.091333 6.080504 0.835545 0.019766 0.094357 0.053382 0.993910
13.400000 -1.863780 6.334838 0.879458 0.035701 0.003263 -0.051649 0.998021
14.050000 -1.184186 6.550944 1.246206 0.075871 0.009396 -0.048626 0.995887
14.450000 -0.617611 6.496470 1.532212 -0.064743 0.019015 -0.008569 0.997684
14.850000 -0.013746 6.523311 1.749630 0.132506 -0.018727 0.011568 0.990938
15.050000 0.281834 6.470030 1.820618 0.153686 -0.002306 0.012620 0.988036
15.200000 0.501457 6.357224 1.835280 -0.055417 0.026548 0.011622 0.998043
15.650000 1.210599 6.094633 1.809988 0.033318 -0.036647 0.005675 0.998757
16.050000 1.793064 5.835560 1.724980 -0.083886 0.024667 0.024067 0.995879
16.450000 2.408996 5.730643 1.579855 -0.006329 -0.027011 0.087891 0.995744
16.850000 3.014804 5.732172 1.413352 -0.019490 0.025075 0.158768 0.986805
17.250000 3.639813 5.745839 1.279688 0.082660 -0.041289 0.206074 0.974164
17.600000 4.160671 5.629613 1.187786 -0.104141 -0.078805 0.252106 0.958847
18.000000 4.501932 5.631442 1.130626 0.034245 0.014698 0.379898 0.924277
18.200000 4.615652 5.631338 1.124375 -0.016111 0.023318 0.495934 0.867898
18.450000 4.766070 5.656936 1.140346 -0.107440 -0.034320 0.658379 0.744188
18.600000 4.813623 5.705784 1.153740 -0.123751 -0.064211 0.748778 0.647993
18.800000 4.791599 5.793450 1.159843 -0.056529 -0.046588 0.849166 0.523021
19.000000 4.706595 5.879619 1.158970 -0.001045 -0.001767 0.898745 0.438467
19.600000 4.343079 6.149951 1.157591 -0.030420 -0.085400 0.781200 0.617664
19.800000 4.122033 6.205154 1.169208 0.038079 -0.063176 0.648141 0.757939
20.050000 3.816451 6.201375 1.210616 0.023220 0.009570 0.432720 0.901179
20.200000 3.641116 6.179996 1.252248 0.003475 0.010009 0.301670 0.953353
20.400000 3.416065 6.144657 1.324780 0.081518 -0.006058 0.156047 0.984361
20.600000 3.197393 6.055192 1.411596 0.078374 0.009583 0.057341 0.995227
20.800000 2.990920 5.905288 1.500084 -0.048590 0.088404 -0.003419 0.994893
21.450000 2.707514 5.622680 1.646665 0.022800 0.046366 -0.034655 0.998063
21.850000 2.665700 5.402732 1.621275 0.069193 -0.006119 -0.024398 0.997286
22.450000 2.661580 4.729812 1.462434 0.065588 -0.020397 -0.006357 0.997618
22.850000 2.659387 4.107969 1.323594 -0.025045 0.094642 0.008415 0.995161
23.250000 2.851667 3.526292 1.115177 -0.045653 -0.091482 0.056128 0.993175
23.650000 3.056894 3.092160 0.961447 0.002872 0.139503 0.131351 0.981467
24.050000 3.531226 2.764833 0.932019 -0.037128 0.001043 0.220894 0.974590
24.450000 4.067576 2.494950 0.964559 0.023919 0.003044 0.285693 0.958018
24.850000 4.649244 2.081440 0.966770 0.029974 -0.008039 0.294817 0.955050
25.250000 5.198154 1.504819 0.921527 0.003675 -0.150876 0.231734 0.961000
25.650000 5.511518 0.883356 0.885170 -0.064422 0.020145 0.079623 0.994537
25.850000 5.681119 0.607249 0.902683 -0.039988 -0.114073 -0.009279 0.992624
26.050000 5.779145 0.365222 0.933427 0.052373 -0.003785 -0.115796 0.991884
26.200000 5.831816 0.163321 0.963784 0.001780 0.062791 -0.195143 0.978761
26.450000 5.955616 -0.199396 0.999740 0.104578 -0.062114 -0.330015 0.936107
26.600000 6.003239 -0.448978 1.008657 0.034391 -0.087260 -0.415386 0.904797
26.850000 6.002006 -0.856626 1.015797 -0.057113 -0.015273 -0.539506 0.839903
27.050000 5.998478 -1.136389 1.020438 0.001128 0.052752 -0.626098 0.777957
27.450000 6.036868 -1.753587 1.031139 0.021510 -0.045484 -0.738600 0.672264
27.800000 5.986928 -2.291983 1.045728 0.012035 -0.012009 -0.785068 0.619176
28.250000 5.838423 -2.970302 1.048248 0.051525 -0.043236 -0.825937 0.559736
28.600000 5.577463 -3.501009 1.103081 0.014289 -0.054293 -0.742688 0.667280
28.850000 5.312265 -3.842689 1.165702 -0.057577 -0.020548 -0.631145 0.773252
29.000000 5.152347 -4.013567 1.202498 -0.063598 0.032801 -0.577466 0.813272
29.450000 4.812078 -4.456513 1.278835 0.003784 0.070985 -0.577601 0.813218
29.800000 4.651614 -4.849345 1.278011 -0.025467 -0.001667 -0.665907 0.745598
30.200000 4.563666 -5.317580 1.274902 0.007704 0.082720 -0.747240 0.659340
30.400000 4.598001 -5.605723 1.277038 0.023014 -0.068812 -0.800664 0.594704
30.650000 4.589270 -5.924904 1.268632 -0.026631 -0.158646 -0.874844 0.456913
30.800000 4.550012 -6.034941 1.245036 -0.055819 -0.084618 -0.923830 0.369137
31.000000 4.508019 -6.114871 1.217221 -0.040773 0.042483 -0.965812 0.252469
31.450000 4.481478 -6.359279 1.227852 0.141198 -0.065956 -0.977671 0.140968
31.800000 4.202208 -6.497096 1.287015 0.002182 -0.087756 -0.987256 0.132741
32.400000 3.544028 -6.392832 1.322284 0.084659 0.003863 -0.993016 0.082078
32.850000 2.841395 -6.294633 1.276183 -0.049218 0.020287 -0.998554 0.007412
33.250000 2.268901 -6.240437 1.248627 0.038621 -0.080313 -0.995727 0.024210
33.600000 1.730738 -6.085837 1.241419 -0.011556 0.051598 -0.996485 0.064981
34.000000 1.125246 -5.986466 1.120952 0.019358 0.055437 -0.995807 0.070146
34.450000 0.421554 -6.076300 1.035949 -0.084219 -0.016769 -0.995093 0.049142
34.600000 0.211380 -6.113955 1.033237 -0.144940 -0.021621 -0.988302 0.042230
35.000000 -0.082366 -6.153628 1.065640 -0.028971 0.017407 -0.998636 0.039799
36.200000 0.019735 -6.247817 1.615662 -0.032670 -0.015818 -0.996420 0.076351
36.850000 0.587959 -6.128724 1.765414 -0.004958 -0.054495 -0.996080 0.069500
37.200000 0.918826 -5.915554 1.708627 -0.046348 0.049397 0.994720 0.077091
37.400000 1.073863 -5.740429 1.639791 -0.061585 0.026627 0.973318 0.219431
37.600000 1.189136 -5.534391 1.553176 -0.062454 0.001658 0.926240 0.371721
37.800000 1.260797 -5.307933 1.457077 -0.043744 -0.014682 0.862792 0.503449
38.000000 1.296464 -5.072819 1.358582 -0.022082 -0.013194 0.809540 0.586501
38.600000 1.225388 -4.381437 1.101224 -0.039865 -0.061825 0.918855 0.387679
38.850000 1.074508 -4.152142 1.034999 -0.035375 -0.088354 0.974219 0.204548
39.050000 0.903238 -4.035593 1.005653 -0.035475 -0.054796 0.995301 0.071522
39.200000 0.752256 -3.978999 0.993737 0.043020 0.014936 -0.998911 0.010174
39.600000 0.245428 -3.865515 0.992059 0.048580 0.025090 -0.993453 0.100305
40.050000 -0.459613 -3.869213 1.027113 -0.021949 0.020497 -0.997970 0.056165
40.400000 -0.977993 -3.952956 1.054878 0.008414 -0.045805 -0.997322 0.056387
40.800000 -1.579890 -3.983249 1.006111 0.001677 0.012994 -0.999722 0.019626
41.000000 -1.883834 -4.007683 0.994079 -0.002921 0.009201 0.996040 0.088383
41.200000 -2.188865 -4.026450 0.994206 0.000639 0.026466 0.983051 0.181410
41.650000 -2.860761 -4.053263 1.050438 -0.059513 -0.013392 -0.996803 -0.051609
42.000000 -3.275740 -4.073624 1.133937 -0.079207 -0.016139 0.994567 0.065587
42.400000 -3.859525 -4.148934 1.206448 0.083050 -0.039285 0.990760 0.099769
42.650000 -4.193491 -4.290408 1.225678 -0.146522 -0.046389 -0.986875 0.049570
42.800000 -4.312831 -4.357717 1.218236 -0.079009 -0.043182 -0.979107 0.182327
43.000000 -4.426559 -4.415317 1.181058 0.037081 0.041931 -0.934888 0.350503
43.200000 -4.543477 -4.502454 1.145863 0.041877 0.123218 -0.884363 0.448292
43.600000 -4.696091 -4.925283 1.062133 -0.051448 0.025490 -0.888322 0.455617
44.000000 -4.670451 -5.352288 1.024133 -0.062117 -0.116303 -0.929598 0.344184
44.450000 -4.563955 -5.485017 1.047992 0.048973 0.029634 -0.859562 0.507816
44.600000 -4.536057 -5.539933 1.064732 0.012088 -0.019599 -0.792020 0.610061
44.850000 -4.506730 -5.608412 1.086407 -0.109943 -0.087239 -0.638027 0.757115
45.000000 -4.487958 -5.580679 1.087574 -0.083603 -0.037618 -0.571642 0.815366
45.650000 -4.431419 -5.206288 1.066004 -0.032178 -0.081265 -0.797523 0.596923
45.800000 -4.446866 -5.057299 1.068159 -0.022347 -0.066432 -0.903592 0.422622
46.000000 -4.474657 -4.810000 1.080701 0.011796 -0.032703 -0.990923 0.129857
46.200000 -4.514668 -4.532923 1.106802 -0.042980 -0.001085 0.980518 0.191669
46.400000 -4.585392 -4.246182 1.141934 -0.044196 -0.009596 0.873448 0.484812
46.600000 -4.690235 -3.950394 1.178927 -0.022426 -0.003727 0.712470 0.701334
46.800000 -4.812165 -3.645028 1.213097 -0.006716 -0.006602 0.564215 0.825574
47.000000 -4.937035 -3.337023 1.247213 0.031579 0.039852 0.479232 0.876214
47.450000 -5.161284 -2.653273 1.280828 -0.091386 -0.155818 0.525754 0.831235
47.850000 -5.621021 -2.054999 1.150327 0.097277 0.067931 0.661884 0.740157
48.200000 -5.877548 -1.582509 0.995850 0.037613 0.001686 0.731180 0.681144
48.800000 -6.052873 -1.123409 0.938804 -0.007044 0.070443 0.650030 0.756604
49.250000 -6.095692 -0.806662 1.009141 -0.081525 0.000565 0.519002 0.850876
49.600000 -6.203343 -0.387881 1.066529 0.012643 0.041977 0.493736 0.868506
50.000000 -6.229267 0.126813 1.092354 0.089126 0.024330 0.500709 0.860671
50.600000 -5.849205 0.629593 1.098764 0.043845 0.022949 0.520615 0.852356
51.050000 -5.302341 0.800387 1.110015 0.063813 -0.029790 0.512786 0.855623
51.450000 -4.866989 0.768884 1.186950 -0.252461 -0.344918 0.444905 0.786991
51.800000 -5.075739 0.787156 1.179275 0.162856 0.167076 0.460634 0.856376
52.000000 -5.097843 0.769645 1.326077 0.138983 0.335562 0.547713 0.753719
52.250000 -4.773804 0.818758 1.383847 -0.122573 0.160136 0.575597 0.792477
52.400000 -4.489525 0.955702 1.408002 -0.145913 -0.281737 0.572878 0.755741
