15.800000 -1.948606 3.490081 1.161129 0.048873 0.006300 0.856274 0.514165
16.000000 -2.027691 3.758496 1.205027 -0.080455 0.029631 0.902221 0.422667
16.200000 -2.134601 4.059426 1.222484 -0.048850 0.021882 0.953823 0.295561
16.400000 -2.269980 4.388842 1.200675 0.037309 -0.013993 0.987229 0.154243
16.600000 -2.386913 4.707431 1.161424 -0.082348 0.057902 -0.994892 -0.007473
16.800000 -2.445340 4.985828 1.116866 -0.057121 0.022049 -0.989350 0.132048
17.000000 -2.453887 5.245726 1.088762 -0.025234 -0.030561 -0.959020 0.280552
17.200000 -2.443763 5.530425 1.087838 0.022156 -0.022152 -0.899146 0.436526
17.400000 -2.456213 5.821723 1.097515 0.161723 0.038219 -0.842473 0.512469
17.800000 -2.716369 6.166509 1.097381 -0.030580 -0.022326 -0.963104 0.266451
18.000000 -2.873611 6.298464 1.080146 -0.110724 0.000072 -0.990925 0.076206
18.200000 -2.958768 6.436546 1.071913 0.030767 0.098165 -0.994616 -0.012463
18.400000 -3.050400 6.502803 1.117832 0.137586 0.095293 -0.985707 -0.019237
18.800000 -3.536574 6.449262 1.264802 0.010515 -0.038089 -0.994682 0.095115
19.200000 -4.106985 6.428994 1.402555 -0.131850 0.050525 -0.968261 0.206237
19.800000 -4.435837 6.358330 1.517406 -0.029379 -0.007313 -0.938001 0.345308
20.200000 -4.490263 6.339197 1.536359 -0.076601 0.040524 -0.889840 0.447968
20.600000 -4.315738 6.326272 1.509977 -0.033068 0.024445 -0.835464 0.548005
21.200000 -3.770077 6.275297 1.433088 -0.002565 0.031303 -0.754040 0.656077
21.600000 -3.282696 6.219746 1.371001 -0.005615 -0.014286 -0.728901 0.684447
22.200000 -2.629922 6.110000 1.263671 0.066119 -0.028238 -0.757730 0.648595
22.800000 -2.340014 5.771487 1.146959 0.062057 0.004735 -0.840936 0.537544
23.200000 -2.332730 5.427717 1.082502 0.050487 -0.006327 -0.894547 0.444068
23.800000 -2.659967 4.864841 1.035469 0.040184 -0.039807 -0.933314 0.354577
24.200000 -3.100283 4.570716 1.029599 0.032458 -0.032428 -0.934072 0.354124
24.600000 -3.648959 4.334101 1.051930 -0.053717 0.017574 -0.894018 0.444452
25.000000 -4.067759 4.103657 1.088867 -0.002523 0.114036 -0.820608 0.559993
25.400000 -4.295585 3.663793 1.111162 -0.010678 0.032682 -0.724450 0.688469
25.800000 -4.416504 3.122254 1.127222 -0.024010 0.088573 -0.644408 0.759155
26.200000 -4.346342 2.495200 1.131529 0.024916 -0.065367 -0.622419 0.779552
26.600000 -4.436469 1.889091 1.091562 -0.058710 0.045308 -0.646596 0.759219
27.000000 -4.452008 1.318716 1.099016 0.050497 -0.002612 -0.685499 0.726315
27.400000 -4.366565 0.668168 1.121980 -0.007286 -0.038570 -0.661167 0.749211
27.600000 -4.322668 0.380895 1.110418 0.103541 -0.073836 -0.622764 0.772005
28.000000 -4.472505 -0.242674 1.050626 -0.061831 -0.004557 -0.579201 0.812824
28.400000 -4.642904 -0.729784 0.995975 -0.039980 -0.010816 -0.530941 0.846396
29.000000 -4.865270 -1.304424 0.942698 -0.096029 -0.030622 -0.618328 0.779430
29.400000 -4.961887 -1.515541 0.941961 -0.044184 0.064153 -0.754336 0.651850
29.600000 -4.923957 -1.575472 0.936468 0.043333 0.094431 -0.799139 0.592100
30.000000 -4.833189 -1.851135 0.912976 -0.096256 -0.104401 -0.781457 0.607585
30.400000 -4.719151 -1.875979 0.930849 -0.008627 0.009747 -0.709605 0.704479
31.200000 -4.447347 -1.479591 1.140050 -0.022834 -0.005641 -0.739506 0.672739
31.800000 -4.286046 -0.781974 1.310046 0.015846 -0.073672 -0.833053 0.548036
32.200000 -4.320571 -0.165103 1.427736 -0.059341 0.059429 -0.923518 0.374247
32.400000 -4.303549 0.132623 1.499963 -0.001657 0.012758 -0.966392 0.256750
32.600000 -4.272993 0.418057 1.575631 0.069981 -0.028789 -0.989437 0.123648
32.800000 -4.290148 0.716831 1.651812 -0.030300 0.032778 0.998748 0.022598
33.000000 -4.334777 1.039639 1.724830 0.041484 0.012270 0.983577 0.175225
33.200000 -4.355340 1.369431 1.793690 0.038875 0.000472 0.944612 0.325879
33.400000 -4.347397 1.692138 1.853780 -0.007104 -0.001226 0.883529 0.468321
33.600000 -4.339428 2.014830 1.904121 -0.018228 0.003673 0.801448 0.597775
33.800000 -4.339787 2.339297 1.969233 0.189796 -0.191978 0.697199 0.664105
34.000000 -4.337337 2.500602 2.029207 0.259627 -0.247048 0.645876 0.674096
34.200000 -4.334288 2.390752 1.995704 0.162688 -0.166592 0.661949 0.712463
34.400000 -4.337673 2.090456 2.025422 -0.254989 0.252490 0.639378 0.680018
35.000000 -4.295344 2.596308 1.987145 0.214810 -0.249287 0.591403 0.736176
35.200000 -4.318815 2.772336 1.963090 0.271948 -0.151400 0.506078 0.804367
35.400000 -4.331584 2.689828 1.888252 0.070784 0.054783 0.489006 0.867676
35.600000 -4.274837 2.542413 1.849765 -0.101961 0.099234 0.392364 0.908739
35.800000 -4.189699 2.484369 1.828030 0.019002 -0.164707 0.286189 0.943719
36.000000 -4.209432 2.424106 1.826212 -0.208180 -0.005977 0.140251 0.967964
36.200000 -4.268844 2.433319 1.829550 0.405883 0.036525 0.051639 0.911733
36.400000 -4.288593 2.214255 1.799165 0.242764 -0.061245 -0.094764 0.963501
36.600000 -4.365337 1.750369 1.814840 -0.287066 -0.026737 -0.172056 0.941953
37.000000 -4.442172 1.452667 1.888623 -0.028899 0.075998 -0.335855 0.938398
37.200000 -4.372607 1.455072 1.921510 0.300942 0.075262 -0.373551 0.874202
37.400000 -4.336103 1.227211 1.947062 0.261194 -0.010259 -0.474515 0.840540
37.600000 -4.390381 0.832566 1.943119 -0.133397 -0.098565 -0.554355 0.815586
37.800000 -4.464073 0.536416 1.991009 -0.307316 -0.018274 -0.536484 0.785753
38.000000 -4.445347 0.427646 1.996757 -0.089295 0.066832 -0.578256 0.808195
38.200000 -4.332175 0.373027 2.000726 0.124206 0.023833 -0.552658 0.823756
38.400000 -4.241513 0.246084 2.011288 0.034858 -0.153636 -0.528115 0.834431
38.650000 -4.267229 0.139596 2.014349 -0.141035 -0.022304 -0.446518 0.883308
38.800000 -4.286796 0.164643 2.010237 -0.109478 0.105831 -0.399348 0.904066
39.000000 -4.236371 0.240023 2.002017 0.015824 -0.049878 -0.304736 0.950998
39.400000 -4.214296 0.465998 2.000117 -0.086897 -0.015378 -0.121065 0.988714
39.600000 -4.243648 0.668449 1.998327 -0.025951 0.022736 -0.032837 0.998865
39.800000 -4.258453 0.899373 1.998370 -0.027481 -0.012651 0.051116 0.998234
40.000000 -4.279273 1.151011 1.999466 -0.048372 -0.012707 0.123874 0.991037
40.200000 -4.313632 1.435438 1.999473 -0.019186 0.012329 0.184101 0.982643
40.400000 -4.344305 1.739996 1.999583 -0.002094 0.027952 0.232087 0.972291
40.600000 -4.356069 2.052426 1.999770 0.002507 0.027199 0.266006 0.963584
40.800000 -4.345866 2.368012 2.019684 0.152771 -0.016248 0.266263 0.951578
41.000000 -4.320301 2.570620 2.083704 0.373702 -0.195419 0.181434 0.888392
41.200000 -4.346215 2.557486 2.017420 -0.221791 0.041329 0.223716 0.948183
41.400000 -4.401275 2.665526 1.969519 -0.439098 0.265215 0.186566 0.837882
41.600000 -4.325922 3.166942 1.885719 0.204024 -0.017199 0.184253 0.961316
41.800000 -4.179087 3.617568 1.970019 0.311863 -0.151081 0.160374 0.924227
42.000000 -4.102786 3.788576 2.015527 0.366698 -0.126788 0.143574 0.910409
42.200000 -4.074496 3.680486 1.981654 -0.011444 0.094359 0.184346 0.978255
42.400000 -3.985670 3.541062 2.004883 -0.269540 0.076419 0.112942 0.953285
42.600000 -3.855844 3.616370 2.028177 -0.167353 -0.180645 0.095951 0.964445
42.800000 -3.849017 3.809473 2.017445 0.130079 -0.095003 -0.009050 0.986900
43.000000 -3.929793 3.921357 2.017654 0.137841 0.094269 -0.076637 0.982975
43.200000 -3.972419 3.925845 2.006730 -0.014478 0.007553 -0.187769 0.982077
43.400000 -3.997869 3.918168 2.004897 0.047383 -0.078165 -0.279130 0.955893
43.600000 -4.077851 3.896953 2.004276 0.062221 0.036390 -0.356156 0.931642
43.800000 -4.161991 3.824659 2.003321 0.035091 0.061699 -0.432867 0.898659
44.000000 -4.217010 3.704628 2.002461 0.058540 0.047717 -0.497848 0.863970
44.200000 -4.259367 3.529083 2.001007 0.040115 0.021689 -0.554896 0.830669
44.400000 -4.302184 3.313457 2.000226 0.020255 0.032692 -0.601876 0.797663
