0.800000 0.500000 1.000000 1.000000 -0.000000 -0.000000 -0.000000 1.000000
6.400000 0.438165 1.068597 1.048944 -0.170808 -0.183501 0.032354 0.967525
6.650000 0.229909 1.266023 0.977611 0.030302 0.077799 0.012209 0.996434
7.050000 -0.069789 1.556961 0.900347 -0.035730 -0.168576 -0.008773 0.985002
7.400000 -0.540462 1.827404 0.948565 0.095226 0.108348 -0.052696 0.988137
7.650000 -0.804195 1.907113 1.061555 0.021508 -0.111777 -0.118362 0.986424
8.050000 -1.375210 1.986825 1.364596 -0.050918 0.133264 -0.197691 0.969828
8.200000 -1.529284 2.031636 1.514857 -0.127033 -0.148963 -0.192936 0.961482
8.650000 -2.164171 2.432236 1.906973 0.190911 0.295498 -0.176625 0.919259
8.800000 -2.275614 2.494727 2.021811 0.245560 0.244619 -0.140976 0.927355
9.250000 -2.106845 2.015327 2.056287 -0.148912 -0.131867 -0.100081 0.974895
9.450000 -2.005280 1.775073 2.042762 -0.212323 -0.131978 -0.042058 0.967332
9.650000 -1.994015 1.690634 1.984150 -0.056909 0.069221 -0.011188 0.995914
9.850000 -1.953349 1.672574 1.921187 0.012711 0.019873 0.072932 0.997058
10.250000 -1.875910 1.704627 1.779472 -0.109219 0.014409 0.257152 0.960071
10.450000 -1.883777 1.834443 1.695475 -0.015657 0.000078 0.369975 0.928910
10.650000 -1.894834 1.988594 1.616590 -0.039463 0.026420 0.470547 0.881096
10.850000 -1.905249 2.176682 1.543898 -0.070841 0.048807 0.559886 0.824091
11.250000 -1.933708 2.717710 1.419354 0.006639 0.005123 0.704593 0.709562
11.650000 -1.948607 3.306735 1.365548 -0.018870 0.005283 0.820879 0.570765
12.050000 -1.988321 3.926221 1.411352 -0.028739 -0.026920 0.912565 0.407031
12.450000 -2.187247 4.518903 1.352075 -0.012876 -0.021167 0.964172 0.264118
12.650000 -2.339137 4.788613 1.275865 0.081887 -0.046952 0.980197 0.174080
13.000000 -2.473090 5.151757 1.170899 0.066275 0.017868 0.991704 0.108681
13.450000 -2.442353 5.648597 1.069262 -0.061373 -0.037192 0.980255 0.184256
13.600000 -2.457176 5.837726 1.028540 0.018483 -0.122944 0.974190 0.188404
14.250000 -2.536100 6.161537 0.960180 -0.103537 0.014084 0.991083 0.082684
14.800000 -3.005996 6.311223 1.065773 -0.007671 -0.029531 0.998787 0.038660
15.400000 -3.760650 6.336821 1.250158 -0.094047 -0.002241 -0.995484 -0.012698
16.050000 -4.187743 6.382780 1.475398 0.002792 -0.011896 -0.983076 0.182792
16.400000 -4.260649 6.424702 1.578702 -0.068615 0.030736 -0.926673 0.368273
16.650000 -4.227858 6.449636 1.634061 -0.073287 0.039503 -0.862344 0.499430
16.800000 -4.158981 6.464715 1.656694 -0.045043 0.034461 -0.820299 0.569116
17.200000 -3.868108 6.491762 1.683800 -0.009821 0.040620 -0.705449 0.707528
17.600000 -3.468665 6.458460 1.665126 0.019368 0.029678 -0.632185 0.774007
18.200000 -2.837733 6.218607 1.602620 0.071478 -0.009989 -0.654599 0.752523
18.650000 -2.561792 5.835475 1.543994 0.057264 -0.015129 -0.757874 0.649707
19.050000 -2.495640 5.401019 1.477437 0.027751 -0.037639 -0.857942 0.511615
19.450000 -2.574323 5.012080 1.400066 0.049126 -0.048481 -0.920821 0.383829
20.050000 -3.038861 4.597004 1.270007 0.021740 -0.033319 -0.943983 0.327587
20.600000 -3.683990 4.349793 1.152000 -0.001305 0.049952 -0.868250 0.493604
20.800000 -3.907511 4.221825 1.105728 -0.031894 0.064436 -0.809774 0.582319
21.000000 -4.085454 4.066640 1.062785 -0.040311 0.054948 -0.738738 0.670538
21.250000 -4.232799 3.844612 1.018750 0.029785 0.095984 -0.642393 0.759757
21.400000 -4.288025 3.671710 0.996900 0.041581 0.067147 -0.588922 0.804321
21.800000 -4.372907 3.088659 0.958366 -0.039082 0.014903 -0.512703 0.857547
22.200000 -4.371853 2.509408 0.939892 0.038508 0.023455 -0.566222 0.823018
22.600000 -4.356867 1.854473 0.944523 -0.025978 -0.014314 -0.670009 0.741760
23.050000 -4.341731 1.159090 0.981011 0.014605 -0.005895 -0.745660 0.666141
23.450000 -4.352699 0.549022 1.019706 -0.007007 0.012670 -0.771284 0.636327
23.800000 -4.350048 0.011894 1.049635 0.008120 0.002896 -0.781795 0.623476
24.200000 -4.354919 -0.618608 1.050753 0.028612 -0.031546 -0.847658 0.528831
24.400000 -4.391761 -0.923267 1.044618 0.068800 -0.031348 -0.908076 0.411924
24.650000 -4.516593 -1.302545 1.037483 0.055560 -0.013253 -0.976472 0.207941
24.800000 -4.629358 -1.530551 1.036520 0.032987 -0.018694 -0.996976 0.067831
25.000000 -4.805741 -1.824335 1.042958 -0.031186 0.015701 0.991695 0.123783
25.200000 -5.005672 -2.105771 1.050774 -0.026764 -0.033878 0.953038 0.299758
25.400000 -5.232729 -2.398054 1.066303 -0.026341 0.000195 0.902391 0.430112
25.800000 -5.688072 -2.919006 1.216650 0.014699 0.097813 0.836118 0.539559
26.400000 -6.137882 -3.304237 1.530484 0.026584 0.053214 0.780562 0.622241
27.050000 -6.309691 -3.300551 1.731898 0.123373 -0.057515 0.651537 0.746304
27.450000 -6.196741 -3.415502 1.696845 0.046583 0.097056 0.480385 0.870426
27.650000 -6.031450 -3.534391 1.647910 -0.006887 0.029490 0.341106 0.939537
27.850000 -5.837520 -3.642339 1.596217 0.079976 -0.040780 0.175914 0.980304
28.050000 -5.657077 -3.806798 1.547811 0.096108 0.085159 0.009800 0.991673
28.200000 -5.489731 -3.980649 1.508124 -0.001343 0.094908 -0.127885 0.987237
28.400000 -5.208378 -4.227789 1.450638 0.026018 -0.008961 -0.301358 0.953114
28.650000 -4.868427 -4.561693 1.389215 0.050658 -0.131530 -0.477061 0.867494
28.850000 -4.706638 -4.827770 1.355260 -0.019520 -0.156231 -0.582699 0.797291
29.000000 -4.654354 -4.976748 1.329020 -0.136459 -0.022885 -0.621374 0.771200
29.450000 -4.430388 -5.236856 1.289687 0.090922 -0.094437 -0.622211 0.771795
29.650000 -4.417029 -5.376973 1.283915 0.007104 -0.136132 -0.598044 0.789785
29.800000 -4.472261 -5.449886 1.274612 -0.090224 -0.033900 -0.580027 0.808875
31.400000 -4.565946 -4.741605 1.241434 -0.058922 -0.024169 -0.466078 0.882448
31.850000 -4.476956 -4.129170 1.224164 0.152308 0.179763 -0.297730 0.925119
32.250000 -4.153354 -3.920960 1.179846 -0.037923 -0.045368 -0.153206 0.986424
32.600000 -3.842787 -3.778105 1.148468 0.106604 0.106778 -0.045496 0.987504
33.050000 -3.213876 -3.821671 1.090835 -0.004330 -0.029101 0.021496 0.999336
33.400000 -2.705269 -3.934627 1.047710 0.018236 0.019291 0.032330 0.999125
33.850000 -2.025397 -4.115267 1.040530 -0.026463 -0.013170 0.013135 0.999477
34.200000 -1.499633 -4.186594 1.065467 -0.003697 0.008768 -0.003165 0.999950
34.650000 -0.807527 -4.237009 1.053422 -0.025634 -0.000951 -0.010196 0.999619
35.000000 -0.264532 -4.217206 1.016736 -0.001561 -0.005346 -0.009084 0.999943
35.400000 0.334418 -4.205612 1.025801 -0.069939 -0.001695 -0.049885 0.996302
35.850000 0.995600 -4.128791 1.021194 0.105030 -0.031520 -0.224701 0.968238
36.000000 1.195653 -4.155412 1.012218 0.046290 -0.107520 -0.316341 0.941395
36.200000 1.387054 -4.204142 1.001864 0.002935 -0.109259 -0.445843 0.888413
36.400000 1.498687 -4.223082 0.992559 0.001807 -0.034242 -0.579161 0.814492
36.650000 1.595167 -4.229161 0.989360 0.069733 0.002518 -0.727172 0.682899
36.800000 1.629589 -4.254868 0.990471 0.089671 -0.037241 -0.791094 0.603939
37.200000 1.546766 -4.361941 0.984878 0.040129 0.004171 -0.842964 0.536455
38.000000 1.216450 -5.000604 0.896869 -0.017669 0.030801 -0.833349 0.551605
38.400000 1.175995 -5.503798 0.915969 -0.003369 -0.036245 -0.891608 0.451343
38.800000 1.120702 -5.931209 1.004124 0.002441 -0.034552 -0.961349 0.273147
39.050000 1.077263 -6.148427 1.116086 -0.060167 -0.018937 -0.994321 0.085719
39.200000 1.078733 -6.262846 1.214662 -0.018696 0.038443 0.998651 0.029491
39.400000 1.071298 -6.387571 1.373258 -0.074500 -0.002086 0.983502 0.164830
39.600000 1.014863 -6.500060 1.523072 0.017870 -0.006836 0.966028 0.257730
39.800000 0.961296 -6.619543 1.649196 0.067136 0.109412 0.944114 0.303597
40.400000 1.184149 -6.562241 1.810778 0.022692 -0.037721 0.913211 0.405102
40.800000 1.482558 -6.455759 1.733771 0.072250 0.081423 0.851782 0.512462
41.050000 1.798953 -6.394302 1.655677 -0.009677 0.038332 0.771520 0.634975
41.250000 2.083132 -6.314349 1.589662 0.018148 -0.028296 0.663138 0.747742
41.400000 2.293970 -6.262403 1.537811 0.042614 -0.019461 0.558402 0.828246
41.650000 2.654162 -6.215608 1.450315 0.011320 0.013520 0.354671 0.934825
41.850000 2.957254 -6.190544 1.393622 -0.005085 -0.005459 0.185323 0.982649
42.050000 3.257888 -6.163406 1.362533 0.016971 -0.005499 0.038726 0.999091
42.200000 3.480224 -6.149831 1.356293 0.029010 0.009033 -0.046897 0.998438
42.600000 4.080057 -6.156788 1.358088 0.009042 -0.097541 -0.173888 0.979881
43.250000 4.592021 -6.174973 1.421092 0.013983 -0.071896 -0.098081 0.992480
43.400000 4.658319 -6.189717 1.443569 0.010498 -0.136066 -0.081786 0.987262
43.800000 4.643425 -6.216506 1.470466 -0.132682 0.057131 -0.141692 0.979313
44.200000 4.689744 -6.020251 1.454728 -0.003056 -0.026145 -0.264259 0.964092
44.850000 4.722149 -5.403922 1.365209 -0.028242 -0.002205 -0.177364 0.983738
45.250000 4.758425 -4.833266 1.297397 -0.001025 0.026442 -0.003307 0.999644
45.600000 4.870212 -4.321411 1.255753 0.060270 0.074535 0.128972 0.987005
46.050000 5.224636 -3.818700 1.211738 -0.032210 0.010777 0.185420 0.982072
46.450000 5.541866 -3.377504 1.174999 0.008970 -0.036523 0.220180 0.974734
46.800000 5.751466 -3.002948 1.142774 -0.006155 -0.031268 0.231559 0.972299
47.450000 5.959415 -2.331630 1.078609 0.011148 -0.044389 0.319991 0.946314
47.650000 5.972520 -2.144532 1.059442 0.009537 -0.030747 0.442568 0.896157
47.850000 5.965047 -1.975041 1.041737 -0.002490 -0.027449 0.587050 0.809081
48.050000 5.938782 -1.817819 1.025928 -0.015051 -0.036276 0.729156 0.683220
48.250000 5.885754 -1.672498 1.012510 -0.028334 -0.026797 0.849152 0.526707
48.450000 5.802865 -1.534561 1.003185 -0.031123 -0.008436 0.936897 0.348114
48.650000 5.693341 -1.393889 1.006811 -0.035495 0.063869 0.983950 0.162801
48.850000 5.561173 -1.205269 1.039944 0.020367 -0.092362 -0.995396 -0.015530
49.250000 5.268334 -0.628871 1.140209 -0.021044 -0.001372 -0.999715 -0.011161
49.650000 5.026693 -0.018396 1.212267 0.105514 0.021215 0.946686 0.303646
49.850000 4.977881 0.270797 1.199928 0.072977 0.052080 0.878124 0.469957
50.050000 4.995675 0.564890 1.172917 -0.006367 0.017877 0.792409 0.609695
50.200000 5.022574 0.794122 1.159662 -0.024577 -0.004279 0.722444 0.690979
50.450000 5.050451 1.187318 1.143308 0.008106 -0.013054 0.619252 0.785042
50.800000 5.086023 1.718563 1.063064 0.009255 0.030479 0.558773 0.828709
51.050000 5.121181 2.100606 1.004887 -0.100573 -0.119807 0.583920 0.796599
51.450000 4.916358 2.703310 0.962848 0.040267 -0.047803 0.682763 0.727961
51.800000 4.665728 3.107297 0.985450 -0.032532 -0.068643 0.730852 0.678296
52.200000 4.208658 3.449831 1.084908 0.016869 -0.071700 0.757908 0.648190
52.650000 3.544014 3.621391 1.262831 -0.016262 0.001614 0.825447 0.564242
53.000000 3.010370 3.785276 1.446398 -0.036028 0.085989 0.876451 0.472378
53.400000 2.430825 4.207882 1.667794 0.039833 0.030245 0.859330 0.508970
53.800000 1.996200 4.707014 1.864035 0.054980 0.074149 0.753554 0.650873
54.000000 1.868387 4.976204 1.924474 0.034043 0.039085 0.678228 0.733021
54.200000 1.782713 5.248059 1.956913 0.043234 0.012427 0.588305 0.807387
54.450000 1.716343 5.562752 1.954424 0.063227 0.050711 0.464720 0.881741
54.650000 1.716856 5.788311 1.914256 0.051468 0.083103 0.361724 0.927146
54.850000 1.783346 5.999275 1.837111 0.038432 0.043482 0.257109 0.964638
55.050000 1.892389 6.192186 1.731553 0.052014 0.021035 0.163891 0.984882
55.450000 2.205677 6.472008 1.465217 0.034709 0.066049 0.020576 0.997000
55.850000 2.689808 6.615802 1.209985 0.071303 0.004819 -0.090343 0.993343
56.450000 3.566094 6.519148 0.981054 0.018813 -0.020375 -0.213292 0.976595
56.800000 4.089647 6.384531 0.949810 0.018121 -0.016616 -0.260680 0.965112
57.250000 4.580869 6.175962 0.990769 0.001681 -0.029277 -0.353648 0.934919
57.800000 4.862753 5.933634 1.144999 0.028338 -0.091559 -0.505722 0.857356
58.200000 4.827634 5.815327 1.296127 0.013140 -0.036285 -0.654430 0.755137
58.400000 4.762287 5.779118 1.378967 0.042433 -0.046260 -0.728816 0.681826
58.600000 4.650291 5.748099 1.461224 0.049483 -0.056951 -0.798191 0.597661
58.850000 4.433383 5.725541 1.556909 0.030920 -0.039232 -0.873004 0.485149
59.000000 4.272545 5.723126 1.609400 0.027176 -0.022707 -0.908257 0.416912
59.400000 3.770078 5.725986 1.726394 0.050988 0.023583 -0.965389 0.254691
59.800000 3.155961 5.640894 1.798542 0.002459 0.044544 -0.986031 0.160476
60.250000 2.450465 5.389136 1.834054 0.009662 0.015115 -0.989258 0.145075
60.650000 1.821432 5.093065 1.835733 -0.000769 0.021671 -0.986283 0.163635
61.050000 1.196248 4.738875 1.811094 -0.000764 -0.014511 -0.986542 0.162859
61.450000 0.572894 4.441752 1.781299 -0.007709 -0.073910 -0.989756 0.121905
61.850000 -0.054941 4.351387 1.760811 -0.001965 -0.023712 -0.997291 0.069606
62.250000 -0.682148 4.365162 1.765902 -0.000768 -0.036561 -0.998227 0.046966
62.600000 -1.233333 4.461173 1.790217 0.001123 -0.002657 -0.996931 0.078227
63.000000 -1.871405 4.581326 1.826508 0.028868 0.037482 -0.984272 0.170209
63.400000 -2.549263 4.595869 1.828850 -0.005406 0.038048 -0.953429 0.299160
63.850000 -3.264199 4.477701 1.775474 -0.015663 0.060411 -0.892182 0.447344
64.250000 -3.769830 4.230000 1.679460 -0.020228 0.068814 -0.825340 0.560062
64.600000 -4.078141 3.893683 1.598250 0.000041 0.056368 -0.768904 0.636875
65.050000 -4.324028 3.311277 1.584509 -0.018594 0.051999 -0.713019 0.698967
65.450000 -4.383827 2.705096 1.663687 -0.003316 0.024957 -0.693528 0.719989
65.800000 -4.372447 2.134852 1.771863 -0.003943 0.009221 -0.701474 0.712624
66.250000 -4.327222 1.384408 1.905845 0.002395 -0.000064 -0.741423 0.671034
66.650000 -4.289744 0.713416 1.979228 0.001720 -0.013158 -0.800233 0.599543
67.050000 -4.279454 0.068390 1.989974 0.007589 -0.030008 -0.872719 0.487241
67.450000 -4.331036 -0.514358 1.928749 0.022112 -0.047293 -0.943856 0.326205
67.800000 -4.462487 -0.935914 1.821564 0.028985 -0.063064 -0.987425 0.142035
68.050000 -4.610499 -1.158342 1.719601 0.036311 -0.056618 -0.997717 -0.006026
68.200000 -4.720529 -1.258215 1.650503 -0.035376 0.047985 0.993495 0.097021
68.450000 -4.932699 -1.375070 1.526596 -0.027614 0.042568 0.968876 0.242289
68.650000 -5.119185 -1.425902 1.423333 -0.023755 0.047601 0.936874 0.345596
68.800000 -5.263058 -1.437247 1.345620 -0.020841 0.052175 0.908875 0.413267
69.050000 -5.436174 -1.397601 1.354226 0.323015 0.063031 0.810352 0.484787
69.250000 -5.361380 -1.411299 1.347964 0.074353 0.078339 0.863316 0.492971
69.400000 -5.237289 -1.436155 1.348910 -0.120218 -0.033097 0.858960 0.496629
69.850000 -5.204212 -1.417368 1.364906 0.071425 -0.038084 0.867601 0.490628
70.000000 -5.248130 -1.441974 1.370027 0.116583 0.057981 0.860559 0.492428
70.250000 -5.218230 -1.487326 1.371978 -0.041867 0.059574 0.869335 0.488829
70.450000 -5.174054 -1.474103 1.373265 -0.068854 -0.030203 0.867139 0.492359
70.850000 -5.205174 -1.451176 1.374506 0.046323 0.003582 0.868359 0.493754
