0.800000 0.500000 1.000000 1.000000 -0.000000 -0.000000 -0.000000 1.000000
10.400000 0.525858 0.972797 1.009552 0.122192 0.133975 0.003115 0.983417
10.800000 0.796772 0.723887 1.008492 -0.052849 -0.056195 -0.099309 0.992062
11.050000 0.961838 0.596788 1.007895 -0.029661 0.073976 -0.239358 0.967655
11.200000 1.087228 0.534924 1.005538 0.019423 0.053661 -0.336480 0.939960
11.450000 1.329865 0.400074 0.999358 0.053283 -0.046839 -0.455451 0.887430
12.000000 1.602423 -0.044898 1.085491 0.043818 0.029825 -0.566991 0.822017
12.200000 1.656223 -0.280248 1.168591 -0.016785 0.012243 -0.661899 0.749305
12.400000 1.724086 -0.519507 1.267930 -0.023192 -0.021731 -0.762765 0.645894
12.600000 1.799968 -0.733770 1.378303 -0.082352 -0.032843 -0.854819 0.511296
12.800000 1.911060 -0.896945 1.494344 -0.101678 -0.037095 -0.930175 0.350800
13.000000 2.077135 -1.007388 1.601643 0.039059 0.017053 -0.983076 0.178169
13.200000 2.230109 -1.123597 1.699884 0.155222 0.037899 -0.987083 -0.011717
13.400000 2.291468 -1.263732 1.759148 0.030872 0.044422 0.982395 0.178811
13.600000 2.355767 -1.385847 1.787748 0.095132 0.076198 0.938951 0.321736
13.850000 2.540219 -1.489406 1.808782 -0.098665 0.044801 0.894624 0.433481
14.200000 2.694765 -1.472739 1.838460 -0.042467 -0.002042 0.848748 0.527085
15.000000 2.785002 -1.010973 1.822461 -0.127911 -0.036581 0.786108 0.603602
15.400000 2.533644 -0.543858 1.674948 0.003254 0.007742 0.835103 0.550030
15.800000 2.207271 -0.050380 1.488518 -0.083336 0.001346 0.888372 0.451495
16.000000 1.995105 0.247389 1.383212 0.083353 0.069282 0.903619 0.414398
16.400000 1.761071 0.871301 1.101202 -0.032344 -0.089206 0.946686 0.307865
16.850000 1.430112 1.367352 0.849074 0.041678 -0.018830 0.981080 0.188123
17.250000 1.102504 1.692647 0.834424 -0.113107 -0.012598 0.951820 0.284758
17.600000 0.640246 1.992650 0.924574 -0.020566 -0.050276 0.907901 0.415651
18.000000 -0.007449 2.259262 1.021361 -0.003182 0.058508 0.870257 0.489101
18.400000 -0.595639 2.581670 1.070534 -0.016777 0.039173 0.890471 0.453040
18.800000 -1.193758 3.028884 1.054312 -0.018770 0.025185 0.905040 0.424164
19.200000 -1.785481 3.591426 0.987097 0.054724 0.041583 0.863138 0.500269
19.600000 -2.187042 4.186658 0.948450 0.037562 0.027684 0.773002 0.632685
20.000000 -2.405459 4.791781 0.969274 0.050417 0.027889 0.644576 0.762366
20.400000 -2.470387 5.318200 1.005431 0.061868 0.023366 0.494658 0.866568
20.600000 -2.430895 5.541315 1.019213 0.021850 0.017982 0.406230 0.913333
20.800000 -2.370193 5.752391 1.040662 -0.006550 0.007553 0.303965 0.952631
21.000000 -2.303428 5.966249 1.073036 0.088959 0.015682 0.196468 0.976340
21.400000 -2.029160 6.215738 1.141480 0.014850 0.063516 0.020198 0.997666
21.600000 -1.791620 6.287677 1.194131 -0.009664 -0.063275 -0.052299 0.996578
22.000000 -1.421440 6.419009 1.401779 0.065019 0.124878 -0.137366 0.980463
22.400000 -0.831182 6.337393 1.575596 0.016617 -0.034286 -0.186113 0.981789
22.600000 -0.491883 6.247736 1.649471 -0.077508 -0.103203 -0.184302 0.974358
22.800000 -0.208559 6.216201 1.700099 -0.040313 0.012045 -0.184762 0.981882
