0.800000 0.500000 1.000000 1.000000 -0.000000 -0.000000 -0.000000 1.000000
8.600000 0.491396 1.010110 1.030323 -0.174437 -0.154890 0.016933 0.972262
9.050000 0.144917 1.356365 0.965420 0.188072 0.212596 0.029858 0.958405
9.200000 0.072759 1.430496 0.918216 0.022647 -0.067227 0.004554 0.997470
9.400000 -0.051569 1.495935 0.898302 -0.024104 -0.176453 0.009573 0.983967
9.600000 -0.321508 1.575712 0.918108 0.051718 -0.040630 0.006057 0.997816
9.850000 -0.716279 1.619391 0.994623 0.052759 0.048742 0.006373 0.997397
10.050000 -0.988254 1.596635 1.100910 -0.018885 -0.008874 -0.003544 0.999776
10.400000 -1.436218 1.576300 1.375830 0.042601 0.103201 -0.029267 0.993317
11.000000 -1.858785 1.255239 1.728374 0.014064 0.075987 -0.117180 0.990099
11.650000 -1.913322 0.547288 1.834115 -0.039340 0.037542 -0.196405 0.979014
12.250000 -1.718470 0.072981 1.743666 -0.024293 -0.009606 -0.060264 0.997840
12.650000 -1.613671 -0.018666 1.640362 -0.075525 -0.001522 0.140652 0.987173
12.800000 -1.580895 -0.003819 1.600073 -0.062951 -0.007703 0.229395 0.971265
13.050000 -1.547742 0.078485 1.536331 -0.045208 -0.003731 0.377067 0.925074
13.200000 -1.541254 0.153529 1.502689 -0.051507 0.018480 0.459118 0.886688
13.450000 -1.539222 0.332812 1.454843 -0.057294 0.028831 0.579761 0.812258
13.600000 -1.542689 0.477490 1.427401 -0.049322 0.026319 0.639779 0.766523
14.050000 -1.577561 1.034442 1.333389 -0.015976 0.017725 0.752022 0.658706
14.400000 -1.613448 1.541670 1.252085 -0.013676 0.006381 0.782548 0.622407
14.850000 -1.682425 2.239196 1.162763 -0.012102 -0.008880 0.793226 0.608742
15.250000 -1.796501 2.865021 1.132035 -0.017166 -0.012909 0.806799 0.590435
15.650000 -1.964378 3.479187 1.149307 0.006392 0.004929 0.854493 0.519400
16.050000 -2.113585 4.081304 1.141653 -0.057960 -0.008412 0.927624 0.368895
16.400000 -2.339217 4.630203 1.083512 0.061535 -0.031013 0.973027 0.220159
16.600000 -2.465214 4.917558 1.051267 0.125427 -0.049727 0.985054 0.107068
16.800000 -2.501897 5.161109 1.034339 -0.043074 -0.056857 -0.997443 -0.004308
17.250000 -2.512468 5.828920 1.069481 0.052421 0.046218 -0.997503 0.010169
17.600000 -2.647157 6.273960 1.113241 0.053395 0.112935 -0.991452 -0.037644
18.000000 -2.921456 6.521730 1.084221 -0.034637 0.022323 -0.998565 0.034205
18.400000 -3.170536 6.648090 1.115953 0.083079 0.050819 -0.983861 0.150106
18.800000 -3.536006 6.608955 1.271304 -0.077861 0.005027 -0.963594 0.255733
19.400000 -3.790583 6.519976 1.603934 -0.039413 -0.012083 -0.918563 0.393118
19.800000 -3.798644 6.527661 1.777487 -0.072760 0.025065 -0.858914 0.506304
20.200000 -3.606265 6.573531 1.839901 -0.007054 0.039146 -0.786904 0.615792
20.600000 -3.279320 6.544685 1.799842 -0.021125 0.043580 -0.722559 0.689611
21.250000 -2.613710 6.320008 1.640225 0.056396 -0.039319 -0.719016 0.691585
21.800000 -2.330001 5.927745 1.523194 0.063027 0.021351 -0.811055 0.581172
22.250000 -2.290257 5.438029 1.453517 0.042415 -0.045297 -0.888900 0.453879
22.800000 -2.546560 4.878644 1.383862 0.049318 -0.029739 -0.930412 0.361963
23.200000 -2.922570 4.515602 1.320964 0.028779 -0.066063 -0.924818 0.373522
23.600000 -3.458717 4.297330 1.227011 -0.029438 -0.008236 -0.885650 0.463345
24.050000 -3.998504 4.113445 1.136342 -0.011010 0.088505 -0.784947 0.613110
24.400000 -4.247261 3.804873 1.105685 0.009202 0.047155 -0.693962 0.718407
24.800000 -4.430830 3.327412 1.124562 -0.002710 0.064991 -0.630264 0.773651
25.250000 -4.471966 2.666349 1.182537 -0.017040 0.032264 -0.641707 0.766081
25.600000 -4.431358 2.117170 1.229209 -0.005942 -0.008349 -0.683339 0.730029
26.000000 -4.385714 1.508588 1.263030 0.008554 -0.001412 -0.721726 0.692124
26.400000 -4.360650 0.898235 1.262330 0.003395 -0.000848 -0.745170 0.666865
26.800000 -4.353331 0.278093 1.222246 0.006236 -0.002744 -0.767647 0.640836
27.200000 -4.351133 -0.349710 1.158802 -0.007629 0.009915 -0.763944 0.645161
27.650000 -4.320014 -1.055825 1.083479 0.024735 -0.038571 -0.717596 0.694951
28.000000 -4.360388 -1.571899 1.029064 0.007008 -0.037619 -0.809050 0.586492
28.200000 -4.422756 -1.844340 1.002707 -0.012671 -0.064647 -0.890955 0.449287
28.400000 -4.500946 -2.070299 0.984956 0.000809 -0.097780 -0.956164 0.276025
28.600000 -4.600187 -2.224282 0.973785 0.012259 -0.071608 -0.993152 0.091490
28.850000 -4.743853 -2.339777 0.971063 0.001860 0.028397 0.991881 0.123940
29.000000 -4.828730 -2.388221 0.977072 -0.002345 0.026780 0.972808 0.230049
29.200000 -4.941118 -2.431658 1.003675 -0.053234 0.040089 0.938777 0.338020
29.600000 -5.233175 -2.389130 1.143230 -0.048590 -0.007331 0.883141 0.466527
30.000000 -5.655851 -2.219359 1.367008 -0.025619 0.032688 0.837947 0.544168
30.200000 -5.890568 -2.085206 1.453851 0.129136 0.023546 0.802695 0.581765
31.200000 -6.165930 -2.079840 1.388066 0.101172 -0.017015 0.730968 0.674656
31.600000 -5.974571 -2.355860 1.210591 0.038958 0.052322 0.614944 0.785868
31.800000 -5.795218 -2.519083 1.114544 0.021114 -0.007436 0.532162 0.846346
32.200000 -5.409930 -2.921994 0.985844 0.021460 0.033734 0.372999 0.926970
32.400000 -5.189173 -3.150620 0.962735 -0.160770 0.064948 0.279772 0.944279
32.800000 -4.726154 -3.307889 0.943611 0.040131 -0.084631 0.254509 0.962524
33.000000 -4.546402 -3.382404 0.947880 -0.050789 0.021468 0.334195 0.940890
33.250000 -4.337232 -3.429762 0.958994 -0.081098 -0.006239 0.487711 0.869208
33.400000 -4.228261 -3.414171 0.964277 -0.071975 -0.082866 0.590992 0.799175
33.600000 -4.150819 -3.384746 0.967727 -0.034298 -0.080154 0.716887 0.691717
33.800000 -4.141442 -3.375972 0.967389 -0.025286 -0.006613 0.817847 0.574841
34.000000 -4.160036 -3.365139 0.967044 -0.039148 0.012846 0.893047 0.448072
34.200000 -4.196801 -3.338745 0.964800 0.022098 -0.069760 0.944973 0.318860
34.400000 -4.239058 -3.355965 0.963616 0.031534 -0.103291 0.978776 0.174166
34.600000 -4.272618 -3.454737 0.958705 0.017973 -0.071986 0.997173 0.011861
34.800000 -4.293866 -3.612591 0.953021 -0.001206 0.027089 -0.985487 0.167571
35.050000 -4.313374 -3.842495 0.949174 0.013010 0.025340 -0.923254 0.383133
35.250000 -4.330143 -4.048862 0.947741 0.031528 0.040253 -0.853928 0.517874
35.400000 -4.345233 -4.227834 0.947205 0.033798 0.035747 -0.808230 0.586808
35.850000 -4.416091 -4.863038 0.963077 0.031943 0.002425 -0.789905 0.612391
36.200000 -4.532960 -5.406063 0.988344 0.039549 -0.038687 -0.905666 0.420367
36.400000 -4.648769 -5.705143 0.996704 0.045104 -0.053900 -0.965500 0.250740
36.650000 -4.861158 -6.028123 1.049357 0.037728 -0.060916 -0.996769 0.036284
36.800000 -5.016165 -6.185546 1.094152 0.019507 0.007738 0.998208 0.056040
37.200000 -5.375298 -6.557347 1.196334 -0.119649 -0.140225 -0.968024 -0.170145
37.800000 -5.452958 -6.653046 1.100737 0.015313 0.017825 0.977645 0.208946
38.250000 -5.333711 -6.510941 1.031898 0.025411 0.100833 0.937219 0.332879
38.600000 -5.093514 -6.201832 1.012736 -0.031076 0.025894 0.863425 0.502853
38.800000 -4.959139 -5.968598 1.016174 -0.001520 0.002558 0.790696 0.612202
39.000000 -4.826669 -5.728576 1.025223 -0.007388 0.021139 0.697262 0.716466
39.200000 -4.687344 -5.475538 1.036313 -0.012150 0.016392 0.588566 0.808191
39.450000 -4.505953 -5.141256 1.049479 0.023498 -0.004092 0.441482 0.896953
39.650000 -4.355374 -4.886612 1.057821 0.025047 -0.010300 0.324361 0.945546
39.800000 -4.241776 -4.709688 1.057781 -0.014489 -0.037452 0.241896 0.969471
40.000000 -4.109412 -4.477222 1.049777 0.070570 0.032100 0.143740 0.986574
40.250000 -3.897155 -4.249746 1.037514 0.076914 0.140550 0.049857 0.985822
40.600000 -3.404453 -4.051127 0.997949 0.013988 -0.029130 -0.065800 0.997309
41.000000 -2.828499 -3.894747 0.975946 0.076998 0.028793 -0.131519 0.987899
41.450000 -2.133116 -3.926678 0.971646 0.001714 -0.114845 -0.129632 0.984887
42.000000 -1.680651 -3.980530 0.977948 0.010686 -0.005274 0.002604 0.999925
42.250000 -1.535987 -4.014737 0.990264 -0.023675 -0.124420 0.107047 0.986154
42.600000 -1.526813 -4.050627 1.026952 -0.000946 -0.004206 0.278444 0.960443
42.800000 -1.559837 -4.069575 1.069780 -0.028337 -0.055954 0.384183 0.921124
43.050000 -1.663359 -4.087807 1.131023 -0.049196 -0.054161 0.510453 0.856787
43.200000 -1.769328 -4.090941 1.164184 -0.037950 -0.034601 0.580689 0.812504
43.450000 -1.996175 -4.086028 1.208122 -0.043208 -0.025596 0.680086 0.731410
43.850000 -2.475176 -4.025229 1.230509 -0.063144 0.029389 0.786488 0.613666
44.250000 -3.033181 -3.801638 1.191318 0.009304 0.063817 0.835948 0.545005
44.650000 -3.491728 -3.416862 1.129225 0.006592 0.066515 0.840256 0.538054
45.000000 -3.783036 -2.949644 1.085019 0.000328 0.022749 0.819746 0.572275
45.450000 -4.081274 -2.272598 1.055611 0.014989 0.025744 0.773748 0.632792
45.800000 -4.246202 -1.723858 1.049230 0.024172 0.040742 0.738277 0.672832
46.200000 -4.328034 -1.071609 1.065910 0.007615 -0.024924 0.716927 0.696661
46.650000 -4.415427 -0.384360 1.119236 0.006540 0.014225 0.713399 0.700583
47.050000 -4.449698 0.236170 1.192991 0.055996 0.039353 0.711234 0.699616
47.400000 -4.358407 0.765715 1.242582 -0.034757 -0.026425 0.709490 0.703362
47.800000 -4.330146 1.357653 1.254767 0.012032 -0.036387 0.738920 0.672702
48.200000 -4.367060 1.865510 1.246135 0.030398 -0.004524 0.864621 0.501484
48.400000 -4.351210 2.086151 1.241350 -0.004825 -0.029464 0.934920 0.353601
48.650000 -4.343177 2.332143 1.240461 -0.010173 -0.052925 0.990292 0.128129
48.800000 -4.349761 2.452433 1.241037 -0.004396 0.043508 -0.998922 0.015544
49.050000 -4.356834 2.615679 1.244225 -0.010085 0.003861 -0.967469 0.252757
49.200000 -4.354540 2.708756 1.246447 0.007500 0.009383 -0.921848 0.387364
49.450000 -4.351855 2.847997 1.249749 0.037552 0.048619 -0.822841 0.564941
49.600000 -4.352344 2.902226 1.251553 0.047182 0.058854 -0.772741 0.630223
50.400000 -4.377219 2.782434 1.254268 -0.075944 -0.027867 -0.754643 0.651130
50.800000 -4.329678 2.817718 1.252725 0.037558 -0.002128 -0.821797 0.568537
51.050000 -4.284078 2.827729 1.256685 0.115951 0.069345 -0.843520 0.519828
51.400000 -4.337723 2.634540 1.274638 -0.023406 0.015209 -0.897640 0.439845
51.650000 -4.369716 2.449237 1.296805 -0.041225 0.048243 -0.954829 0.290300
51.850000 -4.352076 2.279830 1.300601 0.011638 0.087161 -0.989910 0.111111
52.000000 -4.334168 2.115137 1.289122 -0.035443 -0.083982 0.995061 0.039301
52.200000 -4.331796 1.843520 1.250441 -0.017007 -0.041518 0.973863 0.222662
52.400000 -4.349658 1.539675 1.189107 0.018466 -0.004935 0.936979 0.348861
52.800000 -4.352349 0.930917 1.071831 0.029855 -0.081045 0.930415 0.356185
53.000000 -4.346443 0.572079 1.003903 -0.019052 0.050902 0.968784 0.241873
53.250000 -4.339977 0.164052 0.954416 0.004264 0.028820 0.998816 0.038954
53.400000 -4.332547 -0.059593 0.938569 -0.001041 0.020809 -0.994393 0.103677
53.650000 -4.317157 -0.449735 0.930967 0.003827 0.026927 -0.938090 0.345321
53.800000 -4.305346 -0.700550 0.933647 -0.009376 0.003441 -0.877723 0.479064
54.050000 -4.276059 -1.116799 0.945224 -0.020486 -0.010126 -0.747887 0.663433
54.200000 -4.252597 -1.355339 0.954513 -0.009724 0.005051 -0.663290 0.748282
54.450000 -4.202584 -1.749228 0.974430 -0.001483 0.022914 -0.527321 0.849355
54.600000 -4.161883 -1.990739 0.988730 -0.009843 0.026951 -0.453712 0.890686
55.050000 -3.955149 -2.711670 1.033780 -0.028919 0.041410 -0.280598 0.958495
55.400000 -3.671969 -3.228513 1.060418 -0.055899 0.039925 -0.189290 0.979515
55.850000 -3.135590 -3.729788 1.072430 -0.049756 0.033800 -0.111576 0.991934
56.200000 -2.612893 -3.980690 1.065276 -0.033819 0.003909 -0.069726 0.996985
56.650000 -1.899463 -4.172067 1.045613 -0.031849 0.007952 -0.042201 0.998570
57.000000 -1.323093 -4.228672 1.025767 -0.018594 -0.004144 -0.042553 0.998913
57.400000 -0.669859 -4.238066 1.007589 -0.005803 -0.028987 -0.067362 0.997290
57.800000 -0.086779 -4.235795 1.047552 0.029604 0.061886 -0.136493 0.988263
58.000000 0.223413 -4.265908 1.072067 -0.025944 -0.028077 -0.181495 0.982648
58.400000 0.782979 -4.270552 1.103833 -0.084092 0.052072 -0.244638 0.964557
58.600000 1.069360 -4.224731 1.087442 0.103952 0.067940 -0.287938 0.949563
58.800000 1.385865 -4.247037 1.054459 0.187869 -0.112030 -0.348120 0.911574
59.000000 1.591488 -4.372214 1.010786 -0.107093 -0.176763 -0.423731 0.881895
59.400000 1.770860 -4.318735 0.944757 0.081153 0.069171 -0.578879 0.808411
59.600000 1.863769 -4.298518 0.924782 0.178744 0.028622 -0.664200 0.725307
59.800000 1.886247 -4.389204 0.900031 0.115945 -0.145409 -0.759753 0.623048
60.050000 1.737521 -4.485074 0.870162 -0.067763 -0.033380 -0.838042 0.540352
60.200000 1.632243 -4.497229 0.861825 -0.067347 0.112094 -0.846345 0.516333
60.400000 1.565881 -4.552496 0.864393 0.060795 0.176716 -0.854612 0.484473
60.600000 1.536072 -4.741057 0.865184 0.116771 0.058951 -0.862402 0.489031
60.800000 1.461470 -5.021823 0.868804 0.007299 -0.073291 -0.874896 0.478678
61.200000 1.267701 -5.473129 0.898854 -0.013790 0.054974 -0.913260 0.403415
61.650000 1.120859 -5.988048 0.957519 0.110218 -0.098473 -0.965911 0.212535
61.800000 1.001691 -6.137467 0.972656 0.078583 -0.117431 -0.981437 0.129675
62.000000 0.783348 -6.266755 0.990461 -0.089928 -0.071871 -0.993298 0.010287
62.200000 0.615647 -6.332612 1.020359 -0.197810 -0.026919 -0.975735 -0.089927
62.600000 0.640530 -6.429556 1.054039 -0.042377 0.018472 0.966652 0.251887
62.800000 0.678553 -6.456999 1.079467 -0.040412 0.030815 0.936052 0.348172
63.000000 0.695921 -6.453558 1.105657 0.066329 0.053584 0.884407 0.458861
63.200000 0.766640 -6.432632 1.135249 0.089440 0.072883 0.808934 0.576466
63.450000 0.971321 -6.397830 1.165479 0.019740 0.032439 0.687017 0.725648
63.600000 1.128545 -6.373370 1.183405 0.004143 0.013479 0.592377 0.805537
63.850000 1.407293 -6.329720 1.212793 0.018077 0.031333 0.413057 0.909986
64.000000 1.591153 -6.305663 1.228502 0.018886 0.053459 0.300109 0.952218
64.200000 1.871192 -6.275006 1.245392 0.003852 0.021445 0.152182 0.988112
64.450000 2.249889 -6.234035 1.264595 -0.019002 -0.000415 -0.014437 0.999715
64.600000 2.478971 -6.200443 1.277483 -0.001407 -0.006747 -0.099684 0.994995
65.000000 3.083753 -6.121779 1.301859 0.016470 0.010290 -0.258491 0.965818
65.400000 3.693512 -6.108374 1.300810 0.013468 0.006020 -0.313903 0.949340
65.850000 4.321642 -6.093415 1.227515 -0.037025 -0.151583 -0.273968 0.948996
66.250000 4.617525 -5.894090 1.129132 0.096707 0.020077 -0.172504 0.980044
66.600000 4.808741 -5.809721 1.075928 -0.139508 -0.133606 -0.028864 0.980742
66.800000 4.804883 -5.671222 1.049705 -0.119783 0.019264 0.045229 0.991582
67.000000 4.792109 -5.434442 1.020567 0.057847 0.004491 0.134720 0.989184
67.450000 4.775190 -4.916044 1.001174 -0.027351 0.039961 0.277045 0.959636
67.800000 4.809170 -4.425138 1.006677 0.078860 0.046737 0.333591 0.938250
68.200000 5.031058 -3.996696 1.069980 0.001859 0.040405 0.370307 0.928028
68.600000 5.379624 -3.564548 1.173035 -0.081926 0.004065 0.509581 0.856504
68.850000 5.570403 -3.189725 1.221342 0.025486 0.044479 0.644263 0.763084
69.000000 5.693362 -2.951751 1.241921 0.090114 0.059992 0.709720 0.696116
69.450000 6.203499 -2.267216 1.195332 -0.178203 -0.050779 0.788445 0.586531
69.850000 6.316734 -1.609763 1.118095 0.062321 -0.002203 0.818753 0.570750
70.000000 6.330304 -1.392907 1.110501 0.072635 0.043931 0.810532 0.579511
70.250000 6.410159 -1.034223 1.091117 -0.105033 -0.028775 0.786534 0.607869
70.600000 6.380285 -0.475160 1.056059 0.002033 -0.038084 0.734094 0.677976
71.050000 6.226446 0.206790 0.998836 -0.024429 -0.004661 0.677076 0.735493
71.400000 6.074772 0.750339 0.968206 -0.004661 -0.017476 0.682965 0.730227
71.800000 5.806235 1.359186 0.984158 -0.047087 -0.042187 0.678342 0.732021
72.250000 5.308324 2.054619 1.028954 -0.004560 -0.015738 0.614138 0.789029
72.600000 4.829515 2.581997 1.056989 -0.000025 -0.052580 0.617580 0.784748
73.050000 4.130807 3.175003 1.097523 -0.003929 0.036575 0.683798 0.728744
73.450000 3.552838 3.665312 1.130440 0.078965 -0.106311 0.697755 0.703989
73.850000 2.921080 3.866574 1.164213 -0.005478 0.024976 0.644376 0.764281
74.250000 2.325758 4.042729 1.354015 0.011625 0.022961 0.550899 0.834175
74.600000 1.864918 4.212899 1.568907 -0.011838 0.104727 0.495194 0.862366
75.000000 1.547835 4.550237 1.774137 -0.002466 0.043174 0.462328 0.885653
75.450000 1.372324 5.025828 1.887946 0.011476 0.067895 0.443219 0.893765
76.050000 1.472888 5.719501 1.736555 0.083914 0.050420 0.343834 0.933913
76.450000 1.768978 6.039186 1.424781 0.007669 0.050284 0.210875 0.976189
76.850000 2.221529 6.291334 1.068323 0.073439 0.009121 0.041019 0.996414
77.250000 2.740719 6.354625 0.859402 -0.001351 0.016405 -0.117282 0.992962
77.600000 3.246865 6.303081 0.817970 0.041748 0.018923 -0.196424 0.979447
78.000000 3.847193 6.137947 0.896125 -0.001601 -0.000955 -0.218400 0.975858
78.400000 4.382979 5.972305 1.037175 -0.043279 -0.378616 -0.197300 0.903244
78.800000 4.173341 6.061422 0.979002 0.015926 0.087474 -0.202265 0.975286
79.000000 3.976942 6.121884 0.986442 0.030078 0.293382 -0.198328 0.934713
79.200000 3.974225 6.119026 0.960952 0.007387 0.073727 -0.202131 0.976552
79.450000 4.064069 6.090061 0.947235 -0.009119 -0.185168 -0.200705 0.961950
79.850000 3.965696 6.123830 0.931760 0.006561 0.143164 -0.202439 0.968752
80.000000 3.987877 6.126904 0.925824 0.027410 -0.008902 -0.201660 0.979031
80.200000 4.018493 6.114928 0.924239 -0.003383 -0.086210 -0.202814 0.975409
80.600000 3.970039 6.121397 0.919572 0.000055 0.056374 -0.200269 0.978118
