0.800000 0.500000 1.000000 1.000000 -0.000000 -0.000000 -0.000000 1.000000
8.600000 0.475431 1.027881 1.038922 -0.147820 -0.147777 0.015690 0.977786
9.000000 0.197034 1.302179 0.959914 0.005219 0.115903 0.005246 0.993233
9.400000 0.039890 1.661538 0.883638 -0.051337 -0.070916 -0.022359 0.995909
9.850000 -0.362409 2.202553 1.000722 0.022015 0.029854 -0.103517 0.993936
10.250000 -0.845993 2.618833 1.264681 0.086113 -0.075328 -0.183577 0.976325
10.650000 -1.395593 2.859546 1.546210 -0.031819 0.155944 -0.254168 0.953975
11.050000 -1.681185 2.935401 1.700894 0.091868 0.027525 -0.336465 0.936800
11.250000 -1.810337 2.878118 1.743457 -0.030841 0.034164 -0.386676 0.921066
11.600000 -1.935128 2.745493 1.784657 0.042326 0.119216 -0.470788 0.873129
11.850000 -1.907585 2.552487 1.784384 -0.021665 -0.006820 -0.488398 0.872325
12.250000 -1.818448 2.296857 1.772037 -0.066494 -0.032531 -0.328153 0.941720
12.450000 -1.767557 2.252727 1.749881 -0.033093 -0.025375 -0.174599 0.983756
12.600000 -1.738085 2.243133 1.731561 -0.040762 -0.004124 -0.042009 0.998277
12.850000 -1.690339 2.270523 1.710014 -0.054420 0.024955 0.194045 0.979164
13.000000 -1.654704 2.320818 1.704107 -0.057193 0.007173 0.329789 0.942293
13.250000 -1.611284 2.460629 1.702689 -0.068396 -0.024115 0.521105 0.850406
13.450000 -1.619612 2.615057 1.704078 -0.044159 -0.000382 0.638697 0.768190
13.650000 -1.653666 2.798486 1.705084 -0.043242 0.031875 0.723912 0.687798
13.850000 -1.697731 3.020452 1.700879 -0.052677 0.035277 0.783374 0.618309
14.250000 -1.838549 3.585916 1.656501 -0.044355 0.003309 0.844002 0.534493
14.650000 -2.067189 4.217282 1.527835 0.021059 -0.041691 0.837677 0.544164
15.000000 -2.276165 4.712116 1.300191 0.035026 0.026589 0.866962 0.496430
15.400000 -2.386050 5.261527 0.967762 -0.033198 0.067461 0.914320 0.397951
15.800000 -2.440639 5.910112 0.810518 0.046803 -0.127720 0.939480 0.314443
16.250000 -2.631575 6.299498 0.832190 -0.030623 -0.008809 0.981913 0.186633
16.600000 -2.911092 6.520953 0.960548 -0.045272 -0.040996 0.996805 0.051470
17.000000 -3.371185 6.649975 1.190423 0.040483 0.050281 -0.996979 0.043195
17.400000 -3.909020 6.600389 1.491817 -0.125649 0.060136 -0.986301 0.088354
17.800000 -4.198015 6.426584 1.680814 -0.050199 -0.040267 -0.968055 0.242338
18.200000 -4.314182 6.346300 1.768249 -0.099067 0.003082 -0.895055 0.434803
18.400000 -4.302668 6.369205 1.780306 -0.071256 0.060328 -0.846374 0.524341
18.800000 -4.099769 6.397575 1.745406 -0.024785 0.006893 -0.742566 0.669278
19.200000 -3.780108 6.428227 1.652168 -0.011242 0.061349 -0.662075 0.746838
19.800000 -3.140863 6.318401 1.444029 0.036357 -0.006918 -0.641816 0.765965
20.450000 -2.569462 5.948585 1.211547 0.080173 -0.018349 -0.742346 0.664950
20.850000 -2.403330 5.576269 1.084791 0.035613 -0.024201 -0.829865 0.556300
21.200000 -2.397189 5.236073 1.016432 0.062873 -0.026844 -0.888308 0.454132
21.800000 -2.750743 4.667770 1.023385 0.019942 -0.046800 -0.933061 0.356102
22.400000 -3.409570 4.321754 1.079489 -0.002207 0.007351 -0.904615 0.426160
22.850000 -3.940797 4.136886 1.090084 -0.041885 0.044129 -0.816978 0.573451
23.200000 -4.223862 3.941035 1.063699 0.036902 0.116171 -0.718063 0.685221
23.600000 -4.390047 3.461252 0.998683 -0.021200 0.006771 -0.632470 0.774265
24.000000 -4.472789 2.922288 0.941788 0.002887 0.092626 -0.621860 0.777626
24.400000 -4.418630 2.259561 0.910817 -0.007837 -0.068382 -0.652832 0.754369
24.800000 -4.450403 1.662383 0.914653 0.002754 0.044655 -0.676964 0.734655
25.200000 -4.443284 1.032931 0.939550 -0.013047 -0.003339 -0.678960 0.734051
25.650000 -4.392411 0.318870 1.007797 -0.001998 0.005785 -0.674007 0.738699
26.000000 -4.335881 -0.227753 1.056961 0.020314 -0.032326 -0.671073 0.740407
26.450000 -4.325612 -0.888613 1.101125 -0.052542 -0.017697 -0.601710 0.796788
26.800000 -4.271522 -1.269685 1.128327 -0.072047 -0.013500 -0.500094 0.862863
27.200000 -4.159478 -1.536635 1.147320 0.000875 -0.055308 -0.340541 0.938601
27.400000 -4.137760 -1.648139 1.153811 -0.053162 -0.054600 -0.234613 0.969097
27.650000 -4.152277 -1.720553 1.158526 -0.067702 0.008717 -0.089098 0.993681
27.800000 -4.158510 -1.720134 1.159633 -0.034223 0.002506 0.007779 0.999381
28.000000 -4.169621 -1.695536 1.162798 -0.010830 -0.100369 0.143891 0.984431
28.250000 -4.276772 -1.662302 1.164555 -0.013444 -0.051950 0.316010 0.947237
28.450000 -4.424444 -1.640395 1.165322 0.010926 -0.007033 0.451317 0.892269
28.650000 -4.580371 -1.625933 1.168347 -0.027720 -0.032614 0.578179 0.814786
28.850000 -4.765904 -1.611009 1.172086 -0.042317 -0.066420 0.691018 0.718535
29.000000 -4.942524 -1.605758 1.183910 0.011667 -0.082946 0.766935 0.636234
29.200000 -5.209108 -1.645042 1.222578 0.076221 -0.021463 0.845138 0.528650
29.650000 -5.606272 -1.933282 1.307964 -0.029914 0.054182 0.911254 0.407167
29.800000 -5.681955 -2.032357 1.319754 -0.218185 0.137761 0.876621 0.406143
30.050000 -5.925908 -2.027983 1.298354 -0.033077 0.023408 0.849483 0.526058
30.250000 -6.157074 -1.965157 1.286157 0.205814 0.025316 0.761822 0.613700
30.400000 -6.255562 -1.958154 1.272893 0.166988 0.084278 0.702464 0.686699
30.650000 -6.254421 -1.991822 1.230858 -0.038882 0.057673 0.605701 0.792646
30.800000 -6.210798 -1.985464 1.209969 -0.081011 -0.009470 0.532885 0.842247
31.050000 -6.171978 -1.932393 1.178739 0.073757 0.018079 0.432341 0.898507
31.200000 -6.134438 -1.923743 1.165596 0.058028 0.131632 0.390657 0.909226
31.600000 -5.797583 -1.874690 1.126767 -0.042729 -0.012423 0.316666 0.947493
32.200000 -5.182647 -1.614926 1.113096 -0.049123 0.005784 0.336672 0.940322
32.600000 -4.760046 -1.294079 1.192200 -0.022957 -0.032563 0.402972 0.914344
33.200000 -4.363131 -0.684782 1.383160 -0.075049 -0.016058 0.506463 0.858839
33.650000 -4.279765 -0.039272 1.560927 -0.015131 -0.006540 0.571124 0.820698
34.000000 -4.278623 0.505641 1.730543 -0.003233 0.010967 0.600513 0.799533
34.450000 -4.266623 1.229483 1.912352 -0.032147 -0.043501 0.607636 0.792372
34.800000 -4.328169 1.791538 1.977603 0.010952 0.022528 0.588520 0.808094
35.200000 -4.357183 2.444854 1.993011 0.007986 0.015700 0.534696 0.844861
35.600000 -4.317043 3.103325 1.995841 0.017624 0.007981 0.443898 0.895869
36.000000 -4.223575 3.721571 1.998803 0.055294 0.024920 0.316972 0.946494
36.400000 -4.066217 4.194201 2.000968 0.070827 -0.063534 0.151258 0.983904
36.850000 -4.018042 4.460047 1.999303 0.060925 -0.015111 -0.031386 0.997534
37.200000 -4.034728 4.502791 2.000100 0.057382 -0.017502 -0.172688 0.983148
37.650000 -4.139511 4.344478 2.000043 0.063155 0.025022 -0.336138 0.939360
38.050000 -4.236259 4.002679 1.999510 0.031167 0.027919 -0.464148 0.884769
38.400000 -4.298525 3.583317 1.999662 0.025664 0.032422 -0.553508 0.831817
38.800000 -4.334187 2.997022 1.999475 0.002889 0.011344 -0.629590 0.776839
39.200000 -4.346512 2.363716 1.999234 0.004211 0.008400 -0.679244 0.733853
39.650000 -4.347937 1.622691 1.999362 -0.001101 -0.004337 -0.708101 0.706097
40.050000 -4.350317 0.963430 1.999096 -0.008670 0.005856 -0.715760 0.698268
40.450000 -4.337652 0.317938 1.999056 -0.005910 -0.026085 -0.714085 0.699548
40.800000 -4.346679 -0.198955 1.984664 -0.021326 -0.015325 -0.709976 0.703736
41.200000 -4.350430 -0.708896 1.893281 -0.025995 -0.020886 -0.705658 0.707767
41.650000 -4.344522 -1.244604 1.733955 0.051090 0.048011 -0.704374 0.706358
42.000000 -4.344129 -1.809707 1.590073 -0.036462 -0.005384 -0.710229 0.703005
42.400000 -4.298141 -2.426500 1.400055 0.016136 0.006088 -0.718498 0.695315
42.800000 -4.259162 -3.057002 1.208856 -0.023319 -0.010975 -0.722674 0.690709
43.200000 -4.203551 -3.655833 1.106843 0.000899 0.015273 -0.719577 0.694244
43.600000 -4.161833 -4.274714 1.077426 0.078028 -0.073891 -0.758865 0.642321
44.000000 -4.328652 -4.882214 0.988279 -0.030813 0.013571 -0.845180 0.533421
44.450000 -4.435174 -5.566725 0.942521 0.022676 -0.035867 -0.947461 0.317043
44.600000 -4.458292 -5.794477 0.927887 0.119137 -0.081179 -0.960548 0.237832
44.800000 -4.579167 -6.060183 0.932059 0.098470 -0.097828 -0.982915 0.120875
45.050000 -4.839621 -6.299286 0.954744 -0.104070 -0.077813 -0.989966 -0.055511
45.200000 -4.962208 -6.395146 0.975477 -0.138904 -0.058075 -0.975428 -0.160849
45.400000 -5.032558 -6.495954 0.995584 0.025675 0.031345 0.956908 0.287549
45.600000 -5.062156 -6.576139 1.020398 -0.063815 0.022013 0.908857 0.411609
45.800000 -5.121777 -6.623738 1.047976 -0.015734 0.049594 0.848795 0.526156
46.000000 -5.176796 -6.633039 1.066479 0.046063 0.137808 0.774378 0.615813
46.200000 -5.154031 -6.584715 1.064319 0.002138 0.113789 0.707167 0.697827
46.400000 -5.065189 -6.477016 1.044362 -0.041263 0.037369 0.633753 0.771529
46.850000 -4.849237 -6.098962 0.984839 -0.039401 0.034608 0.470880 0.880637
47.250000 -4.645658 -5.604020 0.950214 -0.020067 -0.010891 0.346226 0.937873
47.650000 -4.463177 -5.024078 0.954102 -0.042764 -0.083319 0.239574 0.966350
48.000000 -4.466434 -4.515926 0.992641 0.099315 0.000258 0.162300 0.981731
48.400000 -4.491730 -4.117550 1.062283 0.013480 0.097077 0.082638 0.991749
49.000000 -4.148674 -3.758704 1.153459 0.035049 0.100988 -0.017687 0.994113
49.650000 -3.380421 -3.732640 1.155007 0.066402 0.049952 -0.097216 0.991789
50.050000 -2.781007 -3.896728 1.128848 -0.002787 -0.018055 -0.129248 0.991444
50.400000 -2.261758 -4.033325 1.136401 -0.038722 -0.001595 -0.135976 0.989954
50.800000 -1.665431 -4.108969 1.037996 0.004978 0.006297 -0.117320 0.993062
51.200000 -1.050805 -4.236166 1.008067 -0.060874 -0.010879 -0.082491 0.994671
51.400000 -0.744108 -4.282627 1.002599 -0.168650 -0.018747 -0.060121 0.983662
51.650000 -0.368636 -4.200403 0.986261 0.095303 0.009840 -0.042023 0.994512
52.050000 0.242733 -4.178753 1.001545 -0.018339 -0.013682 -0.088401 0.995822
52.450000 0.780142 -4.170547 0.992760 0.037961 -0.109151 -0.251346 0.960974
52.800000 1.024835 -4.160917 0.972472 0.007862 -0.011956 -0.407032 0.913302
53.200000 1.184527 -4.154804 0.959953 0.051139 -0.075159 -0.584372 0.806378
53.400000 1.167672 -4.147468 0.956953 0.033802 -0.040859 -0.670756 0.739780
53.600000 1.103187 -4.138599 0.959609 0.041646 -0.029685 -0.750240 0.659185
53.800000 0.998590 -4.132901 0.965360 0.054877 -0.026652 -0.820458 0.568442
54.000000 0.847563 -4.133978 0.972187 0.058589 -0.028255 -0.880750 0.469093
54.200000 0.645885 -4.137784 0.982030 0.042998 -0.021797 -0.929501 0.365656
54.450000 0.339415 -4.139093 1.002250 0.027594 -0.005774 -0.971453 0.235552
54.600000 0.136201 -4.139392 1.019652 0.027207 -0.000578 -0.986746 0.159974
55.000000 -0.462111 -4.145655 1.085718 -0.013444 0.005302 0.999629 0.023083
55.450000 -1.189118 -4.136404 1.189911 -0.001622 0.003959 0.981768 0.190033
55.800000 -1.760055 -4.112709 1.275905 0.010089 0.009229 0.955971 0.293142
56.250000 -2.463359 -4.056892 1.350163 -0.023136 0.034844 0.920277 0.389025
56.600000 -3.011627 -3.919074 1.415684 -0.025873 0.064203 0.895431 0.439786
57.000000 -3.618681 -3.579490 1.516261 0.011113 0.045538 0.866939 0.496205
57.450000 -4.279042 -3.028400 1.699418 -0.029798 0.016220 0.817670 0.574686
57.600000 -4.526136 -2.800836 1.781651 0.079377 0.082671 0.786516 0.606842
58.050000 -5.076202 -2.109132 1.976828 -0.059871 -0.065720 0.693378 0.715069
58.200000 -5.290332 -1.886452 1.992553 0.041520 -0.048084 0.666740 0.742577
58.450000 -5.645071 -1.558836 1.985051 0.073851 0.112454 0.632342 0.762918
58.850000 -5.965800 -1.007550 1.920322 -0.022525 0.022681 0.634380 0.772360
59.250000 -6.180328 -0.397915 1.852983 0.134154 -0.022555 0.626563 0.767407
59.800000 -6.223301 0.059337 1.768455 -0.017463 -0.023995 0.565798 0.824010
60.800000 -6.243685 0.685230 1.591077 -0.079479 0.070897 0.508171 0.854645
61.200000 -6.245368 1.130421 1.535815 0.105734 -0.101863 0.490019 0.859259
61.650000 -6.280006 1.343072 1.447052 -0.010223 0.039963 0.433503 0.900208
62.000000 -6.236064 1.387797 1.380726 0.090943 -0.091638 0.354186 0.926220
62.400000 -6.262259 1.213085 1.308837 0.011005 0.041693 0.275357 0.960374
62.800000 -6.221457 0.917495 1.273550 0.080378 -0.049448 0.205431 0.974111
63.400000 -6.193788 0.179083 1.256715 0.011401 0.003971 0.160467 0.986967
63.800000 -6.125322 -0.361646 1.254398 -0.009191 0.030964 0.157392 0.987008
64.200000 -5.987335 -0.866236 1.246780 -0.031466 0.027341 0.174067 0.983851
64.400000 -5.883953 -1.082694 1.241426 0.089123 0.038566 0.176910 0.979424
64.850000 -5.484778 -1.737969 1.227929 -0.008429 0.045289 0.166139 0.985026
65.200000 -5.043158 -2.270646 1.220585 0.016490 0.016685 0.116131 0.992957
65.650000 -4.423337 -2.969288 1.219005 -0.029037 0.007913 0.030953 0.999068
66.000000 -3.913469 -3.449863 1.229234 -0.061636 0.004058 -0.024029 0.997801
66.400000 -3.315044 -3.838243 1.258626 -0.040335 0.003629 -0.058038 0.997493
66.800000 -2.697104 -4.079905 1.304095 -0.056620 0.000256 -0.074637 0.995602
67.200000 -2.069546 -4.161224 1.345620 -0.036291 -0.010942 -0.097090 0.994553
67.600000 -1.456590 -4.124828 1.374609 -0.013239 0.002921 -0.130715 0.991327
68.000000 -0.835766 -4.045832 1.380129 0.021531 0.005805 -0.188935 0.981736
68.400000 -0.207936 -4.030358 1.355103 0.050896 0.016603 -0.296815 0.953433
68.800000 0.412416 -4.147919 1.303857 -0.028262 -0.100655 -0.466693 0.878219
69.050000 0.721041 -4.171863 1.270168 -0.004254 -0.055424 -0.609750 0.790642
69.200000 0.870376 -4.155893 1.248950 0.032127 0.016867 -0.699572 0.713640
69.400000 1.058699 -4.154969 1.225913 0.081052 0.051645 -0.809786 0.578800
69.650000 1.253070 -4.242478 1.188353 0.103465 0.017105 -0.898244 0.426802
70.000000 1.374486 -4.480701 1.103778 0.039058 0.019459 -0.934445 0.353423
70.600000 1.375714 -5.137461 1.045168 0.045838 0.029114 -0.959746 0.275572
70.800000 1.312892 -5.433743 1.054150 -0.068464 -0.027013 -0.981742 0.175401
71.050000 1.280266 -5.769236 1.032190 -0.000986 -0.074787 -0.997091 0.014704
71.200000 1.271567 -5.933835 1.000816 -0.053045 0.073719 0.992790 0.078233
71.400000 1.240382 -6.102067 0.957741 0.068779 0.050336 0.976079 0.200014
71.600000 1.254427 -6.235523 0.928357 0.095115 0.050326 0.945079 0.308619
71.800000 1.355000 -6.350103 0.914719 0.033737 0.075065 0.907095 0.412803
72.000000 1.511616 -6.421687 0.922349 -0.030726 0.069973 0.849095 0.522682
72.200000 1.683701 -6.436324 0.948366 0.000554 0.036939 0.770258 0.636662
72.400000 1.874997 -6.421131 0.994022 0.043114 0.050378 0.669116 0.740194
72.600000 2.114137 -6.401220 1.053306 0.023720 0.053123 0.550622 0.832725
72.800000 2.400316 -6.375010 1.123222 0.001309 0.016796 0.415542 0.909418
73.000000 2.704005 -6.343528 1.199115 0.001513 -0.003053 0.275243 0.961369
73.250000 3.081594 -6.308280 1.271640 0.030947 -0.015635 0.113309 0.992955
73.400000 3.302514 -6.300487 1.295836 0.046153 0.000889 0.034493 0.998338
73.800000 3.907107 -6.332958 1.326131 -0.042256 0.003299 -0.094517 0.994621
74.200000 4.462573 -6.276440 1.359674 -0.025676 -0.201088 -0.124329 0.971312
74.400000 4.578341 -6.193890 1.354916 -0.081229 0.014450 -0.119960 0.989344
74.800000 4.790464 -5.870994 1.359956 -0.020624 -0.145332 -0.040984 0.988318
75.200000 4.785005 -5.409534 1.331328 -0.012874 0.074220 0.072859 0.994493
75.600000 4.788066 -4.843603 1.242716 0.011937 -0.050146 0.214745 0.975309
75.850000 4.751128 -4.510150 1.173551 0.115531 0.132617 0.283237 0.942784
76.200000 4.926822 -4.167681 1.052142 -0.001670 -0.025262 0.351841 0.935717
76.600000 5.197572 -3.794881 0.974920 -0.029415 0.073560 0.475328 0.876234
77.000000 5.580046 -3.231676 0.938068 -0.040256 -0.007469 0.649091 0.759609
77.400000 5.918289 -2.589541 0.925951 -0.002695 -0.050999 0.772300 0.633202
77.800000 6.130002 -2.042913 0.960006 -0.072923 -0.020946 0.854547 0.513802
78.250000 6.149641 -1.403417 1.008738 0.036920 0.016757 0.872231 0.487411
78.600000 6.184405 -0.909381 1.043293 -0.050913 -0.065579 0.823990 0.560488
79.050000 6.016115 -0.356335 1.140156 -0.031681 0.034403 0.858039 0.511451
79.450000 5.760171 0.201144 1.225256 0.029859 0.052487 0.938106 0.341043
79.800000 5.622490 0.774166 1.252483 0.022063 -0.026171 0.938472 0.343654
80.250000 5.485391 1.447946 1.263660 -0.046353 -0.020125 0.811148 0.582654
80.400000 5.410972 1.676124 1.273132 -0.055749 -0.078241 0.751570 0.652620
80.600000 5.248992 1.966057 1.305414 -0.010854 -0.073397 0.690930 0.719104
81.050000 4.735837 2.512912 1.435161 -0.029195 -0.017867 0.695684 0.717532
81.450000 4.168826 2.975894 1.564580 -0.005611 -0.024814 0.806909 0.590127
81.850000 3.535306 3.401812 1.676665 0.013915 0.023638 0.887744 0.459518
82.200000 3.022446 3.798946 1.743453 -0.040743 0.002861 0.865015 0.500082
82.600000 2.391475 4.333708 1.778009 0.023276 0.082253 0.702564 0.706468
82.800000 2.124353 4.644758 1.783399 0.035816 0.082598 0.569494 0.817051
83.050000 1.876935 5.051952 1.764085 0.045151 0.015842 0.373801 0.926274
83.250000 1.712927 5.357839 1.723243 0.021562 0.035492 0.223726 0.973767
83.450000 1.577436 5.649473 1.659215 0.035736 0.039492 0.098130 0.993747
83.650000 1.473462 5.916874 1.595204 0.100175 -0.008348 0.005159 0.994921
84.050000 1.294659 6.267528 1.439343 0.035739 0.125082 -0.090089 0.987401
84.800000 1.462178 6.508774 0.971579 0.038054 0.047650 -0.126607 0.990077
85.450000 2.130184 6.396938 0.837977 -0.020105 0.045828 -0.093939 0.994319
85.800000 2.654344 6.335141 0.858435 -0.002101 -0.011006 -0.063294 0.997932
86.200000 3.242213 6.273235 0.938952 -0.009994 0.003770 -0.017266 0.999794
86.600000 3.842243 6.163440 1.051586 0.063306 -0.005471 0.039365 0.997203
86.850000 4.219125 6.018085 1.166059 -0.132416 0.015066 0.070728 0.988553
87.200000 4.698154 6.036167 1.369362 -0.035743 -0.452210 0.146938 0.878998
87.650000 4.410545 6.035459 1.285503 -0.002785 0.222576 0.131527 0.965998
87.800000 4.315423 6.008413 1.294553 -0.037819 0.301195 0.118282 0.945442
88.000000 4.362340 6.016649 1.261007 -0.021606 -0.004510 0.121508 0.992345
88.200000 4.447453 6.048115 1.252322 0.028123 -0.153223 0.116142 0.980940
88.600000 4.364059 6.033936 1.237003 -0.007822 0.121711 0.115600 0.985780
89.000000 4.400991 6.037746 1.230016 0.003557 -0.083142 0.116116 0.989743
