0.800000 0.500000 1.000000 1.000000 -0.000000 -0.000000 -0.000000 1.000000
8.600000 0.475431 1.027881 1.038922 -0.147820 -0.147777 0.015690 0.977786
9.000000 0.195643 1.303215 0.972015 0.006330 0.119703 0.005803 0.992773
9.450000 0.047735 1.707173 0.922696 -0.073972 -0.180021 -0.012249 0.980801
9.850000 -0.362414 2.266099 1.023000 0.004449 0.065541 -0.137850 0.988272
10.000000 -0.540790 2.488515 1.096907 0.043961 0.112257 -0.199541 0.972445
10.450000 -0.973623 3.018128 1.396914 -0.056112 -0.166324 -0.383524 0.906696
10.850000 -1.622093 3.628848 1.733058 -0.065688 0.166923 -0.467167 0.865781
11.250000 -2.013394 4.211313 1.954610 0.084766 0.030782 -0.472896 0.876491
11.450000 -2.187891 4.440557 1.995809 0.054119 0.137263 -0.454889 0.878240
11.850000 -2.400246 4.729766 1.939614 -0.045698 0.027459 -0.431823 0.900381
12.250000 -2.455918 5.013564 1.722221 0.027570 0.086749 -0.377323 0.921597
12.400000 -2.420670 5.087386 1.601577 -0.000253 -0.014888 -0.348494 0.937193
12.850000 -2.338637 5.374447 1.148294 0.002568 0.025080 -0.231317 0.972552
13.200000 -2.235157 5.671487 0.865352 -0.095111 -0.031222 -0.103551 0.989574
13.600000 -2.103746 6.206240 0.746288 0.142186 0.155833 -0.007891 0.977465
14.000000 -1.676180 6.432663 0.803211 -0.032647 -0.076438 -0.084626 0.992940
14.450000 -1.203368 6.588902 1.069715 0.052870 0.117378 -0.233494 0.963799
14.850000 -0.619594 6.566194 1.389333 -0.017936 -0.062162 -0.335530 0.939805
15.250000 -0.088541 6.561923 1.656234 0.020900 0.087897 -0.370143 0.924571
15.650000 0.535573 6.505250 1.745740 -0.003550 -0.034581 -0.330680 0.943102
16.000000 1.046768 6.449385 1.688264 0.034899 0.033817 -0.229395 0.972120
16.450000 1.696932 6.300848 1.460421 0.011648 -0.013623 -0.058821 0.998108
16.650000 1.949790 6.228351 1.325578 0.000978 0.095390 0.012572 0.995360
17.050000 2.598887 6.065251 1.044313 -0.060516 -0.050538 0.108350 0.990981
17.450000 3.194858 6.008884 0.930923 0.174555 -0.016758 0.142418 0.974149
17.850000 3.845017 5.871526 0.956586 -0.098663 0.002239 0.140116 0.985204
18.000000 4.106636 5.905038 0.983190 -0.007175 -0.170641 0.127929 0.976967
18.400000 4.470615 5.971181 1.056023 -0.047947 0.043702 0.029342 0.997462
18.800000 4.725912 6.115931 1.104380 0.017677 -0.170346 -0.098538 0.980286
19.000000 4.746752 6.216460 1.114580 0.034350 -0.030163 -0.180167 0.982573
19.450000 4.686871 6.388769 1.138820 0.087348 -0.083220 -0.364875 0.923207
19.800000 4.475754 6.429687 1.161038 0.038125 -0.020456 -0.500977 0.864378
20.200000 4.084145 6.373563 1.196807 0.073853 -0.001239 -0.624028 0.777903
20.600000 3.584601 6.166435 1.237466 0.003905 0.048626 -0.706379 0.706150
21.050000 3.114594 5.764392 1.294377 0.000024 0.083147 -0.740177 0.667251
21.450000 2.879479 5.214691 1.343011 -0.019891 0.042163 -0.720522 0.691863
21.850000 2.787298 4.593116 1.368449 -0.036439 0.024141 -0.654861 0.754484
22.250000 2.815192 4.004729 1.335391 -0.028037 0.001929 -0.541379 0.840309
22.650000 2.919026 3.489788 1.254205 -0.053716 0.089763 -0.335904 0.936069
22.850000 3.058025 3.262124 1.208079 -0.024758 0.051422 -0.190966 0.979936
23.050000 3.246986 3.047696 1.169543 -0.041657 0.004722 -0.036990 0.998436
23.250000 3.448603 2.863935 1.150419 -0.046889 0.077425 0.086976 0.992090
23.650000 3.989368 2.572719 1.159981 0.048466 -0.054362 0.176918 0.981527
24.050000 4.453791 2.150112 1.250153 0.067184 -0.098565 0.087692 0.988980
24.400000 4.682767 1.630583 1.380350 0.000029 -0.007386 -0.095761 0.995377
24.650000 4.829498 1.244768 1.468529 0.036801 -0.072819 -0.270514 0.959252
24.850000 4.888976 0.927020 1.523299 0.027409 -0.032457 -0.413070 0.909708
25.050000 4.913944 0.600166 1.550659 0.012587 -0.011955 -0.547730 0.836475
25.200000 4.921992 0.353240 1.555970 -0.006729 -0.049327 -0.640698 0.766178
25.450000 4.892985 -0.012669 1.560101 -0.007217 -0.166595 -0.767502 0.618979
25.650000 4.795364 -0.202252 1.554576 -0.031093 -0.099045 -0.856100 0.506276
25.850000 4.670301 -0.310492 1.547763 -0.012520 -0.013401 -0.921162 0.388747
26.050000 4.545465 -0.391969 1.543914 0.024543 -0.009064 -0.963588 0.266108
26.250000 4.403390 -0.466250 1.538750 0.035820 -0.083840 -0.985071 0.146020
26.450000 4.227092 -0.489421 1.530133 0.013691 -0.110566 -0.993205 0.033636
26.650000 4.031692 -0.434147 1.516227 -0.043236 0.057522 0.995372 0.063691
27.050000 3.535036 -0.196256 1.484738 -0.043234 -0.003857 0.975503 0.215662
27.450000 2.914203 0.080142 1.466200 0.007150 0.027088 0.955711 0.292970
27.800000 2.390483 0.379388 1.430228 -0.020668 0.025271 0.947854 0.317030
28.250000 1.697459 0.850487 1.371732 0.002736 0.001976 0.944159 0.329473
28.650000 1.080385 1.285545 1.329010 -0.010240 0.020227 0.939732 0.341159
29.050000 0.459874 1.777982 1.273077 0.000966 0.003452 0.939547 0.342402
29.450000 -0.159058 2.296870 1.233157 -0.019728 0.033801 0.953455 0.298985
29.850000 -0.792234 2.898404 1.251573 0.007123 -0.008046 0.973809 0.227114
30.250000 -1.418410 3.488420 1.300638 0.004948 -0.032478 0.988746 0.145952
30.650000 -2.040013 3.973554 1.332065 0.003131 -0.056525 0.997190 0.049065
31.000000 -2.583665 4.261569 1.340651 -0.125422 0.116607 -0.982913 0.067480
31.250000 -2.848922 4.367869 1.341923 -0.163077 -0.090563 -0.976509 0.107859
31.400000 -2.901948 4.460017 1.320935 -0.055484 0.071443 -0.988979 0.117213
31.650000 -2.934788 4.562368 1.296717 0.079304 0.110480 -0.985416 0.102277
32.050000 -3.069811 4.499609 1.236614 -0.071320 -0.051886 -0.996079 -0.006920
32.200000 -3.092813 4.484851 1.211123 -0.058944 0.017246 0.995632 0.070323
32.650000 -3.333738 4.450258 1.124071 -0.055388 0.002241 0.969927 0.237000
33.050000 -3.742398 4.407068 1.029924 0.028696 -0.064501 0.968501 0.238793
33.400000 -4.037156 4.344900 0.953714 0.001531 0.086486 0.976951 0.195152
34.000000 -4.400106 4.579945 0.932676 0.143606 -0.087419 0.971935 0.164553
34.250000 -4.401566 4.599174 0.936386 0.009439 0.004912 0.985050 0.171937
35.050000 -4.280580 4.415870 1.012147 -0.007923 0.035306 0.985706 0.164543
35.250000 -4.256254 4.458930 1.137921 0.226193 -0.047232 0.953307 0.194454
35.600000 -3.862855 4.388613 1.408106 -0.052574 0.060317 0.940721 0.329609
35.850000 -3.533241 4.400055 1.618936 -0.114226 0.055900 0.860309 0.493656
36.000000 -3.372983 4.470774 1.720685 0.006862 0.023178 0.792376 0.609554
36.250000 -3.081286 4.597990 1.862673 0.132926 0.052362 0.610385 0.779114
36.450000 -2.761626 4.655945 1.930024 -0.031522 0.044517 0.457102 0.887740
36.650000 -2.414058 4.734743 1.967378 -0.112871 -0.040113 0.297652 0.947129
36.850000 -2.106503 4.875683 1.968571 -0.017553 -0.035205 0.159129 0.986474
37.050000 -1.829187 5.035139 1.944525 0.011076 0.043195 0.051434 0.997680
37.450000 -1.209941 5.369988 1.876305 -0.038292 -0.023114 -0.049755 0.997759
37.850000 -0.606478 5.788210 1.846470 -0.052814 -0.047852 -0.038634 0.996709
38.000000 -0.400276 5.961230 1.819572 -0.173101 -0.108308 -0.008942 0.978890
38.250000 -0.142249 6.365133 1.713013 0.082381 -0.042826 0.026287 0.995333
38.450000 0.006817 6.645567 1.644974 0.218656 -0.059066 0.040755 0.973160
38.850000 0.187833 6.763483 1.530541 -0.022469 0.030788 0.086189 0.995549
39.650000 0.605212 6.678370 1.543548 -0.023355 0.011544 -0.104813 0.994151
39.850000 0.717039 6.614525 1.575335 -0.025548 0.025462 -0.244588 0.968956
40.050000 0.850709 6.565621 1.608430 -0.003112 0.016414 -0.407342 0.913123
40.200000 0.960983 6.529192 1.632291 -0.001587 0.005217 -0.533062 0.846058
40.450000 1.150896 6.469810 1.667002 -0.026070 -0.013355 -0.723392 0.689816
40.650000 1.309965 6.441115 1.687763 -0.036504 -0.014406 -0.840000 0.541165
40.800000 1.439480 6.435626 1.698027 -0.032152 -0.008672 -0.901995 0.430460
41.050000 1.672529 6.445329 1.706649 0.057610 -0.003886 -0.959874 0.274424
41.200000 1.792848 6.449334 1.710347 0.115530 0.000877 -0.972159 0.203861
41.650000 1.889383 6.413866 1.701203 0.027894 0.005652 -0.994861 0.097171
42.850000 1.144106 5.991262 1.700011 0.037770 0.002122 -0.987420 0.153528
43.250000 0.585734 5.756120 1.757692 0.021823 0.008152 -0.984109 0.176031
43.650000 -0.034347 5.486771 1.859888 -0.007933 0.008238 -0.984434 0.175384
44.050000 -0.639909 5.198332 1.961458 0.006371 -0.015423 -0.986483 0.163012
44.400000 -1.183112 4.974925 1.997411 -0.004230 -0.029601 -0.986805 0.159125
44.800000 -1.817938 4.788157 1.958313 0.018226 -0.012079 -0.982672 0.184060
45.200000 -2.493323 4.636974 1.860085 -0.016604 -0.000154 -0.967229 0.253361
45.650000 -3.207006 4.477820 1.703875 -0.029630 0.027870 -0.924996 0.377792
46.000000 -3.667356 4.322262 1.565068 -0.035750 0.051544 -0.872028 0.485420
46.400000 -4.036776 4.059888 1.415364 0.020269 0.076827 -0.801106 0.593225
46.850000 -4.307245 3.582843 1.310217 -0.143363 -0.074114 -0.700140 0.695528
47.250000 -4.395111 3.444156 1.253881 -0.037906 0.030565 -0.615410 0.786702
47.600000 -4.368912 3.447487 1.241180 -0.066509 -0.027912 -0.489582 0.868969
48.050000 -4.258971 3.655550 1.237681 -0.025344 0.093335 -0.263598 0.959772
48.200000 -4.157244 3.757593 1.230791 -0.020106 0.025475 -0.167497 0.985338
48.400000 -3.995128 3.903767 1.221583 -0.028861 0.019656 -0.032221 0.998870
48.600000 -3.815533 4.069751 1.214421 0.008552 0.068504 0.108266 0.991722
48.850000 -3.526095 4.277672 1.206139 0.022676 0.003405 0.282983 0.958851
49.000000 -3.335183 4.390644 1.204370 0.004706 -0.030992 0.383401 0.923050
49.250000 -3.040668 4.564458 1.209764 -0.021314 -0.026219 0.536492 0.843229
49.450000 -2.835114 4.703038 1.222076 -0.032229 -0.027141 0.642478 0.765145
49.650000 -2.662292 4.847321 1.242145 -0.049975 -0.032937 0.731439 0.679275
49.800000 -2.561586 4.960374 1.261860 -0.052583 -0.029326 0.787900 0.612852
50.050000 -2.452141 5.157487 1.302447 -0.044701 -0.019125 0.863566 0.501886
50.250000 -2.409594 5.320853 1.342440 -0.043134 -0.011568 0.908130 0.416300
50.600000 -2.422909 5.621222 1.439926 -0.050238 -0.018263 0.959016 0.278263
51.050000 -2.626802 5.993225 1.594781 -0.046624 -0.024430 0.989163 0.137060
51.600000 -3.156786 6.335068 1.765419 -0.050421 -0.031289 0.997253 0.044338
52.000000 -3.659146 6.478405 1.817903 -0.176282 0.032722 -0.983740 0.010496
52.400000 -3.831866 6.523787 1.783785 0.055505 0.081757 -0.990207 0.098613
52.800000 -4.015255 6.345188 1.717048 -0.024325 0.068208 -0.962218 0.262474
53.200000 -4.144325 5.949765 1.636452 0.017589 0.063245 -0.901730 0.427286
53.650000 -4.264221 5.634223 1.598251 0.091382 0.237451 -0.776120 0.576979
53.800000 -4.295544 5.568751 1.641907 0.155405 0.450249 -0.677446 0.560528
54.050000 -4.249496 5.464480 1.660311 0.326514 0.624352 -0.627220 0.331915
