0.800000 0.500000 1.000000 1.000000 -0.000000 -0.000000 -0.000000 1.000000
6.400000 0.438313 1.068758 1.041076 -0.148826 -0.170060 0.029107 0.973696
6.650000 0.232492 1.265723 0.977515 0.013534 0.069198 0.011124 0.997449
7.000000 -0.024970 1.555536 0.919731 -0.020140 -0.140344 0.001942 0.989896
7.250000 -0.334003 1.762053 0.937447 0.169926 -0.003143 -0.003393 0.985446
7.650000 -0.901956 1.842836 1.063329 -0.033563 0.005671 -0.041136 0.998574
8.050000 -1.382600 1.986679 1.302723 0.009083 0.069763 -0.097060 0.992789
8.250000 -1.536638 2.064106 1.444279 0.045304 -0.024106 -0.123661 0.990997
8.650000 -1.834509 2.166356 1.662753 -0.070362 0.107812 -0.176444 0.975855
9.000000 -1.909209 2.304896 1.773838 0.022905 0.014409 -0.200459 0.979328
9.650000 -1.856512 2.539386 1.951387 -0.138354 0.030183 -0.240275 0.960320
9.850000 -1.793995 2.732820 1.966271 -0.076619 0.150560 -0.343660 0.923774
10.050000 -1.625215 2.952426 1.952600 0.045098 -0.009972 -0.466216 0.883464
10.250000 -1.453962 3.151931 1.931187 0.003861 -0.077174 -0.610200 0.788470
10.450000 -1.327830 3.375175 1.896251 -0.034195 -0.054391 -0.739071 0.670556
10.650000 -1.216824 3.643480 1.851510 -0.008664 0.018778 -0.817383 0.575723
11.050000 -0.957035 4.219636 1.797985 -0.115470 0.043526 -0.809639 0.573809
11.450000 -0.513568 4.832702 1.687909 0.181929 -0.070282 -0.731759 0.653062
11.850000 -0.408034 5.358450 1.653725 -0.096438 0.136706 -0.701139 0.693120
12.050000 -0.299061 5.620141 1.676357 -0.033646 0.244382 -0.678121 0.692313
12.250000 -0.041856 5.778313 1.681711 0.128304 0.081668 -0.635374 0.757079
12.450000 0.231930 5.818858 1.697613 -0.017390 -0.096228 -0.579784 0.808880
12.650000 0.458614 5.875497 1.718745 -0.090661 0.013809 -0.498284 0.862150
12.800000 0.641185 5.960669 1.732544 -0.033791 0.185512 -0.442466 0.876737
13.050000 1.078407 6.051990 1.719970 0.133768 -0.028987 -0.334672 0.932341
13.250000 1.411118 6.045116 1.666532 -0.105528 -0.209638 -0.250263 0.939300
13.450000 1.637127 6.108893 1.561397 -0.057108 0.029637 -0.179728 0.981610
13.650000 1.870999 6.219922 1.440905 0.146517 0.178833 -0.110227 0.966644
13.800000 2.122474 6.239865 1.341374 0.183626 0.022437 -0.094902 0.978147
14.000000 2.467738 6.156267 1.204948 -0.094694 -0.118383 -0.074803 0.985608
14.250000 2.802752 6.108270 1.076861 0.036138 0.077825 -0.053869 0.994854
14.600000 3.363774 6.019380 0.977507 -0.020436 -0.035484 -0.034266 0.998573
15.000000 3.965655 5.906458 0.967427 0.123909 0.039012 -0.023236 0.991254
15.200000 4.254869 5.779518 0.999440 -0.169115 0.030909 -0.024716 0.984801
15.400000 4.565088 5.732163 1.047790 -0.064353 -0.191510 -0.045951 0.978300
15.800000 4.870267 5.780309 1.116345 0.009568 0.059698 -0.164581 0.984509
16.000000 4.998195 5.787470 1.142054 -0.021150 -0.078068 -0.232688 0.969182
16.450000 5.080231 5.884488 1.151941 0.002657 0.017963 -0.398106 0.917160
16.800000 5.036279 5.968987 1.120143 0.055444 -0.087556 -0.523522 0.845686
17.200000 4.780670 6.057202 1.055207 0.019075 -0.009708 -0.651027 0.758752
17.600000 4.393601 6.117970 1.012378 0.088207 -0.016161 -0.734486 0.672673
18.000000 3.828647 6.054376 0.990607 -0.020264 0.029726 -0.755420 0.654253
18.450000 3.265400 5.909560 0.981055 -0.034084 0.047884 -0.666909 0.742818
18.800000 2.994908 5.781508 0.973983 -0.055956 -0.005248 -0.536408 0.842085
19.250000 2.777878 5.761456 0.968931 0.011137 0.050260 -0.389082 0.919763
20.450000 2.646560 5.080080 1.283378 0.040949 0.002375 -0.490560 0.870442
20.850000 2.625674 4.582130 1.342095 -0.041146 0.037177 -0.553768 0.830822
21.450000 2.769557 3.749009 1.314023 -0.076724 0.025528 -0.480219 0.873414
21.850000 3.022240 3.240528 1.232870 -0.059730 0.047755 -0.269486 0.959963
22.050000 3.225772 3.045859 1.176573 -0.063635 0.012937 -0.120447 0.990594
22.250000 3.452205 2.897128 1.115497 -0.017363 0.051438 0.027959 0.998134
22.450000 3.714367 2.766719 1.060514 0.040847 0.040086 0.157507 0.985858
22.650000 4.013283 2.616632 1.014728 0.004859 -0.000767 0.248885 0.968521
23.050000 4.618323 2.276047 0.960279 0.073423 -0.031188 0.280080 0.956656
23.400000 5.118549 1.823552 0.979860 0.012539 -0.047048 0.147448 0.987871
23.650000 5.421487 1.444727 1.009528 -0.002802 -0.065434 0.001896 0.997851
23.850000 5.611900 1.142444 1.010613 -0.021261 -0.021960 -0.127775 0.991332
24.050000 5.783013 0.854310 1.009854 -0.000889 0.023650 -0.259174 0.965540
24.200000 5.920137 0.639450 1.041029 0.006413 0.055321 -0.354375 0.933444
24.400000 6.132913 0.337885 1.085066 -0.007042 0.027657 -0.473603 0.880276
24.650000 6.405346 -0.050808 1.116740 0.105983 -0.118027 -0.590765 0.791097
24.850000 6.525392 -0.368325 1.109477 0.030645 -0.079728 -0.681088 0.727202
25.050000 6.576682 -0.669383 1.089133 -0.004665 -0.019422 -0.750103 0.661019
25.450000 6.642921 -1.254514 1.089580 0.053819 0.006254 -0.822887 0.565616
25.850000 6.635147 -1.908315 1.081644 0.007509 -0.044140 -0.838247 0.543449
26.250000 6.481542 -2.503666 1.068569 0.048071 -0.023532 -0.835924 0.546229
26.600000 6.194358 -3.031062 1.060325 0.036567 -0.023033 -0.846332 0.530900
27.000000 5.733793 -3.628022 1.057222 0.008641 -0.062924 -0.879367 0.471889
27.200000 5.452651 -3.877470 1.051189 -0.128252 -0.035539 -0.881657 0.452736
27.600000 5.055617 -4.219787 1.022777 -0.018956 0.020973 -0.878771 0.476406
27.800000 4.907058 -4.375439 1.028069 0.015742 -0.085557 -0.869857 0.485572
28.250000 4.500799 -4.526786 1.077657 -0.231991 0.073894 -0.923623 0.296041
28.400000 4.472065 -4.539761 1.077258 -0.113880 0.107099 -0.967032 0.201021
28.600000 4.530389 -4.605760 1.068980 0.018171 0.090769 -0.991489 0.091538
29.200000 4.586157 -5.152513 1.056834 -0.082780 0.021495 -0.996039 0.024313
29.600000 4.700857 -5.599177 1.087592 0.037552 -0.009215 -0.998752 0.031613
30.000000 4.780529 -6.012152 1.123352 0.050517 -0.125139 -0.984768 0.109634
30.600000 4.554884 -6.181303 1.138097 0.018857 0.005996 -0.986910 0.160055
31.000000 4.220199 -6.250400 1.200363 0.059206 -0.042297 -0.996016 0.051548
31.400000 3.724444 -6.241234 1.267819 -0.034598 -0.024250 0.997309 0.059906
31.800000 3.112790 -6.257282 1.306990 0.020523 -0.021492 0.994577 0.099668
32.200000 2.527036 -6.338850 1.282704 -0.017244 0.072576 0.993658 0.084134
32.600000 1.921631 -6.272754 1.214997 -0.003542 0.030352 0.997837 0.058211
32.800000 1.613215 -6.167749 1.170144 0.012253 -0.094368 0.994575 0.042004
33.200000 1.021322 -6.145095 1.083759 0.032059 -0.020739 -0.999190 0.012692
33.600000 0.403356 -6.146586 1.058930 -0.015151 -0.029481 -0.986565 0.159970
34.000000 -0.199024 -6.066622 1.107056 -0.082441 0.096722 -0.968520 0.214052
34.650000 -0.661427 -6.170361 1.055046 -0.028625 -0.047332 -0.935136 0.349944
34.850000 -0.722939 -6.159323 1.027875 -0.042179 0.017715 -0.857449 0.512530
35.050000 -0.751535 -6.137471 1.003925 -0.036688 0.080577 -0.719153 0.689188
35.250000 -0.718990 -6.136993 0.982889 -0.016285 0.063937 -0.531150 0.844705
35.400000 -0.659160 -6.149324 0.969960 -0.016998 0.033719 -0.374906 0.926293
35.600000 -0.550644 -6.166550 0.959701 0.008025 0.045654 -0.180699 0.982445
35.800000 -0.406518 -6.194277 0.961064 0.028157 0.077016 -0.029788 0.996187
36.000000 -0.205726 -6.245185 0.979195 0.002746 0.036142 0.072245 0.996728
36.400000 0.275640 -6.329787 1.062387 -0.049256 0.004316 0.223853 0.973368
36.800000 0.735882 -6.280363 1.146380 -0.062921 -0.043639 0.410463 0.908657
37.000000 0.910735 -6.207327 1.155402 -0.056521 -0.047405 0.521229 0.850222
37.250000 1.061773 -6.091959 1.120563 -0.026002 -0.025260 0.658556 0.751658
37.400000 1.128586 -6.018997 1.081314 -0.024389 -0.008886 0.729981 0.682974
37.600000 1.201954 -5.911263 1.033866 -0.042644 0.062927 0.802687 0.591536
38.000000 1.328098 -5.513949 0.995965 -0.072878 0.004019 0.874384 0.479714
38.400000 1.293642 -4.981971 0.997260 -0.019065 -0.041084 0.901849 0.429670
39.000000 1.056670 -4.331632 1.014272 -0.042945 -0.060084 0.949388 0.305299
39.400000 0.739569 -4.062028 1.033450 -0.056652 -0.064075 0.982652 0.164559
39.850000 0.158558 -3.938729 1.023726 0.017913 -0.001270 -0.999837 0.001679
40.250000 -0.437550 -3.863494 1.008901 0.007518 0.048701 -0.994138 0.096239
40.600000 -0.970765 -3.905856 1.020532 -0.004233 0.027811 -0.991689 0.125545
41.050000 -1.640892 -4.039253 1.041964 0.005131 -0.044476 -0.995809 0.079748
41.450000 -2.255764 -4.048444 1.069920 -0.006574 0.031009 -0.999450 0.009698
41.800000 -2.785259 -4.089550 1.098231 -0.010056 -0.041996 -0.996016 0.078024
42.050000 -3.154591 -4.074990 1.171673 -0.004031 -0.025486 -0.965695 0.258395
42.250000 -3.451275 -4.036248 1.264577 0.005346 0.012792 -0.899184 0.437351
42.450000 -3.746230 -4.005754 1.337044 0.041967 0.103673 -0.800510 0.588791
42.650000 -4.028594 -4.040632 1.383528 0.034270 0.040559 -0.703189 0.709018
42.800000 -4.234999 -4.100841 1.416118 -0.034375 0.009863 -0.626258 0.778795
43.050000 -4.545897 -4.184103 1.470207 -0.097818 0.096589 -0.497989 0.856218
43.200000 -4.675087 -4.211616 1.487064 -0.043742 0.154961 -0.431644 0.887557
43.450000 -4.764214 -4.281759 1.473722 0.085147 0.013267 -0.325186 0.941716
44.000000 -4.848275 -4.680954 1.340271 -0.046708 0.075793 -0.492497 0.865749
44.250000 -4.764788 -4.890509 1.250896 0.037217 0.013765 -0.706002 0.707097
44.400000 -4.711003 -5.032748 1.199003 0.023999 0.036961 -0.818587 0.572689
44.650000 -4.624609 -5.309591 1.122101 0.028647 0.012530 -0.946648 0.320749
44.800000 -4.582397 -5.491246 1.086341 0.049997 0.000719 -0.983078 0.176233
45.000000 -4.559669 -5.741517 1.050782 0.064594 -0.003207 -0.997812 0.013716
45.200000 -4.582705 -5.983673 1.025638 0.006671 0.105799 0.987620 0.115621
45.600000 -4.593622 -6.245896 0.998712 -0.004161 0.051048 0.957841 0.282697
46.050000 -4.553381 -6.320349 0.991538 -0.018500 0.043995 0.907807 0.416664
46.400000 -4.527495 -6.261526 1.004941 -0.037869 0.070350 0.864668 0.495950
47.000000 -4.483004 -5.792123 1.027096 -0.036473 0.032839 0.809130 0.585577
47.650000 -4.524989 -4.931406 1.045082 -0.019785 -0.008239 0.795687 0.605329
48.000000 -4.609440 -4.400314 1.067912 -0.002218 0.002432 0.805421 0.592694
48.400000 -4.727230 -3.784733 1.105134 -0.024097 -0.022907 0.813371 0.580795
48.800000 -4.942432 -3.173355 1.127830 -0.028009 -0.006406 0.789901 0.612561
49.200000 -5.235937 -2.548227 1.066194 0.001531 -0.047545 0.751292 0.658254
49.650000 -5.671735 -1.949894 0.985359 0.023428 0.039027 0.736517 0.674886
49.850000 -5.863409 -1.708383 0.981244 0.039271 0.134736 0.732304 0.666360
50.200000 -6.033501 -1.178959 0.987849 -0.033403 -0.069823 0.730800 0.678188
50.600000 -6.250913 -0.617661 1.042392 0.209913 -0.118827 0.730528 0.638863
51.000000 -6.264963 -0.456032 1.013741 -0.014689 0.041863 0.796098 0.603539
51.200000 -6.221313 -0.410329 1.001912 -0.105215 0.053487 0.788355 0.603793
51.800000 -6.258736 0.047263 0.893144 0.062596 0.017704 0.778293 0.624522
52.250000 -6.154038 0.483933 0.904578 -0.072807 -0.013476 0.855910 0.511796
52.800000 -6.238668 1.217088 0.956336 0.009451 0.017814 0.850215 0.526049
53.200000 -6.357912 1.820965 1.032047 0.035819 0.020709 0.754018 0.655549
53.400000 -6.369345 2.110431 1.071985 0.105541 -0.089274 0.710428 0.690061
53.850000 -6.354762 2.406195 1.123092 0.021240 -0.014363 0.628373 0.777489
54.200000 -6.342236 2.453086 1.147803 0.067509 -0.061457 0.544149 0.834007
54.600000 -6.353807 2.307233 1.147494 0.039701 -0.000074 0.442091 0.896091
55.000000 -6.333336 1.991424 1.123487 0.070908 -0.023397 0.320919 0.944159
55.450000 -6.287259 1.433496 1.077900 0.024955 0.008802 0.167980 0.985435
55.800000 -6.227553 0.911094 1.040614 0.021160 -0.012561 0.038253 0.998965
56.200000 -6.176728 0.268155 1.008476 -0.008373 -0.017094 -0.103890 0.994407
56.600000 -6.160229 -0.358005 0.996410 -0.001862 0.025554 -0.218671 0.975462
57.050000 -6.042739 -1.063336 1.004668 -0.025146 0.057514 -0.298870 0.952227
57.450000 -5.745787 -1.670340 1.018776 -0.022673 0.044255 -0.318940 0.946470
57.800000 -5.369944 -2.185218 1.034967 -0.000699 0.050912 -0.302510 0.951785
58.250000 -4.735095 -2.867852 1.061760 -0.048616 -0.017632 -0.230652 0.971661
58.650000 -4.228722 -3.300739 1.102147 -0.043865 -0.061434 -0.087700 0.993283
58.850000 -4.057257 -3.419344 1.116590 -0.013959 -0.004083 0.000162 0.999894
59.050000 -3.895540 -3.522604 1.134881 -0.083740 -0.044648 0.108706 0.989534
59.200000 -3.796109 -3.567407 1.146702 -0.108089 -0.049428 0.197686 0.973033
59.450000 -3.694497 -3.560544 1.153039 -0.038226 -0.040953 0.353200 0.933869
59.600000 -3.666498 -3.533230 1.154669 -0.048527 -0.015308 0.440917 0.896104
59.800000 -3.653769 -3.470393 1.157043 -0.080163 0.023333 0.547873 0.832385
60.050000 -3.670272 -3.310249 1.158347 -0.090858 0.006308 0.662433 0.743564
60.200000 -3.709442 -3.170334 1.156950 -0.059671 0.004151 0.718299 0.693159
60.600000 -3.879145 -2.709187 1.152186 -0.012036 0.039199 0.796103 0.603770
61.000000 -4.033577 -2.139140 1.145079 0.003554 0.007248 0.795544 0.605842
61.450000 -4.170307 -1.457149 1.135629 0.026518 -0.004637 0.739304 0.672834
61.800000 -4.233339 -0.995861 1.132756 0.084857 -0.064388 0.657557 0.745837
62.200000 -4.281038 -0.711700 1.126443 0.019616 -0.009980 0.534659 0.844782
62.600000 -4.323123 -0.524364 1.120676 -0.043169 0.027911 0.418093 0.906948
63.200000 -4.363670 -0.005232 1.102679 -0.033753 0.019714 0.376382 0.925639
63.600000 -4.369686 0.529376 1.078056 -0.026002 0.011104 0.464631 0.885053
64.000000 -4.380512 1.151078 1.055960 -0.013251 0.005651 0.565874 0.824366
64.450000 -4.413831 1.904509 1.033027 -0.000249 -0.006845 0.616662 0.787198
64.800000 -4.450707 2.501462 1.015431 0.021830 0.011672 0.603009 0.797350
65.200000 -4.434114 3.153426 0.997569 0.036407 0.016651 0.538271 0.841820
65.600000 -4.303924 3.734105 0.980142 0.076433 0.030113 0.448634 0.889932
66.200000 -3.777595 4.367468 0.993665 0.067580 0.009932 0.385303 0.920259
66.600000 -3.265584 4.618075 1.036097 0.003399 -0.009060 0.449233 0.893362
67.000000 -2.765934 4.818484 1.092990 -0.065896 -0.038007 0.584647 0.807713
67.250000 -2.545262 4.983813 1.119608 -0.056923 -0.006049 0.696060 0.715698
67.400000 -2.442734 5.103653 1.130494 -0.053029 0.007486 0.760487 0.647141
67.650000 -2.308256 5.340399 1.139582 -0.054407 -0.008634 0.842818 0.535371
68.050000 -2.236194 5.762970 1.111382 -0.052215 -0.042872 0.922731 0.379476
68.400000 -2.343904 6.088872 1.059214 -0.012282 -0.066905 0.963454 0.259092
68.800000 -2.578881 6.301712 1.007517 -0.064883 -0.041968 0.983012 0.166482
69.200000 -3.005306 6.396779 1.016170 -0.032629 -0.009018 0.997940 0.054485
69.800000 -3.821082 6.447980 1.220286 0.013075 -0.034621 -0.999022 0.024203
70.250000 -4.312146 6.519824 1.449395 -0.372212 0.078777 -0.922751 0.061509
70.650000 -3.926400 6.484008 1.333185 0.166281 -0.019732 -0.984619 0.049855
70.800000 -3.782273 6.453047 1.340458 -0.303583 0.079731 0.947497 -0.061069
71.000000 -3.781642 6.445254 1.313994 0.142263 -0.041896 -0.987256 0.057717
71.200000 -3.917049 6.469676 1.284688 -0.113851 0.015920 -0.992176 0.048703
71.400000 -3.983017 6.490657 1.285161 -0.191153 0.047082 -0.979103 0.051004
71.600000 -3.913466 6.486221 1.268569 0.010825 0.008803 -0.998917 0.044395
71.800000 -3.828717 6.471577 1.265420 0.133080 -0.024623 -0.989789 0.044728
72.200000 -3.885007 6.475015 1.256268 -0.068522 0.008724 -0.996717 0.042233
72.850000 -3.850240 6.473788 1.252072 0.034146 -0.006615 -0.998535 0.041452
