0.800000 0.500000 1.000000 1.000000 -0.000000 -0.000000 -0.000000 1.000000
6.450000 0.405737 1.102311 1.032914 -0.095511 -0.133004 0.026756 0.986140
6.650000 0.231845 1.266055 0.979212 0.011281 0.063615 0.010801 0.997852
7.050000 -0.075456 1.601106 0.918930 -0.010074 -0.129059 0.000115 0.991586
7.250000 -0.325268 1.763535 0.942004 0.158721 -0.004283 -0.004817 0.987302
7.650000 -0.876143 1.830395 1.107457 -0.019467 -0.014706 -0.037554 0.998997
8.050000 -1.415621 1.841838 1.385507 0.053024 0.117532 -0.068612 0.989276
8.450000 -1.743729 1.731944 1.592107 0.010885 0.004400 -0.099296 0.994989
8.800000 -1.932705 1.526173 1.724424 0.078175 0.124688 -0.080699 0.985814
9.000000 -1.940357 1.303331 1.764277 -0.029420 -0.043254 -0.080128 0.995411
9.450000 -1.924761 0.853014 1.830734 -0.045727 0.061200 0.019414 0.996889
9.600000 -1.865041 0.729714 1.832573 -0.104943 -0.011287 0.080545 0.991147
10.050000 -1.724452 0.576859 1.780481 0.000224 0.030390 0.309783 0.950322
10.250000 -1.654014 0.550309 1.741169 -0.063769 0.054977 0.417979 0.904547
10.450000 -1.566182 0.576843 1.693524 -0.085939 0.025944 0.518402 0.850412
10.650000 -1.490720 0.669170 1.637529 -0.051199 -0.019203 0.609249 0.791091
11.050000 -1.422415 0.932921 1.520857 -0.046830 0.045379 0.734146 0.675853
11.450000 -1.401184 1.368373 1.409234 -0.057183 -0.000373 0.800299 0.596868
11.850000 -1.490535 1.933596 1.311647 -0.010162 0.006665 0.827018 0.562044
12.250000 -1.623498 2.537487 1.230898 -0.021714 -0.005611 0.835048 0.549720
12.600000 -1.780341 3.085272 1.177952 0.008273 -0.014545 0.857365 0.514437
13.000000 -1.983849 3.682197 1.149187 -0.033786 0.003001 0.909305 0.414747
13.450000 -2.268374 4.375131 1.151090 0.064505 -0.060349 0.971460 0.220144
13.650000 -2.358745 4.629446 1.143814 -0.066733 0.033989 0.989397 0.124436
13.850000 -2.480080 4.895363 1.105398 -0.152026 0.109350 0.982302 -0.003732
14.050000 -2.703346 5.235787 1.024502 0.021390 0.083807 -0.990930 0.102841
14.200000 -2.891689 5.467456 0.992817 -0.110779 0.286609 -0.936950 0.166458
14.650000 -3.079152 5.490205 0.884455 0.017615 -0.063379 -0.948571 0.309655
14.850000 -3.115919 5.393312 0.871153 0.033425 -0.060991 -0.927436 0.367457
15.000000 -3.164334 5.360732 0.869538 0.052039 0.040220 -0.917599 0.392029
15.250000 -3.190059 5.256066 0.895873 0.183996 0.097858 -0.900175 0.382432
15.450000 -3.296657 5.068971 0.925693 -0.265258 -0.198722 -0.879426 0.341699
15.650000 -3.307113 5.048826 0.960648 -0.322156 -0.119511 -0.875790 0.339004
15.850000 -3.099407 5.217432 0.942529 -0.121583 0.098423 -0.931892 0.327274
16.000000 -2.848045 5.348474 0.944444 0.146254 0.112158 -0.940724 0.284725
16.250000 -2.538306 5.415958 0.980425 0.297105 0.007003 -0.927862 0.225281
16.600000 -2.540015 5.363424 0.966830 -0.051516 -0.003486 -0.985078 0.164180
17.050000 -2.511273 5.260469 0.986678 0.139471 0.059668 -0.971722 0.180955
17.450000 -2.705575 4.952258 0.986737 0.024883 -0.058118 -0.952099 0.299183
17.850000 -3.083727 4.707259 0.981134 0.026616 0.030743 -0.908999 0.414809
18.250000 -3.501673 4.395172 0.976485 0.009130 -0.023597 -0.859063 0.511244
18.650000 -3.974926 4.115197 0.977919 -0.064175 0.040251 -0.790346 0.607960
19.000000 -4.232137 3.885515 0.972331 0.048996 0.105774 -0.716741 0.687527
19.450000 -4.408017 3.303811 0.950804 -0.043595 0.022519 -0.662869 0.747126
19.850000 -4.447486 2.741545 0.943928 0.021167 0.029024 -0.684302 0.728313
20.200000 -4.435579 2.194408 0.950819 -0.009752 -0.014614 -0.710150 0.703831
20.600000 -4.443704 1.587319 0.983727 0.012705 0.014154 -0.716032 0.697809
21.000000 -4.444212 0.947530 1.027863 -0.008178 -0.002634 -0.697805 0.716236
21.400000 -4.434482 0.313794 1.078684 -0.012429 0.017007 -0.680380 0.732557
21.850000 -4.373240 -0.394507 1.121228 -0.004293 -0.008697 -0.694409 0.719515
22.200000 -4.313478 -0.936381 1.140251 0.026501 -0.025683 -0.772214 0.634290
22.400000 -4.297894 -1.235652 1.144829 0.047272 -0.042096 -0.846324 0.528895
22.600000 -4.329176 -1.527150 1.146025 0.030094 -0.058774 -0.910077 0.409146
22.800000 -4.400333 -1.788882 1.146192 -0.018934 -0.096004 -0.951813 0.290647
23.000000 -4.484074 -1.983585 1.145999 -0.036310 -0.099730 -0.978675 0.175870
23.200000 -4.557101 -2.096117 1.141289 -0.005834 -0.038809 -0.997008 0.066599
23.450000 -4.641445 -2.209050 1.123002 0.003139 -0.091571 0.993377 0.069335
23.600000 -4.693608 -2.323365 1.101357 -0.034519 -0.073905 0.985129 0.151219
23.800000 -4.797693 -2.510795 1.066734 -0.138980 0.068205 0.952807 0.261135
24.000000 -4.988215 -2.636603 1.037239 -0.077877 0.076974 0.925552 0.362441
24.250000 -5.274049 -2.709035 1.020278 0.162593 -0.107969 0.880709 0.431576
24.650000 -5.489088 -3.058210 0.992499 -0.071129 0.057415 0.834664 0.543122
24.800000 -5.519928 -3.170241 1.026162 -0.171423 0.028411 0.785816 0.593549
25.200000 -5.804976 -3.265613 1.188830 0.186986 0.031610 0.680701 0.707589
25.650000 -5.764728 -3.528380 1.395027 -0.044140 0.005821 0.582313 0.811744
25.850000 -5.658751 -3.624329 1.482185 0.009413 -0.058243 0.540825 0.839064
26.000000 -5.604621 -3.707243 1.538716 0.120117 -0.001658 0.522711 0.844004
26.400000 -5.304355 -4.075327 1.619501 -0.041735 0.077915 0.601718 0.793803
26.650000 -5.021408 -4.253242 1.609754 -0.078729 -0.028936 0.701875 0.707345
26.800000 -4.885229 -4.328324 1.582407 -0.018184 -0.089814 0.777318 0.622398
27.000000 -4.746639 -4.459018 1.524016 0.022375 -0.065553 0.873634 0.481628
27.250000 -4.594318 -4.695399 1.411936 0.000749 -0.048462 0.959868 0.276234
27.450000 -4.481939 -4.926508 1.299188 -0.066334 0.000235 0.990581 0.119784
27.600000 -4.426332 -5.099647 1.216978 -0.085383 0.008205 0.996038 0.023467
28.000000 -4.444876 -5.565879 1.048339 0.011851 0.046871 -0.994964 0.087807
28.400000 -4.558564 -6.110485 1.002244 0.064184 -0.113176 -0.991241 0.022660
28.800000 -4.871167 -6.391895 1.092356 -0.050580 0.025834 0.989153 0.135467
29.050000 -5.158275 -6.457399 1.177238 0.092682 0.027536 0.961006 0.259073
29.400000 -5.409544 -6.490706 1.290015 -0.034631 0.123172 0.911411 0.391099
29.800000 -5.605088 -6.231932 1.367612 0.029567 0.042246 0.845597 0.531325
30.200000 -5.665037 -5.817737 1.396865 0.005617 0.122797 0.774059 0.621065
30.600000 -5.505714 -5.193935 1.375060 0.031396 0.002425 0.715785 0.697611
31.050000 -5.238476 -4.645841 1.436024 0.078864 -0.378527 0.663074 0.640961
31.250000 -5.278561 -4.756950 1.438478 -0.017665 -0.107416 0.718879 0.686559
31.400000 -5.396617 -4.930708 1.505869 -0.089449 0.332496 0.701503 0.623971
32.000000 -5.105097 -4.229163 1.604081 -0.027404 0.152124 0.745823 0.647963
32.200000 -4.779270 -3.613938 1.576187 0.015691 -0.250506 0.737398 0.627092
32.400000 -4.571174 -3.145850 1.580438 0.029642 -0.370236 0.723074 0.582418
32.600000 -4.501919 -2.884400 1.504027 0.035882 -0.018913 0.755983 0.653333
32.800000 -4.449397 -2.687412 1.453138 -0.050144 0.207321 0.741056 0.636663
33.000000 -4.332982 -2.367084 1.401950 -0.128437 0.048448 0.741827 0.656391
33.250000 -4.246109 -1.865579 1.351013 0.110256 -0.269364 0.722229 0.627433
33.450000 -4.265695 -1.652630 1.300155 0.177765 -0.142006 0.689427 0.687694
33.650000 -4.269638 -1.613469 1.239365 -0.055173 0.162705 0.663631 0.728064
33.800000 -4.227737 -1.539201 1.232532 -0.255795 0.212343 0.582153 0.742009
34.050000 -4.173094 -1.121809 1.170048 -0.163006 -0.125137 0.574050 0.792613
34.250000 -4.274899 -0.685175 1.121330 0.213236 -0.060207 0.575132 0.787482
34.400000 -4.343044 -0.451972 1.106559 0.214357 0.026638 0.585925 0.781047
34.650000 -4.326480 -0.194385 1.085447 -0.107257 0.038148 0.651946 0.749671
34.850000 -4.311116 0.060677 1.118516 0.100964 -0.195111 0.676500 0.702912
35.050000 -4.361138 0.242972 1.156086 -0.025849 0.084649 0.695534 0.713021
35.250000 -4.394338 0.431278 1.230092 -0.029903 0.179233 0.690506 0.700130
35.450000 -4.355156 0.728339 1.285607 0.027107 -0.046005 0.692764 0.719185
35.600000 -4.317703 0.948575 1.327016 0.027606 -0.229531 0.696797 0.678990
36.000000 -4.398240 1.191266 1.297109 0.120726 0.039683 0.757120 0.640796
36.200000 -4.381264 1.201999 1.226169 -0.030272 0.136381 0.786135 0.602059
36.400000 -4.324759 1.279836 1.141778 -0.048837 -0.058586 0.800734 0.594144
36.650000 -4.328681 1.360885 1.053306 0.104648 -0.198203 0.800939 0.555213
36.800000 -4.362071 1.291975 0.982075 0.115431 -0.054511 0.800770 0.585210
37.000000 -4.365323 1.110271 0.933265 -0.025129 0.118342 0.796921 0.591845
