0.800000 0.500000 1.000000 1.000000 -0.000000 -0.000000 -0.000000 1.000000
6.400000 0.438313 1.068758 1.041076 -0.148826 -0.170060 0.029107 0.973696
6.650000 0.232208 1.266153 0.979864 0.007585 0.086987 0.011003 0.996120
7.200000 -0.104530 1.781642 0.918150 0.107377 -0.145872 -0.020795 0.983239
7.450000 -0.422130 1.946909 0.961981 0.055793 0.058530 -0.036177 0.996068
7.650000 -0.669828 1.997201 1.025849 -0.019269 0.008529 -0.074215 0.997020
7.850000 -0.901232 2.054368 1.123004 0.034679 -0.073950 -0.106672 0.990934
8.250000 -1.431606 2.066815 1.372395 0.031189 0.114968 -0.158549 0.980139
8.650000 -1.759577 1.895695 1.619640 -0.021900 0.073587 -0.204910 0.975765
9.400000 -1.896001 1.340694 1.824663 -0.042556 0.052709 -0.248354 0.966298
10.050000 -1.595434 0.805739 1.798007 -0.071337 -0.066156 -0.155502 0.983033
10.450000 -1.418101 0.723178 1.722475 -0.028582 0.013209 0.084035 0.995965
10.650000 -1.327390 0.736350 1.672710 -0.064229 -0.010442 0.232805 0.970344
10.850000 -1.252102 0.792092 1.619184 -0.080918 -0.015101 0.379298 0.921606
11.050000 -1.209787 0.900265 1.562476 -0.050589 -0.012330 0.514805 0.855724
11.250000 -1.196571 1.042281 1.508422 -0.047374 0.013429 0.625749 0.778468
11.450000 -1.201476 1.219327 1.459958 -0.055847 0.027591 0.710642 0.700791
11.650000 -1.222324 1.441619 1.418177 -0.057443 0.018853 0.771127 0.633804
12.050000 -1.339683 1.991174 1.363543 -0.019820 -0.002523 0.837576 0.545955
12.400000 -1.499884 2.513499 1.387969 -0.009561 0.001231 0.863973 0.503446
12.850000 -1.732650 3.204412 1.473655 0.002226 -0.001105 0.898786 0.438380
13.200000 -1.918380 3.739564 1.501605 -0.010938 0.005494 0.937967 0.346507
13.650000 -2.207760 4.437388 1.403273 0.053521 -0.007297 0.990508 0.126398
13.850000 -2.327397 4.733294 1.295060 -0.085494 0.044330 -0.994904 -0.029865
14.200000 -2.405549 5.153163 1.113510 -0.032727 0.069697 -0.995603 0.053348
14.650000 -2.402425 5.461995 1.022919 -0.110225 0.031570 0.992984 -0.028926
15.200000 -2.695478 5.876007 1.057534 0.053680 -0.070594 0.995127 0.043091
15.600000 -2.890116 6.082972 1.109867 0.100294 -0.037679 -0.993391 0.041175
16.000000 -3.289680 6.326610 1.276775 -0.142646 0.030274 -0.977724 0.150967
16.400000 -3.425886 6.520190 1.548992 -0.053317 0.087899 -0.962198 0.252203
16.800000 -3.317492 6.540817 1.734733 0.001258 0.052538 -0.918880 0.391022
17.200000 -3.120691 6.408094 1.824339 -0.038337 0.091461 -0.843274 0.528256
17.650000 -2.692776 6.062257 1.841102 0.050026 0.013377 -0.779262 0.624556
18.050000 -2.340564 5.606302 1.814716 -0.031644 -0.006976 -0.777241 0.628368
18.450000 -2.007271 5.194062 1.796597 0.065142 -0.084644 -0.826576 0.552597
18.850000 -1.913393 4.886005 1.797397 0.008746 -0.057381 -0.904479 0.422550
19.250000 -1.964800 4.722862 1.788264 0.063313 -0.036165 -0.952541 0.295547
20.000000 -2.564752 4.605506 1.682208 0.042110 0.015195 -0.969777 0.239851
20.450000 -3.145940 4.505610 1.562478 0.007058 0.032853 -0.939152 0.341855
20.850000 -3.669707 4.313819 1.438890 -0.022695 0.039618 -0.875211 0.481582
21.200000 -4.029827 4.070630 1.327881 -0.013054 0.106162 -0.785082 0.610087
21.600000 -4.250409 3.600222 1.183941 0.012799 0.040079 -0.678481 0.733412
22.000000 -4.369067 3.001643 1.050932 -0.020363 0.029848 -0.629518 0.776145
22.400000 -4.396771 2.396766 0.946809 -0.004048 0.002914 -0.647660 0.761913
22.800000 -4.390091 1.853905 0.910371 -0.087544 -0.065129 -0.615881 0.780247
23.400000 -4.352033 1.489431 0.991313 -0.058948 -0.046908 -0.498271 0.863742
23.850000 -4.349855 1.497993 1.112858 0.043112 0.013487 -0.385549 0.921581
24.000000 -4.355064 1.526356 1.157807 0.136323 0.060318 -0.354362 0.923149
24.400000 -4.368469 1.367548 1.259777 -0.002865 -0.003784 -0.420401 0.907326
24.800000 -4.380474 1.115374 1.355863 0.055224 0.048543 -0.563924 0.822547
25.000000 -4.370690 0.937635 1.420006 -0.129408 -0.128382 -0.613202 0.768606
25.400000 -4.376356 0.904267 1.608910 -0.011358 0.025500 -0.693387 0.720024
26.000000 -4.356009 1.024910 1.912249 -0.122605 -0.090653 -0.656702 0.738575
26.200000 -4.366085 1.192075 1.960676 -0.039136 0.003778 -0.604129 0.795916
26.400000 -4.359896 1.397197 1.985318 0.025553 -0.009404 -0.519430 0.854079
26.850000 -4.348487 1.850016 1.993618 0.037370 0.135364 -0.373047 0.917124
27.200000 -4.149539 2.065374 1.996698 -0.050110 -0.106106 -0.355597 0.927244
27.650000 -3.931304 2.458194 2.008908 0.101212 0.198671 -0.404499 0.886942
28.050000 -3.506392 2.550646 2.012916 0.028925 -0.253354 -0.475366 0.842022
28.400000 -3.485528 2.620724 2.006849 0.033154 0.036482 -0.497410 0.866114
28.600000 -3.540450 2.651843 1.996079 -0.094181 0.250871 -0.499889 0.823593
28.850000 -3.416074 2.639003 1.926476 0.060154 -0.018144 -0.507060 0.859618
29.200000 -3.284181 2.569793 1.827882 0.009273 -0.073489 -0.505765 0.859485
29.450000 -3.292062 2.577078 1.805933 0.000822 -0.091844 -0.493201 0.865053
29.600000 -3.309810 2.619452 1.809463 0.048425 0.075534 -0.493272 0.865235
30.000000 -3.297170 2.623001 1.839266 -0.069694 -0.208423 -0.479471 0.849594
30.450000 -3.616469 2.930444 1.934626 -0.007188 0.073024 -0.441388 0.894311
30.800000 -3.877789 3.219488 1.984460 0.012329 0.001010 -0.382117 0.924031
31.050000 -4.038630 3.376554 1.994280 0.114190 0.054499 -0.341971 0.931153
31.200000 -4.139589 3.406282 1.993129 -0.011490 0.072866 -0.337226 0.938529
32.000000 -4.270833 3.207777 1.997356 0.008767 -0.032395 -0.444197 0.895300
32.200000 -4.307617 3.098016 2.000744 -0.121128 0.150311 -0.477959 0.856907
32.600000 -4.086431 2.894612 2.008985 0.104331 -0.124835 -0.546877 0.821253
32.850000 -4.056002 2.739578 2.020174 0.057536 -0.135238 -0.566452 0.810884
33.000000 -4.151670 2.667415 2.003208 0.007807 0.051572 -0.550951 0.832906
33.650000 -4.266583 2.289109 1.993124 -0.142295 -0.119735 -0.449305 0.873808
34.050000 -4.300714 2.397037 1.965135 0.066489 0.050709 -0.387825 0.917932
34.600000 -4.284837 2.422224 2.001556 -0.150967 -0.084504 -0.278468 0.944735
35.050000 -4.291712 2.762475 1.999876 0.003890 0.059028 -0.136012 0.988939
35.200000 -4.269560 2.897142 1.999610 -0.046516 0.029018 -0.049492 0.997269
35.400000 -4.215261 3.104399 2.000975 -0.070995 0.041645 0.085480 0.992934
35.600000 -4.133091 3.365345 2.000701 0.006343 0.064748 0.237356 0.969242
35.800000 -4.004133 3.640659 2.000616 0.048236 0.038566 0.389050 0.919144
36.000000 -3.830924 3.897589 1.999883 0.049619 0.037404 0.528573 0.846610
36.250000 -3.565490 4.188429 1.994071 -0.014056 -0.123803 0.674183 0.727979
36.400000 -3.438824 4.328846 1.988786 -0.066509 -0.178819 0.741124 0.643689
36.650000 -3.368351 4.475431 1.948665 0.019830 -0.114901 0.852682 0.509252
36.850000 -3.371668 4.505136 1.900948 0.029876 -0.016684 0.917014 0.397383
37.050000 -3.367978 4.500283 1.848538 -0.037116 0.009560 0.960988 0.273922
37.250000 -3.384542 4.503002 1.791317 -0.103217 -0.045276 0.983208 0.143519
37.450000 -3.476357 4.487684 1.727220 0.083862 0.099067 -0.991461 -0.012532
37.600000 -3.592663 4.432544 1.673832 0.043395 0.093594 -0.990795 0.087654
37.800000 -3.773273 4.293767 1.600684 -0.014021 0.054775 -0.974244 0.218292
38.050000 -3.979388 4.060253 1.514292 -0.013062 0.031611 -0.930860 0.363772
38.250000 -4.121532 3.848356 1.449027 0.011510 0.052554 -0.885422 0.461663
38.450000 -4.249587 3.598953 1.386359 -0.012153 0.076548 -0.836117 0.543047
38.800000 -4.381887 3.070133 1.277076 -0.034358 0.025826 -0.759261 0.649366
39.200000 -4.416514 2.448796 1.156920 -0.001040 0.005814 -0.702220 0.711936
39.600000 -4.421621 1.826410 1.056751 -0.004869 0.010063 -0.683641 0.729733
40.050000 -4.392370 1.112374 1.003217 0.001753 0.001596 -0.700190 0.713952
40.400000 -4.365307 0.553525 1.017121 0.003313 -0.001311 -0.726977 0.686652
40.800000 -4.346168 -0.087997 1.078499 0.003826 -0.015644 -0.767242 0.641156
41.200000 -4.366953 -0.708050 1.145290 0.047773 -0.037903 -0.842144 0.535793
41.450000 -4.448483 -1.085939 1.171994 0.070039 -0.030046 -0.909907 0.407751
41.600000 -4.540742 -1.312600 1.182467 0.054416 -0.025796 -0.951981 0.300175
41.800000 -4.705450 -1.609065 1.196466 0.031889 -0.034175 -0.990455 0.129668
42.000000 -4.900483 -1.885065 1.195779 -0.063984 0.101368 0.991561 0.049369
42.200000 -5.121862 -2.096692 1.149434 0.107374 0.104094 0.957759 0.245625
42.400000 -5.273694 -2.236341 1.119270 0.136792 0.210533 0.906306 0.339962
42.600000 -5.272846 -2.284918 1.072795 0.057663 0.367640 0.870250 0.322771
42.800000 -5.151391 -2.103083 1.030868 -0.144349 -0.237568 0.916685 0.287076
43.200000 -5.388473 -2.153079 1.156915 0.009920 -0.164698 0.950697 0.262586
43.450000 -5.679261 -2.501299 1.219555 0.029228 0.275851 0.900345 0.335308
43.650000 -5.806794 -2.624583 1.299737 -0.071035 0.317197 0.858469 0.396701
43.800000 -5.857519 -2.555369 1.315356 -0.112035 0.155009 0.837470 0.511922
44.000000 -5.930411 -2.333630 1.336763 0.044877 -0.132487 0.778291 0.612124
44.200000 -6.030190 -2.169812 1.375185 0.145439 -0.022570 0.716361 0.682030
44.600000 -6.054337 -2.085732 1.400739 0.058095 0.051688 0.621423 0.779607
45.000000 -5.883945 -2.106632 1.369021 0.087507 -0.025007 0.449293 0.888736
45.200000 -5.794074 -2.193877 1.340570 0.066204 0.047646 0.325862 0.941892
45.400000 -5.661199 -2.323809 1.304874 0.026537 0.025565 0.171493 0.984496
45.650000 -5.461071 -2.517257 1.257750 0.071039 -0.015380 -0.041048 0.996510
45.850000 -5.312354 -2.723180 1.219550 0.053748 0.009011 -0.208457 0.976512
46.050000 -5.167371 -2.973923 1.181368 0.012775 0.009326 -0.366452 0.930302
46.250000 -5.019983 -3.241333 1.148529 0.028295 -0.001376 -0.502264 0.864250
46.400000 -4.915650 -3.453389 1.134062 0.040701 -0.023906 -0.586846 0.808321
46.600000 -4.805471 -3.749518 1.126776 0.035388 -0.037729 -0.676395 0.734720
47.000000 -4.688759 -4.260517 1.142193 -0.074900 -0.101914 -0.772678 0.622071
47.200000 -4.651163 -4.382532 1.150658 0.005126 0.025032 -0.777987 0.627760
47.400000 -4.604527 -4.505084 1.163447 0.086938 0.073179 -0.749192 0.652532
47.800000 -4.557722 -4.922450 1.157075 -0.029559 -0.054637 -0.714544 0.696827
48.200000 -4.553930 -5.290816 1.107499 0.037255 0.077199 -0.890100 0.447631
48.450000 -4.548747 -5.593902 1.083004 0.070847 -0.014751 -0.974040 0.214497
48.600000 -4.581119 -5.791817 1.080612 0.098995 -0.083852 -0.987018 0.094685
48.850000 -4.732176 -6.051787 1.086172 -0.049044 0.073624 0.993129 0.076613
49.000000 -4.858499 -6.157640 1.093828 0.025590 0.062616 0.982901 0.171258
49.200000 -5.002529 -6.258047 1.113788 0.114732 0.060927 0.948642 0.288448
49.400000 -5.054260 -6.328050 1.131553 0.045904 0.082420 0.918137 0.384870
49.600000 -5.042882 -6.355585 1.148599 -0.041207 0.070217 0.873570 0.479841
49.800000 -5.024894 -6.324411 1.164411 -0.036290 0.040718 0.815734 0.575850
50.000000 -5.008317 -6.247749 1.178286 0.029053 0.058620 0.745383 0.663419
50.200000 -4.953641 -6.146282 1.191909 0.002127 0.081904 0.669235 0.738520
50.400000 -4.851829 -6.007224 1.203191 -0.061322 0.053228 0.584896 0.807034
50.600000 -4.737537 -5.808255 1.212501 -0.055018 0.005370 0.498677 0.865023
51.000000 -4.544360 -5.319381 1.230461 -0.008033 0.032593 0.332838 0.942386
51.400000 -4.294255 -4.800559 1.244391 0.046827 0.027595 0.193903 0.979514
51.800000 -3.918882 -4.379215 1.253562 0.041767 0.071345 0.098306 0.991716
52.200000 -3.361773 -4.104805 1.275154 0.060324 0.029943 0.035784 0.997088
52.600000 -2.718544 -3.996491 1.287722 0.041762 -0.035164 0.003144 0.998504
53.050000 -2.058907 -4.014316 1.264223 0.009572 -0.049725 0.019900 0.998519
53.650000 -1.560566 -4.137998 1.215639 -0.008350 -0.017608 0.154219 0.987844
54.000000 -1.473986 -4.217296 1.213761 -0.040735 -0.113686 0.267057 0.956084
54.400000 -1.606294 -4.277064 1.234800 -0.033381 -0.008982 0.389913 0.920203
54.800000 -1.863140 -4.260834 1.296769 -0.056889 -0.044559 0.505684 0.859687
55.200000 -2.318032 -4.150818 1.400543 -0.027616 0.020822 0.601312 0.798265
55.450000 -2.608585 -4.046972 1.482301 0.136627 0.073230 0.622182 0.767372
56.000000 -2.791665 -3.949688 1.562266 0.007501 -0.012865 0.600326 0.799616
56.400000 -2.764673 -3.941794 1.525058 0.054267 0.076363 0.469508 0.877944
56.650000 -2.626515 -3.966798 1.465574 0.014767 0.033856 0.356281 0.933648
56.850000 -2.472702 -3.987983 1.406497 0.020917 0.022072 0.259384 0.965295
57.200000 -2.131512 -4.047094 1.292435 0.004169 0.058619 0.103253 0.992918
57.650000 -1.528974 -4.129470 1.147890 -0.004791 0.007593 -0.044080 0.998988
58.000000 -1.054622 -4.180881 1.072232 -0.001358 -0.145899 -0.081380 0.985946
58.450000 -0.743176 -4.203122 1.036318 -0.013318 0.009666 -0.020366 0.999657
58.800000 -0.576193 -4.183525 1.049389 -0.021601 -0.143428 0.122173 0.981853
59.050000 -0.615682 -4.160258 1.058997 -0.002170 -0.007661 0.250686 0.968036
59.200000 -0.665907 -4.146468 1.069589 0.003807 -0.012073 0.337292 0.941315
59.450000 -0.769325 -4.129499 1.093846 -0.032963 -0.082471 0.481197 0.872101
59.600000 -0.873592 -4.125260 1.108597 -0.029023 -0.072153 0.564522 0.821746
59.800000 -1.064075 -4.130851 1.128132 -0.010979 -0.038752 0.664953 0.745799
60.000000 -1.288163 -4.149238 1.150851 -0.028862 -0.017130 0.747204 0.663747
60.200000 -1.538508 -4.165136 1.175665 -0.051634 -0.003765 0.810990 0.582765
60.650000 -2.209072 -4.120568 1.229153 -0.017562 0.045605 0.897852 0.437576
61.050000 -2.826259 -3.928262 1.264869 -0.016891 0.055682 0.919888 0.387841
61.400000 -3.341198 -3.618090 1.276974 0.026906 0.049956 0.906048 0.419353
61.850000 -3.861479 -3.092890 1.267801 -0.000146 0.078728 0.834015 0.546096
62.200000 -4.138897 -2.560937 1.244891 0.044775 0.013829 0.753243 0.656071
62.600000 -4.326512 -1.969748 1.211798 0.043371 0.053522 0.696963 0.713791
63.000000 -4.326093 -1.375991 1.155669 0.024872 0.003873 0.693143 0.720360
63.200000 -4.284521 -1.078550 1.139713 0.115630 -0.107053 0.686662 0.709694
63.400000 -4.246217 -0.882072 1.129871 -0.037462 -0.099068 0.696882 0.709322
63.600000 -4.271252 -0.732015 1.106725 -0.065311 0.022932 0.703110 0.707704
64.250000 -4.352478 -0.014309 1.061063 0.030462 -0.042173 0.860138 0.507402
64.400000 -4.346786 0.125670 1.057467 0.001195 -0.008357 0.915248 0.402803
64.650000 -4.340786 0.350877 1.063314 -0.013856 0.011141 0.982140 0.187307
64.850000 -4.345090 0.541361 1.076409 0.002122 0.035432 -0.999370 0.000629
65.000000 -4.350377 0.671642 1.088355 0.001284 0.061148 -0.988126 0.140948
65.200000 -4.353293 0.807036 1.102543 0.005847 0.038943 -0.945416 0.323478
65.450000 -4.349665 0.927502 1.118669 0.032920 0.051231 -0.857296 0.511210
65.600000 -4.347430 0.969579 1.126537 0.041874 0.046053 -0.812618 0.579463
66.400000 -4.350647 0.815517 1.112444 0.002388 -0.020844 -0.829263 0.558465
66.600000 -4.355529 0.721984 1.091327 0.056138 0.152129 -0.815767 0.555184
67.050000 -4.347681 0.185042 1.020018 -0.006119 -0.023237 -0.748572 0.662617
67.400000 -4.350587 -0.295643 0.981575 0.033338 0.026378 -0.648091 0.760375
67.800000 -4.339455 -0.934451 0.955722 -0.014659 0.007222 -0.521302 0.853216
68.200000 -4.285330 -1.589904 0.955711 -0.006466 0.027446 -0.405307 0.913746
68.600000 -4.146056 -2.247518 0.970514 -0.019135 0.028602 -0.307869 0.950806
69.000000 -3.901117 -2.880292 0.980395 -0.037486 0.040655 -0.227511 0.972204
69.400000 -3.510866 -3.424404 0.975006 -0.062874 0.033416 -0.161414 0.984315
69.800000 -2.987513 -3.805847 0.959380 -0.048119 0.016982 -0.112903 0.992295
70.250000 -2.311089 -4.058531 0.971689 -0.034960 -0.002077 -0.087721 0.995529
70.600000 -1.776834 -4.157024 1.015831 -0.017268 0.000007 -0.103106 0.994520
71.050000 -1.084793 -4.219648 1.081949 -0.007855 -0.000788 -0.172662 0.984949
71.600000 -0.235891 -4.250629 1.157227 -0.006466 -0.004681 -0.304224 0.952567
72.000000 0.374256 -4.240843 1.156824 0.022685 0.014647 -0.416465 0.908750
72.400000 0.969095 -4.280248 1.051128 0.021392 -0.082071 -0.537036 0.839285
72.800000 1.401334 -4.272030 1.007757 0.005730 -0.006661 -0.653734 0.756673
73.000000 1.586460 -4.233305 1.011580 0.099432 -0.002453 -0.745875 0.658618
73.200000 1.717684 -4.239070 1.025808 0.158361 -0.026470 -0.822216 0.546060
73.600000 1.673986 -4.347066 1.037133 -0.005644 -0.019627 -0.875863 0.482127
74.000000 1.530496 -4.456884 1.055194 0.102412 0.037077 -0.791824 0.600959
74.650000 1.194024 -5.033988 1.086300 -0.048590 0.078808 -0.780703 0.618006
75.000000 1.162441 -5.455300 1.080279 0.049944 -0.005362 -0.875830 0.479999
75.200000 1.134764 -5.724105 1.077095 0.041752 -0.083859 -0.921279 0.377450
75.450000 1.036244 -6.001459 1.084538 -0.050636 -0.077151 -0.969091 0.228792
75.600000 0.982201 -6.117010 1.101856 -0.050700 -0.044202 -0.989793 0.125642
75.800000 0.938365 -6.231737 1.154328 -0.046229 0.011720 0.998365 0.031505
76.000000 0.868146 -6.329286 1.257788 -0.099207 0.006676 0.973566 0.205625
76.200000 0.726794 -6.409095 1.390666 0.031279 -0.023617 0.930845 0.363306
76.400000 0.586342 -6.503709 1.535523 0.125985 -0.007698 0.862471 0.490114
76.600000 0.513610 -6.643347 1.656653 0.030026 0.076785 0.816343 0.571653
76.800000 0.495959 -6.759556 1.754631 -0.100760 0.121028 0.772303 0.615425
77.200000 0.490249 -6.698373 1.849026 0.069563 0.042463 0.715805 0.693527
77.850000 0.832855 -6.309766 1.750666 -0.075729 0.000650 0.595650 0.799666
78.200000 1.003338 -5.905624 1.620528 -0.012564 0.034920 0.495002 0.868099
78.600000 1.213913 -5.367271 1.459014 -0.008521 0.011960 0.355320 0.934629
79.000000 1.476398 -4.783083 1.306726 0.070316 0.067993 0.205471 0.973763
79.400000 1.921318 -4.348404 1.170342 0.062092 0.003498 0.047875 0.996915
79.850000 2.521501 -4.058410 1.030857 0.033103 0.040635 -0.106007 0.992983
80.200000 3.063620 -3.957498 0.948481 0.055850 -0.008056 -0.200085 0.978152
80.600000 3.667267 -3.992915 0.956995 0.008301 0.014382 -0.258081 0.965981
81.000000 4.275420 -4.120240 1.008582 0.083752 0.015445 -0.243416 0.966176
81.200000 4.574686 -4.255952 1.030332 -0.100799 -0.019523 -0.226225 0.968649
81.600000 5.177943 -4.292301 1.080008 0.011508 0.000827 -0.203779 0.978949
82.000000 5.687426 -4.221835 1.218350 -0.019944 -0.138214 -0.257186 0.956219
82.200000 5.806289 -4.170369 1.288909 -0.052173 0.005250 -0.298151 0.953077
82.600000 6.016547 -4.008389 1.432005 0.099048 -0.098672 -0.411803 0.900484
83.000000 5.971470 -3.938665 1.538290 0.007746 -0.005890 -0.560564 0.828054
83.400000 5.791303 -3.910531 1.603019 0.095593 -0.008744 -0.690344 0.717084
83.850000 5.391122 -4.053614 1.601554 0.008409 0.038749 -0.773944 0.632011
84.450000 4.877695 -4.527263 1.489218 -0.011660 0.064638 -0.727801 0.682636
84.800000 4.721225 -4.971033 1.371967 -0.023594 0.050771 -0.622324 0.780755
85.000000 4.694535 -5.243382 1.300079 -0.037555 0.018608 -0.537684 0.842104
85.200000 4.699134 -5.501839 1.234827 -0.073429 0.008696 -0.439488 0.895200
85.450000 4.751058 -5.757343 1.171057 -0.069505 0.029076 -0.315056 0.946078
85.800000 4.943809 -6.022656 1.123569 -0.009225 0.040933 -0.215736 0.975550
86.050000 5.141510 -6.204722 1.118013 -0.041761 -0.155754 -0.148957 0.975607
86.400000 5.191831 -6.337152 1.130743 -0.046615 0.022468 -0.134171 0.989606
86.800000 5.186962 -6.342664 1.168988 -0.043499 -0.129535 -0.111468 0.984329
87.200000 4.991509 -6.176704 1.203572 -0.046654 0.056297 -0.060669 0.995476
87.600000 4.844102 -5.843627 1.222347 -0.065188 -0.002939 0.067306 0.995596
88.050000 4.745851 -5.269228 1.209694 -0.005893 0.080776 0.252855 0.964108
88.400000 4.829319 -4.732426 1.169695 0.010381 0.036902 0.398718 0.916272
88.800000 5.054051 -4.093453 1.117307 0.022627 0.031888 0.541597 0.839728
89.200000 5.391032 -3.458298 1.073176 -0.007083 -0.009863 0.653843 0.756533
89.650000 5.743183 -2.751914 1.056913 -0.009290 -0.043842 0.736724 0.674706
90.050000 5.936745 -2.160994 1.064912 -0.062344 -0.043128 0.747633 0.659771
90.400000 5.931918 -1.629842 1.055497 -0.024072 -0.039912 0.817180 0.574495
90.600000 5.878275 -1.342252 1.044801 -0.031534 -0.025525 0.874703 0.482958
91.050000 5.631366 -0.705031 1.023890 -0.059676 0.018084 0.942989 0.326931
91.400000 5.304655 -0.148542 1.023292 -0.001451 -0.013241 0.943314 0.331634
91.850000 4.837237 0.553275 1.051446 -0.036599 -0.012812 0.909637 0.413590
92.200000 4.407848 1.096363 1.080827 -0.026075 -0.016626 0.885122 0.464330
92.600000 3.827401 1.715635 1.113614 0.000473 0.000841 0.848514 0.529172
93.050000 3.165098 2.412169 1.230646 0.134973 -0.000021 0.776445 0.615561
93.250000 2.949752 2.650958 1.323714 0.426741 -0.069507 0.657430 0.617127
93.650000 3.113150 2.481071 1.249339 -0.069248 0.020753 0.756209 0.650324
93.850000 3.307681 2.316339 1.239759 -0.308267 0.041250 0.712921 0.628501
94.050000 3.341808 2.328278 1.217911 -0.105839 -0.099496 0.762998 0.629867
94.250000 3.261428 2.361153 1.206044 0.165744 -0.033531 0.762053 0.625043
94.450000 3.230029 2.307565 1.204129 0.087659 0.098682 0.771551 0.622324
94.650000 3.295540 2.244524 1.198234 -0.090375 0.057577 0.776390 0.621077
94.850000 3.355431 2.256914 1.197041 -0.103728 -0.041739 0.771650 0.626143
95.050000 3.337158 2.296959 1.192967 0.039039 -0.082802 0.777451 0.622246
95.250000 3.296936 2.282232 1.191158 0.075522 0.038327 0.774148 0.627314
95.650000 3.333725 2.245661 1.189027 -0.048321 -0.008837 0.775189 0.629817
