0.800000 0.500000 1.000000 1.000000 -0.000000 -0.000000 -0.000000 1.000000
6.400000 0.438313 1.068758 1.041076 -0.148826 -0.170060 0.029107 0.973696
6.650000 0.233412 1.264540 1.003711 0.143082 0.156807 0.028046 0.976807
6.850000 0.136684 1.360797 0.988125 0.071263 0.103128 0.048487 0.990926
7.000000 0.125854 1.391576 0.975080 -0.350445 -0.362477 0.035268 0.862876
7.250000 -0.237874 1.713199 0.903830 0.204414 0.022085 0.069365 0.976174
7.450000 -0.638826 1.873055 0.988822 0.154297 0.142399 0.056215 0.976092
7.850000 -1.080911 1.830277 1.200266 -0.018527 0.046716 -0.030472 0.998271
8.050000 -1.203772 1.789336 1.282744 0.047096 -0.028775 -0.053539 0.997039
8.400000 -1.410202 1.624904 1.396675 0.037429 0.106908 -0.072377 0.990924
8.650000 -1.449856 1.438087 1.448712 -0.119577 -0.048599 -0.057058 0.989992
9.200000 -1.577872 1.387625 1.483583 -0.014507 0.028966 0.054351 0.997996
9.650000 -1.613254 1.543187 1.484270 -0.037915 0.007343 0.277169 0.960045
9.850000 -1.635177 1.689070 1.479632 -0.021773 0.011084 0.404081 0.914397
10.050000 -1.655918 1.855789 1.475253 -0.054176 0.037081 0.531300 0.844636
10.250000 -1.675589 2.068458 1.467662 -0.058335 0.028698 0.650680 0.756564
10.450000 -1.705459 2.330266 1.448911 -0.050168 0.019275 0.752346 0.656573
10.650000 -1.752983 2.628106 1.419456 -0.011547 -0.002160 0.832676 0.553635
10.850000 -1.811001 2.934537 1.390658 -0.002288 -0.013695 0.890307 0.455150
11.050000 -1.875897 3.234113 1.367793 -0.017241 -0.005423 0.930135 0.366771
11.450000 -2.043853 3.837710 1.337069 -0.000999 -0.000069 0.974651 0.223730
11.850000 -2.247365 4.450124 1.261105 -0.024426 -0.016266 0.992355 0.119873
12.200000 -2.449363 4.941015 1.088130 0.099624 -0.110323 0.988300 0.034147
12.650000 -2.469273 5.273832 0.922464 0.044384 -0.071777 -0.995381 0.045768
13.250000 -2.590517 5.887147 0.918226 -0.115687 0.029918 -0.992815 -0.006290
13.450000 -2.563405 6.126244 0.878309 -0.011157 -0.137146 0.989460 0.045118
13.600000 -2.536265 6.245365 0.849248 0.129066 0.118293 -0.981636 -0.075759
14.050000 -2.786981 6.369698 0.817523 -0.110336 -0.022918 -0.992168 -0.053890
14.250000 -2.880276 6.415687 0.849394 -0.159402 -0.004912 -0.986173 -0.045043
14.600000 -2.784288 6.476735 0.950010 0.002355 -0.039602 0.992945 0.111742
15.050000 -2.580650 6.444344 1.206487 0.067472 0.039175 0.917602 0.389769
15.200000 -2.476737 6.432342 1.305465 0.075708 0.056440 0.855448 0.509207
15.450000 -2.217472 6.419641 1.466884 0.036159 0.025587 0.709860 0.702948
15.650000 -1.962332 6.406154 1.588705 0.009740 0.013977 0.558415 0.829387
15.850000 -1.691337 6.392333 1.693727 -0.012438 0.033221 0.392194 0.919198
16.050000 -1.402463 6.393389 1.772417 -0.019553 0.036610 0.227267 0.972948
16.250000 -1.092699 6.412430 1.823794 0.019645 -0.010998 0.077715 0.996721
16.450000 -0.784568 6.422090 1.853918 0.040359 -0.015557 -0.050054 0.997809
16.650000 -0.488444 6.405743 1.861829 -0.006907 -0.001791 -0.150797 0.988539
17.050000 0.103962 6.395144 1.816093 -0.006567 0.010391 -0.271710 0.962301
17.450000 0.720829 6.399872 1.662040 0.005858 -0.007339 -0.297047 0.954817
17.800000 1.256257 6.398017 1.401643 -0.024319 -0.033123 -0.263966 0.963656
18.250000 1.844399 6.501578 0.900901 0.019271 -0.077677 -0.201493 0.976215
18.450000 2.026614 6.573926 0.670101 -0.135950 0.092533 -0.197057 0.966501
18.850000 2.443078 6.777752 0.427163 0.100546 -0.188540 -0.267297 0.939625
19.200000 2.416645 6.794884 0.321222 -0.081588 0.220438 -0.331807 0.913594
19.400000 2.500227 6.792682 0.316877 -0.186818 0.565945 -0.243637 0.765145
19.650000 3.338469 6.848317 0.080807 -0.228923 0.282395 0.129585 0.922527
19.800000 4.264369 7.132459 0.030855 -0.298298 -0.052912 0.426552 0.852216
20.000000 5.358016 7.780000 0.122477 -0.211365 -0.307600 0.747363 0.549687
20.250000 6.206333 8.467707 0.314858 -0.137498 -0.356143 0.843764 0.377251
20.450000 6.540071 8.707094 0.497281 -0.066948 -0.375243 0.806231 0.452440
20.650000 6.613738 8.640099 0.690730 0.031438 -0.380325 0.679207 0.626931
20.850000 6.454401 8.275746 0.871177 0.161435 -0.345397 0.453739 0.805457
21.050000 6.110004 7.655419 0.978908 0.190118 -0.192601 0.229943 0.934819
21.250000 5.665900 6.884599 1.048592 -0.288746 0.212777 0.051691 0.932030
21.400000 5.397761 6.408002 1.106548 -0.267105 0.172662 -0.064255 0.945893
21.600000 5.182849 5.972600 1.135445 -0.361322 0.166427 -0.127023 0.908633
22.000000 5.208336 5.848534 1.006537 -0.039112 -0.087074 -0.114730 0.988800
22.200000 5.256414 6.005957 0.995468 0.185954 -0.163881 -0.140800 0.958509
22.650000 4.958951 6.019567 0.980893 -0.100212 -0.008013 -0.147640 0.983919
22.850000 4.798624 6.056738 0.987136 0.021361 -0.068499 -0.162870 0.984035
23.000000 4.650132 6.094097 0.992274 0.113170 -0.055585 -0.180965 0.975374
23.200000 4.402820 6.085816 0.993646 0.049792 -0.018158 -0.208674 0.976548
23.400000 4.127478 6.031506 0.991685 0.023043 0.004099 -0.240391 0.970394
23.600000 3.848585 5.956038 0.989596 0.045285 0.035042 -0.274143 0.959983
23.850000 3.522770 5.805748 0.984716 0.043107 0.068555 -0.318923 0.944315
